100
0.0 49.6488 90.05 94.0479 58.0 43.0116 122.4296 111.072 90.471 59.1354 39.2046 53.1507 88.0568 126.2101 111.7229 61.0574 42.5441 104.2353 31.6228 82.807 60.407 77.2334 77.4145 114.56 61.327 106.6208 63.7809 70.0286 12.0416 23.0868 31.3847 105.5509 102.8834 85.703 75.2861 46.6154 66.6408 101.0445 119.2812 33.0 112.8007 109.5536 72.4224 123.0447 83.3607 61.2944 25.807 33.2866 51.0392 68.4471 98.4124 47.5184 72.7324 59.0 94.0213 73.5459 72.45 84.1546 115.421 101.9215 31.6228 100.4241 44.8219 30.6757 57.3149 94.0479 25.02 87.2067 99.0202 127.2871 21.4009 33.1361 50.1597 114.2366 79.9062 99.7046 73.7631 56.0089 95.8801 96.8969 91.8368 5.0 58.8727 81.3019 70.8378 117.0342 93.3006 46.6476 49.6488 95.5092 64.3817 45.7056 22.561 39.3954 47.676 123.1666 92.1954 75.5381 72.0902 16.6433 
49.6488 0.0 42.45 46.3249 35.171 36.1248 88.7694 77.8332 84.7585 15.6205 10.7703 5.6569 81.2712 85.8021 77.0779 24.1868 44.5533 84.0 44.7772 49.4773 56.9386 50.04 34.6699 80.2309 53.6656 59.6406 34.0147 77.801 40.0 30.8869 38.0789 68.8767 55.2268 36.1386 50.01 46.7547 55.7136 62.6498 77.4661 17.8885 72.6705 83.863 35.4401 87.2067 33.7343 68.2495 28.8617 36.8917 63.7024 24.6982 79.0569 57.3149 66.3099 12.8062 66.6108 24.0416 64.622 36.6197 85.8662 52.9245 19.105 51.264 24.4131 20.0998 31.7805 45.2769 25.632 89.9444 60.4152 92.1358 32.3883 52.3546 12.0416 70.0071 48.6621 66.4078 69.3542 67.8823 52.4976 75.0067 67.1193 46.3249 54.7083 61.2944 23.4307 78.8923 83.678 40.6079 21.5407 85.3756 15.0333 16.4924 27.1662 43.2782 56.5862 85.9593 62.9682 78.032 61.3514 40.4475 
90.05 42.45 0.0 4.0 67.2681 75.2928 93.2631 85.1587 114.2016 31.0161 51.4782 37.6563 110.6029 80.6226 82.7345 51.6624 84.22 103.4698 86.539 65.7419 92.1954 72.4017 45.6508 85.5862 87.7838 45.7056 61.5549 114.3372 81.7435 68.1175 79.8499 73.8241 40.4475 20.8806 74.0608 85.44 87.6926 66.9104 71.4493 57.0789 71.0 98.3717 54.6443 89.0225 19.6977 105.603 71.3092 78.3901 103.2473 42.5206 100.1798 96.8969 98.3514 31.1448 83.3847 25.4558 96.2601 33.8378 95.901 32.0156 61.3922 29.8329 63.1348 62.3699 63.7809 7.2111 65.0308 123.1097 65.1153 94.0053 74.7329 94.1541 40.0125 60.6712 67.6018 76.6551 101.8627 106.7801 51.4782 94.8472 86.3308 86.0 90.1388 85.9826 34.7131 79.0063 110.9414 78.7718 57.9828 112.058 27.8568 45.2769 68.469 83.6481 96.0417 86.0058 78.924 112.45 92.0978 82.7647 
94.0479 46.3249 4.0 0.0 70.2922 78.7718 93.6483 85.9069 116.6619 35.0143 55.4437 41.5933 113.0708 80.2247 83.3607 54.6717 87.7097 105.119 90.2497 67.6018 95.268 74.6324 47.7074 86.1452 90.7855 45.1774 64.3506 117.4436 85.7088 72.111 83.5703 74.5252 40.05 22.3607 76.4003 88.8369 90.5207 67.6831 71.1126 61.0737 71.1126 99.6243 57.0088 89.202 21.6333 108.8118 75.1864 82.0792 106.6771 45.2548 102.0 100.3444 101.1187 35.1283 85.0 28.4253 99.0051 35.3412 96.7729 31.257 65.307 29.1548 66.6483 66.2873 66.8431 6.0 69.029 125.873 65.9697 94.1329 78.6448 97.8621 44.0114 60.208 69.6419 77.7946 104.6518 110.1363 52.1728 96.6023 88.1192 90.0 93.2363 88.2326 37.4833 79.1581 113.2254 82.1523 61.4003 114.2847 31.6228 49.2544 72.4431 87.2067 99.4786 86.0523 80.5295 115.3646 94.7945 86.6833 
58.0 35.171 67.2681 70.2922 0.0 16.5529 64.4438 53.0754 49.7695 49.7695 38.0132 40.1622 46.2385 69.4622 53.7587 15.6205 23.1948 50.8035 32.311 25.2389 25.0 19.4165 28.4429 56.5685 20.5183 58.0 8.0 47.2017 46.0109 52.2015 28.3019 48.0104 56.2228 50.6063 17.8885 22.0227 21.095 44.2945 63.561 42.5793 56.356 53.3104 19.0 65.1153 49.93 38.9487 33.0151 26.0768 39.0512 25.5539 45.3982 33.3766 31.9061 46.0977 36.7151 41.8688 30.0167 41.1096 57.9828 59.6657 33.5261 59.203 14.8661 33.8378 3.6056 66.6108 45.5412 56.4004 42.4853 69.2965 37.0135 38.0789 47.0744 60.8769 22.0227 41.7253 35.2278 41.4367 43.4166 42.2019 35.4683 57.6281 23.0217 27.1662 33.0151 59.6406 48.5077 16.1245 14.0357 50.2195 42.4382 50.2494 41.1461 24.7386 32.3883 65.437 34.4093 45.2769 26.4008 41.7732 
43.0116 36.1248 75.2928 78.7718 16.5529 0.0 79.9312 68.6804 53.1507 51.7397 34.0147 41.7732 50.04 85.9593 69.6563 27.1662 8.9443 61.8466 15.8114 41.6773 22.561 34.7131 43.0465 72.3464 21.0 73.3348 24.0416 41.8808 31.3847 42.107 12.0416 64.3506 71.0282 61.6847 32.5269 10.6301 25.318 60.8276 80.1124 35.9026 72.8972 66.5733 34.7131 81.0555 60.407 32.2025 20.3961 9.8995 28.0179 37.4833 56.0803 21.6333 34.0588 48.7955 51.0882 51.0784 33.0 54.3323 72.4707 73.3348 25.4951 72.5603 12.2066 25.318 17.4642 76.0592 36.0 55.3624 59.0339 85.0412 23.4094 22.0907 46.3249 77.201 38.2753 57.6281 36.3456 31.8904 59.439 54.1202 48.8262 43.4166 20.3961 38.4708 43.6807 76.0066 54.0833 5.099 17.4642 56.1427 48.0104 47.4236 30.1496 9.0554 20.8087 81.6088 49.4975 43.0813 31.257 26.4008 
122.4296 88.7694 93.2631 93.6483 64.4438 79.9312 0.0 11.4018 62.0322 97.0155 96.6023 91.0824 60.208 21.4009 11.7047 65.7647 83.4086 34.0588 94.4934 40.4969 71.1196 45.2548 55.0818 8.544 67.2309 50.2892 59.4054 83.4326 110.4536 114.5862 91.9674 20.3961 54.5711 73.0068 47.4236 80.2122 61.7738 27.2947 26.6271 102.9563 23.0868 22.0227 53.6656 6.4031 75.0067 82.28 97.3088 89.8276 89.8999 64.5136 37.1214 87.3212 63.5689 93.145 29.6816 75.8024 62.0322 61.131 12.0416 63.7887 95.9635 65.5134 78.4092 96.5194 65.437 87.6926 107.912 77.0584 29.4279 6.0828 101.415 98.2293 99.6243 36.6742 42.8019 23.0217 65.8027 88.7694 42.0 33.7343 33.541 122.0246 71.1969 45.1774 68.884 15.2315 55.0091 77.3369 74.8866 54.0093 85.1469 105.1095 104.6231 86.0523 86.4523 10.6301 30.4795 75.505 59.0931 106.0754 
111.072 77.8332 85.1587 85.9069 53.0754 68.6804 11.4018 0.0 55.4437 86.6833 85.4283 80.3617 53.1507 24.3311 3.6056 54.5619 72.4224 29.1548 83.4086 29.1548 60.9262 33.9706 44.7214 4.1231 56.7979 44.7772 48.0104 74.8131 99.0858 103.2473 80.7217 11.4018 48.3322 64.4981 36.2353 69.3397 51.4782 18.2483 25.5539 91.7061 19.105 18.0278 42.5441 13.0 66.2722 72.8011 85.9127 78.5684 79.8499 53.8516 30.5941 76.922 54.3415 82.7647 19.3132 66.1211 52.6308 52.0865 11.1803 57.3847 84.5991 58.8727 67.0075 85.1469 54.037 80.05 96.566 70.2567 20.0998 16.4012 90.0278 87.367 88.8876 33.2415 31.4006 11.6619 56.8859 79.0569 33.7343 26.0768 23.7697 110.6345 60.8358 35.1141 58.6941 13.9284 48.6621 66.2193 63.5138 48.0521 74.9667 94.2444 93.2309 75.0 76.0263 15.1327 19.4165 67.2681 49.3356 94.7523 
90.471 84.7585 114.2016 116.6619 49.7695 53.1507 62.0322 55.4437 0.0 99.5389 85.9069 89.8888 3.6056 79.7621 58.6941 64.0078 49.163 28.2843 59.0339 51.225 31.0161 42.4264 69.3542 59.3043 32.249 89.6939 53.3385 26.1725 80.895 95.0053 61.2046 60.7289 90.6973 94.921 40.3609 45.0999 29.1204 63.1585 79.555 88.8144 71.8401 40.1123 59.6657 67.0298 95.1315 30.8869 73.0 60.075 41.5933 71.8471 25.02 43.3244 19.105 95.8541 39.5601 89.0505 20.3961 82.7345 50.0899 97.6166 78.5175 98.0816 61.6117 78.4092 53.3104 112.0446 89.0898 15.0333 63.0714 68.0661 75.1066 57.8705 96.4624 83.9345 48.1664 51.8652 17.0294 37.7359 73.7835 29.4279 34.5398 92.5743 33.0 29.0689 79.6304 69.0507 7.0711 48.0937 63.2456 8.544 91.7061 98.9545 83.006 52.2398 43.0116 70.1783 42.9535 17.6918 23.4094 74.9667 
59.1354 15.6205 31.0161 35.0143 49.7695 51.7397 97.0155 86.6833 99.5389 0.0 21.5407 10.0 96.0052 90.7855 85.3756 36.6742 60.1082 96.5194 59.6406 60.0333 72.4017 62.514 41.9762 88.5268 68.9638 60.3075 47.2969 93.4077 51.4198 37.1214 53.0094 76.6551 55.2268 32.6497 62.9682 62.3699 70.6824 69.9214 81.8841 26.3059 78.3901 95.0211 46.0 94.5569 29.8329 83.8689 42.4853 52.0096 79.2086 33.1361 91.9239 72.8354 81.3941 4.0 78.0064 23.0217 79.6241 38.5876 95.7549 50.448 32.2025 48.4149 40.0 33.1059 46.2385 35.6931 34.1321 105.3091 67.72 99.6243 45.31 67.1193 9.0 72.9452 60.0333 75.8024 84.534 83.4506 57.2713 87.4643 79.2275 55.0091 70.1783 74.7329 28.1603 85.44 98.0306 56.2228 36.7151 99.6243 12.083 14.5602 38.0789 58.7282 72.1249 92.6984 74.0068 93.4933 76.1577 53.1413 
39.2046 10.7703 51.4782 55.4437 38.0132 34.0147 96.6023 85.4283 85.9069 21.5407 0.0 14.0 82.5651 95.1315 85.0 30.8707 41.3401 88.5664 38.9487 56.4624 56.3028 55.3173 43.9318 88.1192 53.8516 70.1783 39.0512 75.6637 30.2655 20.2485 32.5269 77.1751 65.8635 46.8402 54.7449 44.2945 56.8859 71.2811 87.046 7.2111 81.8352 89.7385 42.9418 95.5249 44.3847 65.8635 21.095 31.8904 59.8164 33.9706 83.2947 53.6004 66.9403 20.3961 72.5328 34.7851 65.5134 47.1699 92.6984 63.6946 10.8167 62.0322 24.3311 11.6619 35.1283 55.0091 14.8661 89.3197 69.0652 100.3444 23.7697 46.2277 13.6015 80.0562 55.0273 73.8241 69.6419 64.405 62.2254 79.7621 72.3671 35.6931 54.0833 65.123 33.8378 87.6584 85.7088 39.0 24.0832 87.5728 25.1794 13.4164 17.0294 39.4081 53.0094 94.578 69.2604 77.0779 62.8013 31.6228 
53.1507 5.6569 37.6563 41.5933 40.1622 41.7732 91.0824 80.3617 89.8888 10.0 14.0 0.0 86.3771 86.8217 79.3788 28.0179 50.2096 88.0909 50.2494 52.6118 62.434 54.037 36.2491 82.5409 59.0593 58.8982 38.3275 83.4086 44.1814 32.8938 43.566 70.9366 54.2033 33.6155 54.231 52.4023 60.9262 64.4748 78.2368 20.3961 73.9256 87.367 38.4708 89.1572 31.0161 73.8783 33.8378 42.4382 69.3542 26.5707 83.2947 62.9682 71.5891 7.2111 70.1783 21.9545 69.857 36.0694 88.8426 51.0 23.7697 49.1935 30.0 24.7386 36.6879 41.0122 28.4429 95.3834 62.2415 94.1541 37.108 57.8014 8.544 70.1783 52.1536 69.1231 74.686 73.5391 53.2541 79.0569 71.0 49.4975 60.208 65.7647 23.6008 80.4984 88.6002 46.2277 26.8328 90.2497 11.4018 14.4222 31.0161 48.9183 62.2415 87.6641 66.3702 83.5284 66.4831 45.1221 
88.0568 81.2712 110.6029 113.0708 46.2385 50.04 60.208 53.1507 3.6056 96.0052 82.5651 86.3771 0.0 77.4145 56.3205 60.4152 46.3897 26.9258 56.5155 47.8017 28.1603 38.8973 65.7951 57.0789 29.0689 86.4523 49.7393 25.807 78.2624 92.0054 58.4209 57.9741 87.367 91.351 36.7967 42.2966 25.7099 60.1664 76.9025 85.5862 69.1231 38.4708 56.0803 65.0077 91.5478 29.4109 70.0286 57.2189 39.9625 68.2422 23.0868 41.2311 16.0 92.3093 36.6879 85.4459 17.1172 79.196 48.3735 94.2019 75.326 94.6414 58.2495 75.2396 49.7695 108.4666 86.0233 17.1172 60.0083 66.2722 72.2496 55.7136 93.0054 80.9938 44.6878 49.0408 14.3178 36.4005 70.4911 27.074 31.6228 90.0278 30.0666 25.6125 76.0263 66.6108 6.4031 45.0111 59.7746 8.4853 88.1192 95.5667 80.0062 49.4975 40.8534 68.0294 39.9249 17.2047 19.9249 72.3671 
126.2101 85.8021 80.6226 80.2247 69.4622 85.9593 21.4009 24.3311 79.7621 90.7855 95.1315 86.8217 77.4145 0.0 21.095 65.7951 91.2853 53.1601 101.5332 44.2945 82.4621 52.5547 51.225 20.6155 77.8845 35.0571 62.6817 98.2497 114.2016 114.6298 97.7548 22.1359 40.1995 62.0967 55.3624 88.7694 73.0068 25.2389 9.2195 102.0686 13.4536 41.4367 53.9073 15.0 64.56 95.352 100.4241 95.5249 101.3903 61.2209 54.9181 97.719 77.4145 87.2353 42.107 68.0294 75.5381 52.3927 32.2025 49.0408 96.8969 51.0882 81.4002 97.6217 69.3397 74.2428 108.2081 94.5304 27.2029 17.8045 104.8094 106.5129 95.1893 20.025 47.8539 30.5941 80.2247 101.2028 33.6155 50.3587 47.0425 124.964 82.0061 57.5587 63.2851 11.0454 72.9932 84.5281 76.6942 72.3671 78.7147 101.2423 106.1508 93.4719 96.7678 10.8167 40.6079 91.022 71.8471 110.6797 
111.7229 77.0779 82.7345 83.3607 53.7587 69.6563 11.7047 3.6056 58.6941 85.3756 85.0 79.3788 56.3205 21.095 0.0 54.2033 73.7835 32.6956 84.6286 29.2062 62.9682 35.0 43.4166 3.1623 58.6941 41.5933 48.2701 77.5242 99.7046 103.1746 81.6884 9.0 45.31 62.2013 37.4433 70.8308 53.4883 16.0 21.9545 91.4166 15.5563 21.6333 42.0595 11.4018 64.0703 75.1864 86.3713 79.511 81.9329 52.811 33.9559 78.7909 56.8859 81.4923 21.587 64.3817 55.109 50.0 14.4222 54.4243 84.6286 55.9732 67.3573 85.2115 54.4885 77.4661 96.5194 73.437 18.0278 15.6205 90.5539 88.8369 87.9204 29.7321 31.8277 12.0416 59.5399 81.3204 31.257 29.2746 26.3059 111.1261 62.7694 37.3631 57.2713 10.4403 51.9711 67.424 63.6003 51.4198 73.5459 93.4077 93.4077 76.2758 77.8781 12.6491 21.0238 70.1142 51.6624 95.5249 
61.0574 24.1868 51.6624 54.6717 15.6205 27.1662 65.7647 54.5619 64.0078 36.6742 30.8707 28.0179 60.4152 65.7951 54.2033 0.0 35.6931 60.075 42.0476 25.632 40.6079 26.0192 16.7631 57.3062 36.1248 47.0744 10.7703 62.8013 49.2443 49.2037 36.3456 46.6154 44.2832 35.3412 26.3059 35.7351 36.2353 41.1096 58.4123 37.2156 52.345 59.6825 12.2066 64.8999 34.4819 54.3783 35.3553 34.2345 53.4883 10.4403 55.3263 47.4342 47.0106 32.7567 42.4264 26.2488 45.0 27.1662 61.9839 46.1736 31.1127 45.3982 17.4642 31.8277 12.2066 51.0392 42.638 71.7008 38.9487 69.6419 39.8246 49.0102 36.0555 53.2353 24.5153 42.9535 50.448 56.3649 34.8855 51.0392 43.0116 59.4054 38.6005 38.0789 17.4929 57.4891 61.8466 29.1204 11.7047 63.3246 27.7308 40.6079 40.3609 36.2215 46.4866 64.2028 38.833 60.8112 41.0488 46.6154 
42.5441 44.5533 84.22 87.7097 23.1948 8.9443 83.4086 72.4224 49.163 60.1082 41.3401 50.2096 46.3897 91.2853 73.7835 35.6931 0.0 61.9112 11.4018 47.1699 18.2483 38.9487 51.0392 76.2758 18.7883 81.0555 31.1448 34.4384 32.0156 46.2709 12.0416 69.3181 79.0253 70.5195 36.3593 4.1231 24.1868 66.4831 86.0349 42.1545 78.5493 68.1175 42.107 85.1469 69.2892 24.5967 24.3311 11.0454 19.2094 46.0977 56.0803 12.8062 30.5941 57.3149 53.9073 60.0083 30.0832 62.8013 74.9667 81.7435 31.7805 81.0494 21.095 31.3847 25.0 85.0 40.7922 49.2443 64.846 88.8144 26.0 15.2315 54.2033 83.9524 43.4626 61.9112 32.1403 23.3452 66.6108 55.0 50.9117 43.9659 16.4924 39.6989 52.4976 80.9506 51.1957 7.0711 26.4008 53.3667 56.8595 54.7083 34.3657 3.1623 12.0416 86.093 53.0094 36.8782 29.5466 26.2488 
104.2353 84.0 103.4698 105.119 50.8035 61.8466 34.0588 29.1548 28.2843 96.5194 88.5664 88.0909 26.9258 53.1601 32.6956 60.075 61.9112 0.0 73.2462 37.9473 45.4533 34.0588 58.1893 32.573 43.2666 70.0071 50.01 51.8941 93.0376 102.6158 72.8972 37.2022 72.3464 82.7647 34.0147 57.9828 37.7359 41.7253 54.5619 93.3809 47.5079 12.0416 50.9902 39.4588 83.7735 53.0094 81.9329 71.1126 62.3699 64.3273 5.831 61.5549 34.7131 92.5419 20.1246 80.3617 33.9411 69.7782 22.0227 80.604 84.1724 81.6088 65.5134 84.4038 53.4603 99.7296 96.0469 43.2897 42.45 40.0125 85.235 74.8131 96.0052 61.0328 36.8782 29.6985 35.805 60.0 55.6058 9.0554 17.4642 105.119 46.4004 23.7697 71.3092 43.0813 21.2132 57.6975 64.4981 20.025 86.3134 100.08 91.0934 65.0 60.8769 42.9535 24.5967 43.4626 32.8024 87.6584 
31.6228 44.7772 86.539 90.2497 32.311 15.8114 94.4934 83.4086 59.0339 59.6406 38.9487 50.2494 56.5155 101.5332 84.6286 42.0476 11.4018 73.2462 0.0 57.2451 28.7924 49.6488 58.4209 87.2009 30.0167 88.8144 39.8497 40.7922 22.0227 38.8973 6.7082 79.7559 86.2844 75.1332 47.2017 15.2643 35.5106 76.4853 95.8541 37.8021 88.5664 79.511 50.448 96.0208 73.5459 31.257 18.6011 8.2462 22.4722 52.0096 67.4166 17.2627 41.1096 57.4543 65.1153 63.7887 40.8534 69.0072 86.267 88.0227 28.2843 87.0919 25.0799 27.5862 33.2415 88.2326 34.4384 57.1402 74.7329 99.8098 18.3848 7.6158 52.4976 93.0054 53.7122 72.6705 42.2019 27.5136 75.1864 66.4003 62.2415 33.541 27.313 51.0882 57.4282 91.4166 61.6847 17.2047 31.0644 63.8905 58.6941 51.6624 27.7308 8.4853 17.1172 96.7988 64.0312 45.0111 40.7063 16.0312 
82.807 49.4773 65.7419 67.6018 25.2389 41.6773 40.4969 29.1548 51.225 60.0333 56.4624 52.6118 47.8017 44.2945 29.2062 25.632 47.1699 37.9473 57.2451 0.0 41.0122 10.198 20.2485 32.2025 36.0 39.5601 19.105 60.6383 70.7672 74.0945 53.535 22.8035 39.8246 45.2769 13.1529 44.9222 32.249 19.3132 38.8973 62.6099 31.3847 35.0 14.1421 40.3609 46.0652 55.2268 57.28 51.3128 59.2115 27.0185 34.4384 54.7449 40.1622 56.0357 18.2483 42.45 37.9473 32.45 36.4005 46.4004 55.4707 46.8615 38.2099 56.0357 25.4951 62.434 67.4166 63.1348 17.72 44.8219 61.5224 62.3939 61.0 38.0132 4.0 17.4929 43.6578 60.0 23.4094 29.1548 20.6155 82.0366 40.0125 22.2036 33.541 34.4093 46.669 40.3113 34.4093 47.4236 49.0918 65.9697 64.2028 49.2443 53.7587 40.3609 14.0357 55.3624 33.5261 66.8431 
60.407 56.9386 92.1954 95.268 25.0 22.561 71.1196 60.9262 31.0161 72.4017 56.3028 62.434 28.1603 82.4621 62.9682 40.6079 18.2483 45.4533 28.7924 41.0122 0.0 31.0161 52.0 65.0 5.099 79.4292 31.7648 22.2036 50.2195 64.0312 30.2655 60.4152 78.5875 75.4718 28.0179 14.1421 9.4868 59.3043 78.7718 58.4637 70.859 53.2635 41.7852 73.9256 74.8866 14.5602 42.0119 29.0689 18.9737 50.4777 39.6989 16.4012 12.3693 69.0652 41.6293 66.8431 12.083 65.307 61.2944 83.2166 48.0521 83.006 32.6497 47.8539 28.4253 91.6079 58.2151 33.1059 58.1378 76.922 44.1022 29.4109 67.9779 79.0 37.0135 51.923 14.0 19.0263 63.6396 39.6989 37.5899 62.0967 2.2361 25.9422 58.0086 71.5681 32.9848 17.4642 35.805 35.171 66.6033 69.6419 52.0384 21.3776 15.6205 75.6108 42.0595 21.095 12.7279 44.3847 
77.2334 50.04 72.4017 74.6324 19.4165 34.7131 45.2548 33.9706 42.4264 62.514 55.3173 54.037 38.8973 52.5547 35.0 26.0192 38.9487 34.0588 49.6488 10.198 31.0161 0.0 27.0185 37.6431 26.0768 49.6488 16.2788 50.448 65.2993 71.1758 46.7547 30.4631 49.6588 52.6308 3.0 36.2491 22.0907 28.4429 48.0521 60.7289 40.2616 34.4819 17.8885 46.4004 53.0094 45.0999 52.4309 44.5982 49.4975 31.0161 29.4279 45.3542 30.0832 58.5491 17.4642 47.8539 27.8568 40.3113 38.5876 55.7584 52.3927 56.0357 34.0 52.8015 21.0238 69.814 64.4748 53.535 27.1662 50.3289 56.4004 54.1202 62.0081 48.0104 6.3246 23.0217 33.6155 50.04 33.5261 25.02 17.1172 77.0065 30.1496 13.6015 38.4838 42.0476 38.6005 32.45 31.6228 39.6611 52.6308 66.2722 60.4152 41.3401 44.3847 47.1699 15.0 45.31 23.4094 60.8276 
77.4145 34.6699 45.6508 47.7074 28.4429 43.0465 55.0818 44.7214 69.3542 41.9762 43.9318 36.2491 65.7951 51.225 43.4166 16.7631 51.0392 58.1893 58.4209 20.2485 52.0 27.0185 0.0 46.5725 47.0106 30.4138 20.6155 73.7902 65.7419 63.6553 52.9528 34.7851 28.0 25.6125 29.0 50.3587 45.2769 28.2312 43.1393 50.9313 38.0132 54.4518 10.2956 52.9245 26.0768 66.4831 51.8941 50.8035 67.4685 10.0 54.626 61.8142 55.2178 38.0789 38.3275 22.3607 53.0094 13.6015 54.0833 31.3209 46.6154 31.0161 34.2053 47.4342 26.0768 42.8019 57.3847 79.6492 26.0 57.9396 56.3649 65.123 44.7772 36.8917 21.9545 34.0588 58.8218 69.6419 18.6011 49.3964 40.8534 75.4718 50.3289 40.6079 14.0357 44.2945 65.6049 44.1022 28.4605 66.6108 30.2655 50.5371 56.0357 52.0096 60.8276 51.4296 33.9559 70.1783 48.6004 63.3246 
114.56 80.2309 85.5862 86.1452 56.5685 72.3464 8.544 4.1231 59.3043 88.5268 88.1192 82.5409 57.0789 20.6155 3.1623 57.3062 76.2758 32.573 87.2009 32.2025 65.0 37.6431 46.5725 0.0 60.8358 43.8634 51.225 78.9177 102.5524 106.2309 84.386 12.0416 47.7598 65.123 40.0 73.2462 55.5428 19.0263 22.8035 94.5145 17.2047 21.0238 45.1774 8.9443 67.0298 76.922 89.2749 82.2192 83.9345 55.9732 34.3657 80.9568 58.4637 84.6463 23.4094 67.4759 56.7539 53.0094 12.7279 56.921 87.6584 58.5235 70.2922 88.2326 57.3847 80.2309 99.5691 74.1687 21.095 12.7279 93.4345 91.2688 91.0824 31.4006 34.7131 14.8661 61.0 83.1685 34.1321 30.0167 27.8927 114.0219 64.8845 39.2173 60.4152 10.8167 52.469 70.0 66.6108 51.788 76.6877 96.566 96.4002 78.8162 80.0562 11.0454 23.3238 71.3442 53.4509 98.3107 
61.327 53.6656 87.7838 90.7855 20.5183 21.0 67.2309 56.7979 32.249 68.9638 53.8516 59.0593 29.0689 77.8845 58.6941 36.1248 18.7883 43.2666 30.0167 36.0 5.099 26.0768 47.0106 60.8358 0.0 74.3303 26.9258 26.9258 50.5964 63.0714 30.3645 55.7853 73.4983 70.7248 23.0868 14.7648 5.6569 54.4518 73.9797 56.5685 66.0984 50.2096 36.7696 69.7782 70.214 19.6469 41.1947 28.8617 23.5372 45.8039 37.4433 20.1246 13.1529 65.5134 37.5899 62.3699 12.0 60.3738 57.8014 78.1857 46.2709 78.0 29.7321 46.1736 24.0416 87.0057 57.0 36.3593 53.2353 72.9452 43.7379 31.8277 65.0 74.0068 32.0 47.4342 15.8114 24.0 58.5491 36.7967 33.8378 62.6259 4.1231 22.2036 53.4135 67.0522 33.1361 16.0312 32.249 35.2278 62.6259 67.0522 51.0882 21.9317 19.2354 71.3092 37.6962 24.8395 10.7703 44.9444 
106.6208 59.6406 45.7056 45.1774 58.0 73.3348 50.2892 44.7772 89.6939 60.3075 70.1783 58.8982 86.4523 35.0571 41.5933 47.0744 81.0555 70.0071 88.8144 39.5601 79.4292 49.6488 30.4138 43.8634 74.3303 0.0 50.0 100.0 95.2733 90.4268 83.3607 33.8378 5.3852 28.6531 52.4976 80.0062 71.3092 28.3196 26.0 77.3886 27.2029 61.4003 39.0 45.1221 31.3847 93.9415 81.5966 81.2158 96.421 38.2753 68.7677 91.1373 79.712 57.3149 51.225 37.4833 77.4919 23.0217 55.9464 14.0 75.1532 16.0312 64.5368 76.0592 56.0803 39.2046 84.7231 102.4158 27.5862 49.8197 86.0349 95.4254 66.4831 15.0333 43.3244 40.3113 83.2166 98.0051 16.1555 63.1269 55.8032 104.2161 78.0897 61.2699 36.3593 35.171 84.3149 74.027 58.6941 84.6286 48.7955 72.8629 84.5281 82.2192 90.1388 41.5933 47.2017 94.921 73.0548 93.3006 
63.7809 34.0147 61.5549 64.3506 8.0 24.0416 59.4054 48.0104 53.3385 47.2969 39.0512 38.3275 49.7393 62.6817 48.2701 10.7703 31.1448 50.01 39.8497 19.105 31.7648 16.2788 20.6155 51.225 26.9258 50.0 0.0 53.8516 51.7397 55.4707 35.3412 41.7732 48.2597 43.8292 16.0 30.0167 26.1725 37.4433 56.356 44.5982 49.3964 50.6952 11.0 59.4643 43.4166 46.0977 38.1838 33.1059 46.8722 19.105 45.0444 41.3038 36.7967 43.4166 33.5261 36.1248 34.7131 33.6155 54.1295 51.923 36.7151 51.5461 19.105 37.2156 6.7082 60.3075 48.7647 61.5549 35.5106 63.8905 42.45 45.8912 46.0435 53.1601 16.6433 36.4005 40.3113 49.0408 35.5106 41.0488 33.3766 62.9365 29.9666 27.4591 26.8701 53.2635 51.0784 24.0832 15.6525 52.5547 38.4838 50.0899 45.2217 32.5576 40.3113 59.4138 30.4631 51.0882 30.6105 48.0104 
70.0286 77.801 114.3372 117.4436 47.2017 41.8808 83.4326 74.8131 26.1725 93.4077 75.6637 83.4086 25.807 98.2497 77.5242 62.8013 34.4384 51.8941 40.7922 60.6383 22.2036 50.448 73.7902 78.9177 26.9258 100.0 53.8516 0.0 62.3939 79.555 45.2217 77.0 99.6243 97.6371 47.5395 31.3847 28.7924 77.3175 96.0208 76.5572 88.0227 62.6259 63.5059 87.4757 97.0824 9.8489 58.1893 44.9444 19.0 72.6705 47.1699 23.5372 21.0238 90.2718 56.1427 89.0225 23.0868 87.2353 72.1249 104.7855 66.2118 104.6948 53.4135 65.7951 50.6063 113.8112 74.6324 17.4642 76.531 89.4986 58.9406 37.0135 88.2043 97.8673 56.7539 68.0074 18.0278 14.0357 83.9345 49.7293 51.2445 73.0274 24.2074 41.0122 80.2122 87.2067 32.2025 37.2022 57.3149 34.2053 88.3912 89.0674 68.0074 36.7696 23.7697 89.9444 58.0 8.6023 27.2947 56.4358 
12.0416 40.0 81.7435 85.7088 46.0109 31.3847 110.4536 99.0858 80.895 51.4198 30.2655 44.1814 78.2624 114.2016 99.7046 49.2443 32.0156 93.0376 22.0227 70.7672 50.2195 65.2993 65.7419 102.5524 50.5964 95.2733 51.7397 62.3939 0.0 19.8494 20.2485 93.5094 91.7061 75.5381 63.4114 36.1386 55.7136 89.0225 107.3359 25.2982 100.8018 97.9439 60.4649 111.018 73.3348 53.0848 13.8924 21.9317 43.566 57.0088 87.2353 39.0512 62.5859 50.636 82.201 63.3877 62.0967 73.0821 103.6002 91.2195 21.095 89.822 32.8024 20.0998 45.2769 85.1469 18.3576 79.0569 87.0057 115.2779 9.434 25.7099 42.72 102.4744 67.8823 87.6926 63.9531 48.6621 84.119 85.4751 80.1561 12.083 48.5077 69.8355 59.9083 104.9952 83.1986 35.3412 37.7359 85.3756 55.0091 39.3954 13.3417 28.8617 39.0128 111.1261 80.2808 67.0 61.3514 6.0 
23.0868 30.8869 68.1175 72.111 52.2015 42.107 114.5862 103.2473 95.0053 37.1214 20.2485 32.8938 92.0054 114.6298 103.1746 49.2037 46.2709 102.6158 38.8973 74.0945 64.0312 71.1758 63.6553 106.2309 63.0714 90.4268 55.4707 79.555 19.8494 0.0 34.5254 95.8019 86.093 66.4831 70.0071 50.1597 67.3647 90.2718 106.7755 13.0384 101.2373 105.4751 61.4003 114.0395 63.9062 69.857 22.0227 35.2278 61.3514 53.8145 97.0155 56.0446 76.0066 37.6563 88.6397 54.626 75.06 67.4166 109.5673 83.672 18.7883 81.939 37.3363 18.3848 50.1597 72.6911 6.7082 95.352 88.0909 118.7139 20.6155 44.2832 28.1603 100.1249 72.0694 91.586 78.0256 66.4078 82.134 94.255 87.6641 18.4391 62.0081 78.848 54.0833 106.6677 96.1873 47.0425 39.8246 98.2497 44.2719 23.0217 12.0 43.4166 55.7853 113.4063 85.8662 83.0241 73.3348 24.6982 
31.3847 38.0789 79.8499 83.5703 28.3019 12.0416 91.9674 80.7217 61.2046 53.0094 32.5269 43.566 58.4209 97.7548 81.6884 36.3456 12.0416 72.8972 6.7082 53.535 30.2655 46.7547 52.9528 84.386 30.3645 83.3607 35.3412 45.2217 20.2485 34.5254 0.0 76.2758 80.6226 68.7314 44.5533 16.1245 35.4683 72.5603 91.6788 31.9061 84.5991 78.2368 45.5412 93.086 67.082 35.4401 13.0 2.2361 27.7849 46.0435 67.082 21.9317 42.5793 50.774 63.0317 57.2713 41.9762 63.0317 84.386 82.0061 22.0227 81.0062 19.0263 21.4009 28.6356 81.6088 29.4109 60.8276 70.7107 97.0824 14.0357 14.3178 46.0109 88.2553 50.2195 69.6563 44.1814 32.6497 70.214 65.5134 60.6053 32.311 28.4429 49.93 51.1566 87.9204 63.1506 15.2643 25.02 65.307 52.0 45.4533 22.8035 9.0 21.5407 93.6002 61.5224 48.5077 41.1096 14.7648 
105.5509 68.8767 73.8241 74.5252 48.0104 64.3506 20.3961 11.4018 60.7289 76.6551 77.1751 70.9366 57.9741 22.1359 9.0 46.6154 69.3181 37.2022 79.7559 22.8035 60.4152 30.4631 34.7851 12.0416 55.7853 33.8378 41.7732 77.0 93.5094 95.8019 76.2758 0.0 37.1214 53.2353 33.2415 66.7083 50.9902 7.0 19.105 83.7616 11.1803 27.6586 34.4093 18.3576 55.0818 73.5527 79.9312 74.0608 79.3095 44.3847 37.1214 75.5844 56.0089 72.8011 21.3776 55.4437 54.037 41.0 22.4722 46.0977 77.4661 47.5395 60.8276 78.1025 48.2701 68.6586 89.202 74.9533 9.0554 23.2594 84.22 84.5281 79.4796 23.8537 26.0768 9.0554 59.0085 79.2465 22.3607 31.7805 26.4764 104.6614 59.9083 36.0139 48.5077 11.6619 54.4243 62.6498 56.6392 54.231 64.7611 85.0882 86.4523 71.5891 74.6324 17.6918 19.0 70.1783 50.1597 89.6437 
102.8834 55.2268 40.4475 40.05 56.2228 71.0282 54.5711 48.3322 90.6973 55.2268 65.8635 54.2033 87.367 40.1995 45.31 44.2832 79.0253 72.3464 86.2844 39.8246 78.5875 49.6588 28.0 47.7598 73.4983 5.3852 48.2597 99.6243 91.7061 86.093 80.6226 37.1214 0.0 23.3238 52.3927 78.2304 70.8378 31.0644 31.0644 73.0616 31.5753 64.3506 37.3363 49.6488 26.0768 93.145 78.1601 78.5175 95.0368 34.9285 70.7107 89.56 79.7057 52.3259 53.0377 32.5576 77.4726 18.7883 59.5063 9.2195 71.3092 11.0454 61.6604 72.2357 54.037 34.0588 80.5295 102.9563 30.0 54.4518 82.5651 93.086 61.6198 20.2237 43.382 42.8019 83.2586 96.8814 17.0294 65.0538 57.3847 100.3195 77.1298 61.9112 32.2025 39.6232 85.6037 72.0625 55.7315 86.0523 43.8634 68.0147 80.6226 80.0062 88.5664 46.2709 48.8365 94.9368 73.0068 89.9889 
85.703 36.1386 20.8806 22.3607 50.6063 61.6847 73.0068 64.4981 94.921 32.6497 46.8402 33.6155 91.351 62.0967 62.2013 35.3412 70.5195 82.7647 75.1332 45.2769 75.4718 52.6308 25.6125 65.123 70.7248 28.6531 43.8292 97.6371 75.5381 66.4831 68.7314 53.2353 23.3238 0.0 54.5619 70.9366 69.814 46.2709 52.8867 53.7587 51.3517 77.4919 35.3553 69.1158 2.8284 89.5545 63.0317 66.9104 88.7694 25.0599 79.6492 82.6378 80.1561 30.2324 62.6498 12.1655 77.9872 13.0 75.1332 17.8045 54.4518 15.8114 50.2195 55.4437 47.4131 17.2047 61.6847 104.8046 44.4072 74.1687 67.1193 82.5651 39.9625 42.72 47.4342 55.7853 83.7377 91.7061 31.0161 74.2428 65.7647 82.4621 73.5731 66.2193 18.0278 59.2115 91.214 64.2573 44.3847 92.2009 22.3607 46.3249 63.1506 70.6045 81.7068 66.3702 58.1808 94.8103 73.6614 75.06 
75.2861 50.01 74.0608 76.4003 17.8885 32.5269 47.4236 36.2353 40.3609 62.9682 54.7449 54.231 36.7967 55.3624 37.4433 26.3059 36.3593 34.0147 47.2017 13.1529 28.0179 3.0 29.0 40.0 23.0868 52.4976 16.0 47.5395 63.4114 70.0071 44.5533 33.2415 52.3927 54.5619 0.0 33.541 19.105 31.4006 50.9902 59.9083 43.1741 35.4683 19.4165 48.8262 54.8179 42.107 50.774 42.4264 46.5296 32.2025 29.0689 42.45 27.313 59.0339 18.868 49.2443 25.0799 42.45 40.2244 58.3095 51.264 58.5235 32.6956 51.6236 19.9249 71.7008 63.3246 51.0392 30.1496 52.6308 54.6443 51.4782 62.0322 51.0098 9.2195 25.5539 30.8707 47.0425 36.4005 25.0799 17.72 75.213 27.1662 12.083 39.8246 44.7772 36.8917 30.0 30.8058 38.0789 53.4509 66.0681 59.0339 38.833 41.4849 49.7393 16.9706 42.5441 20.6155 58.7963 
46.6154 46.7547 85.44 88.8369 22.0227 10.6301 80.2122 69.3397 45.0999 62.3699 44.2945 52.4023 42.2966 88.7694 70.8308 35.7351 4.1231 57.9828 15.2643 44.9222 14.1421 36.2491 50.3587 73.2462 14.7648 80.0062 30.0167 31.3847 36.1386 50.1597 16.1245 66.7083 78.2304 70.9366 33.541 0.0 20.2485 64.195 83.8153 45.5412 76.2168 64.4438 41.0122 82.1523 69.857 21.6333 28.1603 15.0 17.8885 46.1736 52.1536 11.7047 26.4764 59.4138 50.6063 60.8276 25.9615 62.5859 71.5052 81.3941 35.1141 80.8084 22.6716 34.7851 24.3311 85.8836 44.5533 45.607 62.6418 85.703 30.0167 18.0278 56.8595 82.201 41.1096 59.0593 28.0713 21.4009 65.192 51.225 47.4236 48.0833 12.3693 36.0694 52.9245 78.2943 47.0744 6.7082 27.4591 49.2443 58.4123 57.7062 38.2099 7.2801 10.7703 83.2406 49.93 33.2415 25.4951 30.3645 
66.6408 55.7136 87.6926 90.5207 21.095 25.318 61.7738 51.4782 29.1204 70.6824 56.8859 60.9262 25.7099 73.0068 53.4883 36.2353 24.1868 37.7359 35.5106 32.249 9.4868 22.0907 45.2769 55.5428 5.6569 71.3092 26.1725 28.7924 55.7136 67.3647 35.4683 50.9902 70.8378 69.814 19.105 20.2485 0.0 50.0899 69.4622 60.1332 61.5224 44.5533 34.9857 64.4748 69.527 23.0217 45.7056 33.8378 28.4605 45.2769 31.9061 25.5539 10.8167 67.082 32.2025 62.2415 8.9443 58.8303 52.2015 76.0592 50.01 76.0263 32.5576 50.0 24.6982 86.4523 61.131 35.4683 49.0102 67.5352 48.5077 37.4833 67.3573 70.0643 28.2843 42.45 14.2127 28.2843 55.3173 31.1448 28.3019 67.7791 9.434 16.6433 53.0377 62.0967 29.0172 20.6155 34.176 31.0 63.5138 69.857 55.4437 27.2947 24.6982 66.1287 32.573 25.0 6.0 50.1597 
101.0445 62.6498 66.9104 67.6831 44.2945 60.8276 27.2947 18.2483 63.1585 69.9214 71.2811 64.4748 60.1664 25.2389 16.0 41.1096 66.4831 41.7253 76.4853 19.3132 59.3043 28.4429 28.2312 19.0263 54.4518 28.3196 37.4433 77.3175 89.0225 90.2718 72.5603 7.0 31.0644 46.2709 31.4006 64.195 50.0899 0.0 19.6469 78.0064 12.083 33.2866 29.0 24.6982 48.0937 73.0274 75.2861 70.3278 77.9295 38.0132 40.8044 73.7564 56.3205 66.0984 23.7065 48.5077 54.231 34.0 29.1204 39.8246 72.1803 41.1461 56.2228 72.8629 44.1022 61.8466 83.7377 76.844 2.2361 29.7321 79.6492 81.7068 73.0068 20.8806 23.0868 12.0416 59.5399 78.3135 15.5242 35.2278 28.6356 99.905 58.5491 36.4966 41.7612 16.4012 57.2451 59.6154 51.6624 57.3062 57.9741 78.721 81.3204 68.542 72.7805 23.3238 20.2485 71.0211 50.0899 85.4459 
119.2812 77.4661 71.4493 71.1126 63.561 80.1124 26.6271 25.5539 79.555 81.8841 87.046 78.2368 76.9025 9.2195 21.9545 58.4123 86.0349 54.5619 95.8541 38.8973 78.7718 48.0521 43.1393 22.8035 73.9797 26.0 56.356 96.0208 107.3359 106.7755 91.6788 19.105 31.0644 52.8867 50.9902 83.8153 69.4622 19.6469 0.0 94.0691 8.0 43.566 46.8722 20.5913 55.3624 92.2659 93.4773 89.4427 97.4936 53.0754 55.3624 93.3916 75.0067 78.3901 40.4475 59.0339 73.0 43.382 35.4683 40.0 89.3756 42.0119 74.6257 90.1388 63.0635 65.123 100.449 93.9415 21.1896 24.6982 97.9081 101.2423 86.5332 11.0454 42.72 28.1603 78.0577 97.7394 25.0 50.2892 45.5412 117.8007 78.0897 55.0091 54.6443 12.0416 73.0821 79.1202 69.6348 72.7324 69.8355 92.6553 98.7168 88.0227 92.4175 16.5529 38.0526 89.2749 69.029 104.1009 
33.0 17.8885 57.0789 61.0737 42.5793 35.9026 102.9563 91.7061 88.8144 26.3059 7.2111 20.3961 85.5862 102.0686 91.4166 37.2156 42.1545 93.3809 37.8021 62.6099 58.4637 60.7289 50.9313 94.5145 56.5685 77.3886 44.5982 76.5572 25.2982 13.0384 31.9061 83.7616 73.0616 53.7587 59.9083 45.5412 60.1332 78.0064 94.0691 0.0 88.7299 95.2103 49.3964 102.0833 51.2445 66.7083 19.2094 31.7648 59.6825 41.0122 87.9659 53.7122 69.7209 26.0 78.1089 41.7852 68.469 54.3783 98.6154 70.7743 10.4403 69.0797 28.0713 10.7703 40.025 61.0737 8.0623 91.0934 75.8024 106.8504 20.6155 44.5982 17.4642 87.2067 60.9262 80.0625 72.1803 64.4981 69.3109 84.7231 77.6209 29.1548 56.2939 69.7209 41.0488 94.4034 89.1403 41.0 29.1204 91.0879 31.7805 14.4222 12.083 39.8121 53.2353 101.2571 75.0267 78.7464 66.1211 27.7849 
112.8007 72.6705 71.0 71.1126 56.356 72.8972 23.0868 19.105 71.8401 78.3901 81.8352 73.9256 69.1231 13.4536 15.5563 52.345 78.5493 47.5079 88.5664 31.3847 70.859 40.2616 38.0132 17.2047 66.0984 27.2029 49.3964 88.0227 100.8018 101.2373 84.5991 11.1803 31.5753 51.3517 43.1741 76.2168 61.5224 12.083 8.0 88.7299 0.0 37.0135 40.4599 18.1108 53.6004 84.2912 87.0057 82.365 89.627 48.0104 47.927 85.6154 67.0075 74.7329 32.5576 55.9732 65.0 40.5216 29.8329 40.7922 83.4506 42.5793 68.0074 84.1724 56.0803 65.123 94.7945 86.122 13.8924 23.0217 91.4002 93.7763 82.365 14.2127 35.1141 20.2237 70.0643 89.8053 21.1896 42.72 37.6563 111.5213 70.214 47.0106 50.5371 8.0623 65.4599 71.6938 63.2535 65.192 66.3099 88.3233 92.6984 80.6226 84.6463 15.0333 30.0666 81.3019 61.0328 97.3499 
109.5536 83.863 98.3717 99.6243 53.3104 66.5733 22.0227 18.0278 40.1123 95.0211 89.7385 87.367 38.4708 41.4367 21.6333 59.6825 68.1175 12.0416 79.511 35.0 53.2635 34.4819 54.4518 21.0238 50.2096 61.4003 50.6952 62.6259 97.9439 105.4751 78.2368 27.6586 64.3506 77.4919 35.4683 64.4438 44.5533 33.2866 43.566 95.2103 37.0135 0.0 49.0408 27.4591 78.848 62.6498 85.8836 76.2758 71.2811 62.0081 15.5242 69.6563 43.909 91.022 17.2627 76.7919 42.72 64.56 10.0 73.0616 86.7295 74.3034 68.1542 87.0919 55.3624 93.984 98.7927 55.1453 34.4819 28.0 89.5545 82.0244 95.6347 50.9902 35.2278 21.9317 45.618 69.4622 48.3011 13.6015 17.8885 109.9318 53.8145 28.4253 68.2642 31.7648 33.0606 63.0079 66.0984 32.0 84.0536 100.2846 94.4299 71.0634 68.884 31.0483 21.0238 54.4059 40.6079 92.9139 
72.4224 35.4401 54.6443 57.0088 19.0 34.7131 53.6656 42.5441 59.6657 46.0 42.9418 38.4708 56.0803 53.9073 42.0595 12.2066 42.107 50.9902 50.448 14.1421 41.7852 17.8885 10.2956 45.1774 36.7696 39.0 11.0 63.5059 60.4649 61.4003 45.5412 34.4093 37.3363 35.3553 19.4165 41.0122 34.9857 29.0 46.8722 49.3964 40.4599 49.0408 0.0 52.6972 35.4683 56.3028 46.6154 43.3244 57.7062 13.3417 46.8402 52.2398 45.0 42.0 32.0156 29.9666 42.8019 23.8537 50.448 41.4367 43.1856 41.2311 27.7849 43.8634 17.2627 52.4023 54.8179 69.527 26.8701 57.4543 51.0392 56.7186 46.8722 42.72 14.1421 31.0161 48.6004 59.6657 24.7386 41.9762 33.541 71.0634 40.1622 31.3847 20.6155 45.3431 56.3028 35.0571 22.8035 57.4543 35.3553 51.923 52.3259 43.4166 51.2445 52.0096 28.0179 59.9083 38.4187 57.3062 
123.0447 87.2067 89.0225 89.202 65.1153 81.0555 6.4031 13.0 67.0298 94.5569 95.5249 89.1572 65.0077 15.0 11.4018 64.8999 85.1469 39.4588 96.0208 40.3609 73.9256 46.4004 52.9245 8.9443 69.7782 45.1221 59.4643 87.4757 111.018 114.0395 93.086 18.3576 49.6488 69.1158 48.8262 82.1523 64.4748 24.6982 20.5913 102.0833 18.1108 27.4591 52.6972 0.0 71.2531 85.7263 97.6217 90.9065 92.8493 62.6498 42.0119 89.8999 67.1863 90.7579 32.311 72.7805 65.521 57.7062 17.72 58.8558 95.6033 60.6712 78.5684 96.2133 65.7647 83.2166 107.4151 82.0061 26.9258 5.099 101.8332 100.1699 97.6934 31.0161 43.1393 23.4307 69.6348 92.0272 38.3275 38.1182 36.6879 122.3806 73.8241 48.1041 66.4078 10.0499 60.075 78.8162 74.6525 59.2115 82.5651 103.3683 104.4844 87.6584 89.0 4.2426 32.249 79.7621 62.2977 106.8878 
83.3607 33.7343 19.6977 21.6333 49.93 60.407 75.0067 66.2722 95.1315 29.8329 44.3847 31.0161 91.5478 64.56 64.0703 34.4819 69.2892 83.7735 73.5459 46.0652 74.8866 53.0094 26.0768 67.0298 70.214 31.3847 43.4166 97.0824 73.3348 63.9062 67.082 55.0818 26.0768 2.8284 54.8179 69.857 69.527 48.0937 55.3624 51.2445 53.6004 78.848 35.4683 71.2531 0.0 88.8369 61.0 65.307 87.7268 24.4131 80.4984 81.5414 79.9812 27.4591 63.6946 10.0 77.8332 14.3178 76.7919 20.6155 52.2398 18.6011 48.7647 53.2353 46.6476 16.9706 59.203 104.69 46.1736 76.3217 65.0308 81.0247 37.2156 45.31 48.0208 57.2713 83.5464 90.7855 33.0151 75.1532 66.6408 80.05 72.9452 66.6108 17.0 61.4003 91.6079 63.1585 43.0116 92.6553 19.6977 43.566 60.8276 69.2604 80.6226 68.593 59.2368 94.4934 73.5527 73.0068 
61.2944 68.2495 105.603 108.8118 38.9487 32.2025 82.28 72.8011 30.8869 83.8689 65.8635 73.8783 29.4109 95.352 75.1864 54.3783 24.5967 53.0094 31.257 55.2268 14.5602 45.0999 66.4831 76.922 19.6469 93.9415 46.0977 9.8489 53.0848 69.857 35.4401 73.5527 93.145 89.5545 42.107 21.6333 23.0217 73.0274 92.2659 66.7083 84.2912 62.6498 56.3028 85.7263 88.8369 0.0 48.3839 35.1141 10.7703 64.4981 47.7074 14.0357 18.7883 80.8084 53.6004 80.4487 20.2485 79.7057 71.5891 97.7394 56.3649 97.4987 43.9318 55.9464 42.19 105.3945 64.846 26.0 72.0 88.2553 49.2443 28.1603 78.492 93.086 51.2445 64.7765 17.2047 7.0711 78.0897 49.1935 49.0408 64.0312 16.1555 37.855 71.8679 84.3445 35.609 27.6586 48.1041 37.8021 79.2465 79.2591 58.2409 26.9258 14.1421 87.8009 54.7449 14.3178 23.5372 47.0956 
25.807 28.8617 71.3092 75.1864 33.0151 20.3961 97.3088 85.9127 73.0 42.4853 21.095 33.8378 70.0286 100.4241 86.3713 35.3553 24.3311 81.9329 18.6011 57.28 42.0119 52.4309 51.8941 89.2749 41.1947 81.5966 38.1838 58.1893 13.8924 22.0227 13.0 79.9312 78.1601 63.0317 50.774 28.1603 45.7056 75.2861 93.4773 19.2094 87.0057 85.8836 46.6154 97.6217 61.0 48.3839 0.0 13.3417 40.7063 43.3244 76.2168 34.9285 54.037 40.8534 69.6419 51.0 53.1507 59.6657 90.9725 78.0897 10.2956 76.7919 19.105 9.434 31.8904 73.9797 16.4924 73.5459 73.2462 101.9804 4.4721 25.4558 34.6699 88.5889 54.5619 74.411 56.0089 45.618 70.2353 73.9256 68.0 24.7588 40.0 58.3095 46.6905 91.351 74.3303 25.1794 23.8537 76.4199 43.7379 33.2415 10.0499 21.587 34.5398 97.591 67.424 61.1882 51.6236 12.0416 
33.2866 36.8917 78.3901 82.0792 26.0768 9.8995 89.8276 78.5684 60.075 52.0096 31.8904 42.4382 57.2189 95.5249 79.511 34.2345 11.0454 71.1126 8.2462 51.3128 29.0689 44.5982 50.8035 82.2192 28.8617 81.2158 33.1059 44.9444 21.9317 35.2278 2.2361 74.0608 78.5175 66.9104 42.4264 15.0 33.8378 70.3278 89.4427 31.7648 82.365 76.2758 43.3244 90.9065 65.307 35.1141 13.3417 0.0 28.0179 44.0114 65.307 21.9545 41.3038 49.6488 60.959 55.5428 40.6079 61.0082 82.3286 80.0 21.6333 79.0253 17.0 21.095 26.4008 80.0062 29.8329 60.208 68.4763 94.921 15.0333 15.8114 45.2548 86.0349 48.0104 67.4759 43.0465 32.7567 68.0074 63.6318 58.6003 34.0147 27.1662 48.0208 49.2544 85.703 61.8142 13.4164 23.0 63.9531 50.5668 45.0 23.3452 8.2462 21.4709 91.4002 59.397 47.8539 39.5601 16.6433 
51.0392 63.7024 103.2473 106.6771 39.0512 28.0179 89.8999 79.8499 41.5933 79.2086 59.8164 69.3542 39.9625 101.3903 81.9329 53.4883 19.2094 62.3699 22.4722 59.2115 18.9737 49.4975 67.4685 83.9345 23.5372 96.421 46.8722 19.0 43.566 61.3514 27.7849 79.3095 95.0368 88.7694 46.5296 17.8885 28.4605 77.9295 97.4936 59.6825 89.627 71.2811 57.7062 92.8493 87.7268 10.7703 40.7063 28.0179 0.0 63.9062 56.8507 6.4031 27.6586 76.4853 60.5392 78.7147 28.6007 80.0812 79.7559 98.7168 49.6488 98.2344 40.2244 49.0918 41.7612 103.769 56.8595 36.2215 76.6551 95.7549 40.8534 18.0278 73.0 97.1854 55.2268 70.8802 26.9072 5.099 81.0555 57.6888 56.3649 54.037 19.4165 44.7772 70.7743 90.5207 46.0435 24.5967 45.2769 48.2597 76.0263 73.0068 50.1597 20.5183 7.2111 94.578 61.0328 25.0 30.8869 37.6563 
68.4471 24.6982 42.5206 45.2548 25.5539 37.4833 64.5136 53.8516 71.8471 33.1361 33.9706 26.5707 68.2422 61.2209 52.811 10.4403 46.0977 64.3273 52.0096 27.0185 50.4777 31.0161 10.0 55.9732 45.8039 38.2753 19.105 72.6705 57.0088 53.8145 46.0435 44.3847 34.9285 25.0599 32.2025 46.1736 45.2769 38.0132 53.0754 41.0122 48.0104 62.0081 13.3417 62.6498 24.4131 64.4981 43.3244 44.0114 63.9062 0.0 60.1664 57.8705 55.8659 29.1548 45.1774 17.2047 53.7587 17.0 62.6498 36.0139 37.2156 35.1283 27.0185 38.0789 22.3607 41.2311 47.634 80.6226 35.7771 67.624 47.7598 59.1354 35.1141 46.4004 27.4591 42.7551 59.397 66.7083 28.3196 55.3173 46.8722 66.242 48.5489 44.2832 7.8102 54.2033 68.9638 39.5601 21.0238 70.2353 22.0907 40.7185 46.6476 46.5296 56.921 61.2944 41.0488 70.1783 49.5782 55.0818 
98.4124 79.0569 100.1798 102.0 45.3982 56.0803 37.1214 30.5941 25.02 91.9239 83.2947 83.2947 23.0868 54.9181 33.9559 55.3263 56.0803 5.831 67.4166 34.4384 39.6989 29.4279 54.626 34.3657 37.4433 68.7677 45.0444 47.1699 87.2353 97.0155 67.082 37.1214 70.7107 79.6492 29.0689 52.1536 31.9061 40.8044 55.3624 87.9659 47.927 15.5242 46.8402 42.0119 80.4984 47.7074 76.2168 65.307 56.8507 60.1664 0.0 55.8659 29.2062 87.9659 17.6918 76.5506 28.3196 66.7308 25.318 78.6448 78.6448 79.511 60.0167 78.8543 48.1664 96.7471 90.471 40.0 41.2311 43.1856 79.4796 69.029 91.0879 60.9016 32.8938 28.8444 30.5287 54.6443 53.7587 5.6569 13.8924 99.3177 40.6079 18.2483 67.3573 44.3847 18.1108 51.8941 59.2115 17.4642 82.0 95.0053 85.44 59.1692 55.1725 45.1774 22.0227 38.8973 27.0185 81.8413 
