30
0.0 22.6716 21.1896 28.2843 29.6142 16.7631 28.0713 28.2312 26.1725 31.3209 26.6271 17.1172 8.544 26.8328 8.544 19.3132 3.6056 29.0689 20.6155 22.6274 17.4642 23.1948 19.9249 17.8045 6.0828 25.0 19.4165 31.4006 33.8378 25.0 
22.6716 0.0 22.2036 21.9545 24.1868 10.0499 17.0294 9.8489 15.0 14.3178 5.0 15.1327 20.1246 7.6158 15.0 8.0623 22.0227 17.6918 23.0868 1.4142 10.0499 13.4164 21.095 26.1725 26.4008 10.6301 6.0828 8.9443 11.7047 3.0 
21.1896 22.2036 0.0 8.544 9.0554 12.6491 12.0416 18.9737 11.6619 18.868 22.0907 30.0 12.6491 19.4165 15.6205 14.1421 17.72 12.7279 1.4142 23.3452 26.4197 10.4403 1.4142 7.2111 19.0263 14.5602 24.6982 26.4764 27.2029 22.0 
28.2843 21.9545 8.544 0.0 2.2361 15.0 6.0 15.1327 7.2801 13.1529 19.9249 33.4215 20.025 16.4924 21.1896 14.8661 25.0799 6.0828 9.8489 23.3238 29.0 8.6023 9.2195 15.6525 27.074 11.7047 26.2488 23.1948 23.0 20.6155 
29.6142 24.1868 9.0554 2.2361 0.0 17.0294 8.0623 17.2627 9.4868 15.0333 22.1359 35.4683 21.2132 18.6815 22.8473 17.0294 26.3059 8.0 10.198 25.5539 31.1127 10.8167 10.0 15.8114 28.0 13.9284 28.4253 25.318 25.02 22.8473 
16.7631 10.0499 12.6491 15.0 17.0294 0.0 12.3693 11.6619 10.198 14.5602 11.6619 18.4391 11.3137 10.6301 8.2462 2.8284 14.7648 13.3417 13.3417 11.0 14.2127 7.2801 11.4018 16.1245 18.6011 8.2462 12.083 16.6433 18.4391 10.7703 
28.0713 17.0294 12.0416 6.0 8.0623 12.3693 0.0 9.2195 2.2361 7.2801 14.3178 30.0167 20.6155 10.7703 20.025 11.1803 25.318 1.0 13.4536 18.4391 25.2389 5.099 12.0416 19.105 28.1603 6.4031 22.0227 17.2627 17.0 15.2643 
28.2312 9.8489 18.9737 15.1327 17.2627 11.6619 9.2195 0.0 8.0 4.4721 5.6569 24.7386 22.8035 2.2361 19.6977 8.9443 26.4197 9.4868 20.2485 11.1803 19.6469 8.544 18.3848 25.0599 30.2324 4.4721 15.8114 8.0623 8.2462 7.2111 
26.1725 15.0 11.6619 7.2801 9.4868 10.198 2.2361 8.0 0.0 7.2111 12.6491 27.7849 18.9737 9.2195 18.0 8.9443 23.5372 3.1623 13.0384 16.4012 23.0217 3.0 11.4018 18.4391 26.5707 4.4721 19.8494 16.0312 16.1245 13.4164 
31.3209 14.3178 18.868 13.1529 15.0333 14.5602 7.2801 4.4721 7.2111 0.0 10.0 29.1204 25.0599 6.7082 22.8035 12.1655 29.1548 7.0711 20.2485 15.6525 24.0416 9.2195 18.6011 25.6125 32.6497 6.3246 20.2485 11.1803 10.198 11.6619 
26.6271 5.0 22.0907 19.9249 22.1359 11.6619 14.3178 5.6569 12.6491 10.0 0.0 20.0998 22.8035 3.6056 18.4391 8.9443 25.4951 14.7648 23.1948 6.0828 15.0333 12.0416 21.2132 27.2029 29.6985 8.2462 11.0454 5.0 7.2111 2.0 
17.1172 15.1327 30.0 33.4215 35.4683 18.4391 30.0167 24.7386 27.7849 29.1204 20.0998 0.0 20.8806 22.561 15.2315 18.868 19.0263 30.8869 30.2324 14.0357 5.099 25.2389 28.6007 30.4631 23.0217 24.1661 9.0554 23.0868 26.0768 18.1108 
8.544 20.1246 12.6491 20.025 21.2132 11.3137 20.6155 22.8035 18.9737 25.0599 22.8035 20.8806 0.0 21.9317 6.0 14.1421 5.099 21.587 12.083 20.6155 19.0263 16.1555 11.4018 10.0 7.6158 18.868 19.2354 27.8029 29.7321 21.6333 
26.8328 7.6158 19.4165 16.4924 18.6815 10.6301 10.7703 2.2361 9.2195 6.7082 3.6056 22.561 21.9317 0.0 18.3576 7.8102 25.2389 11.1803 20.6155 8.9443 17.4642 9.0554 18.6815 25.0799 29.2062 5.0 13.6015 7.0711 8.0623 5.0 
8.544 15.0 15.6205 21.1896 22.8473 8.2462 20.025 19.6977 18.0 22.8035 18.4391 15.2315 6.0 18.3576 0.0 10.7703 7.0711 21.0238 15.5563 15.2643 13.0384 15.0 14.2127 15.2315 11.4018 16.4924 13.3417 23.3452 25.6125 16.9706 
19.3132 8.0623 14.1421 14.8661 17.0294 2.8284 11.1803 8.9443 8.9443 12.1655 8.9443 18.868 14.1421 7.8102 10.7703 0.0 17.4929 12.083 15.0333 9.2195 14.2127 6.4031 13.0384 18.4391 21.4009 6.0 11.4018 13.8924 15.6205 8.2462 
3.6056 22.0227 17.72 25.0799 26.3059 14.7648 25.318 26.4197 23.5372 29.1548 25.4951 19.0263 5.099 25.2389 7.0711 17.4929 0.0 26.3059 17.088 22.2036 18.4391 20.6155 16.4924 14.2127 4.4721 22.8473 19.6977 30.4138 32.6497 24.0416 
29.0689 17.6918 12.7279 6.0828 8.0 13.3417 1.0 9.4868 3.1623 7.0711 14.7648 30.8869 21.587 11.1803 21.0238 12.083 26.3059 0.0 14.1421 19.105 26.0768 6.0828 12.8062 19.8494 29.1204 7.0711 22.8035 17.4642 17.0294 15.8114 
20.6155 23.0868 1.4142 9.8489 10.198 13.3417 13.4536 20.2485 13.0384 20.2485 23.1948 30.2324 12.083 20.6155 15.5563 15.0333 17.088 14.1421 0.0 24.1868 26.8328 11.7047 2.0 5.831 18.1108 15.8114 25.2982 27.6586 28.4605 23.0217 
22.6274 1.4142 23.3452 23.3238 25.5539 11.0 18.4391 11.1803 16.4012 15.6525 6.0828 14.0357 20.6155 8.9443 15.2643 9.2195 22.2036 19.105 24.1868 0.0 9.0 14.7648 22.2036 27.074 26.6271 12.0416 5.0 9.4868 12.3693 4.1231 
17.4642 10.0499 26.4197 29.0 31.1127 14.2127 25.2389 19.6469 23.0217 24.0416 15.0333 5.099 19.0263 17.4642 13.0384 14.2127 18.4391 26.0768 26.8328 9.0 0.0 20.6155 25.0599 27.8927 22.8035 19.2354 4.0 18.2483 21.2132 13.0384 
23.1948 13.4164 10.4403 8.6023 10.8167 7.2801 5.099 8.544 3.0 9.2195 12.0416 25.2389 16.1555 9.0554 15.0 6.4031 20.6155 6.0828 11.7047 14.7648 20.6155 0.0 9.8489 16.6433 23.7697 4.1231 17.6918 16.1245 16.7631 12.3693 
19.9249 21.095 1.4142 9.2195 10.0 11.4018 12.0416 18.3848 11.4018 18.6011 21.2132 28.6007 11.4018 18.6815 14.2127 13.0384 16.4924 12.8062 2.0 22.2036 25.0599 9.8489 0.0 7.0711 18.0 13.9284 23.4094 25.7099 26.5707 21.0238 
17.8045 26.1725 7.2111 15.6525 15.8114 16.1245 19.105 25.0599 18.4391 25.6125 27.2029 30.4631 10.0 25.0799 15.2315 18.4391 14.2127 19.8494 5.831 27.074 27.8927 16.6433 7.0711 0.0 13.9284 20.5913 27.1662 31.9531 33.1059 26.6833 
6.0828 26.4008 19.0263 27.074 28.0 18.6011 28.1603 30.2324 26.5707 32.6497 29.6985 23.0217 7.6158 29.2062 11.4018 21.4009 4.4721 29.1204 18.1108 26.6271 22.8035 23.7697 18.0 13.9284 0.0 26.4197 24.1661 34.6554 36.7967 28.3196 
25.0 10.6301 14.5602 11.7047 13.9284 8.2462 6.4031 4.4721 4.4721 6.3246 8.2462 24.1661 18.868 5.0 16.4924 6.0 22.8473 7.0711 15.8114 12.0416 19.2354 4.1231 13.9284 20.5913 26.4197 0.0 15.8114 12.0416 12.6491 8.9443 
19.4165 6.0828 24.6982 26.2488 28.4253 12.083 22.0227 15.8114 19.8494 20.2485 11.0454 9.0554 19.2354 13.6015 13.3417 11.4018 19.6977 22.8035 25.2982 5.0 4.0 17.6918 23.4094 27.1662 24.1661 15.8114 0.0 14.3178 17.2627 9.0554 
31.4006 8.9443 26.4764 23.1948 25.318 16.6433 17.2627 8.0623 16.0312 11.1803 5.0 23.0868 27.8029 7.0711 23.3452 13.8924 30.4138 17.4642 27.6586 9.4868 18.2483 16.1245 25.7099 31.9531 34.6554 12.0416 14.3178 0.0 3.0 6.4031 
33.8378 11.7047 27.2029 23.0 25.02 18.4391 17.0 8.2462 16.1245 10.198 7.2111 26.0768 29.7321 8.0623 25.6125 15.6205 32.6497 17.0294 28.4605 12.3693 21.2132 16.7631 26.5707 33.1059 36.7967 12.6491 17.2627 3.0 0.0 8.9443 
25.0 3.0 22.0 20.6155 22.8473 10.7703 15.2643 7.2111 13.4164 11.6619 2.0 18.1108 21.6333 5.0 16.9706 8.2462 24.0416 15.8114 23.0217 4.1231 13.0384 12.3693 21.0238 26.6833 28.3196 8.9443 9.0554 6.4031 8.9443 0.0 
