50
0.0 20.3961 28.178 18.3848 33.0 18.868 29.8329 31.5753 10.4403 28.6356 18.3576 11.7047 33.3017 22.0227 23.1948 39.2046 14.5602 42.638 27.2029 21.4009 10.7703 43.8634 36.6742 26.2488 37.7359 7.8102 15.2971 9.2195 22.2036 34.0 33.2415 12.6491 10.6301 4.4721 12.6491 8.4853 13.6015 23.7697 19.105 35.3412 36.6742 28.0 7.0711 16.9706 4.4721 39.6611 26.8328 21.5407 10.2956 23.0868 
20.3961 0.0 29.8329 34.2053 42.0595 7.2111 23.1948 14.8661 18.0278 17.088 13.6015 25.0 26.4764 41.1461 31.9061 35.2278 10.0 37.6563 44.4072 9.4868 21.2603 37.3631 51.6236 40.3113 26.8328 18.0278 8.6023 26.1725 34.7131 22.3607 37.6431 32.9848 17.6918 24.7386 22.6274 17.2047 29.4109 3.6056 38.0132 36.3456 23.8537 8.9443 17.4929 17.8885 19.6977 29.0689 42.5206 12.0 15.8114 32.45 
28.178 29.8329 0.0 46.0435 15.2643 35.1283 11.6619 26.1725 36.4005 18.3848 16.2788 39.8121 12.3693 31.9531 10.198 12.53 21.0238 16.1245 29.1548 38.2099 17.4929 18.3848 30.0832 21.0 19.6469 20.6155 22.0907 37.2156 16.2788 19.2354 8.0623 32.6497 18.0278 28.6007 15.8114 20.2485 20.8087 32.573 29.5466 7.2801 21.9317 29.1548 21.5407 13.0384 23.7065 20.2237 25.02 18.3848 34.9285 11.1803 
18.3848 34.2053 46.0435 0.0 47.8017 29.1548 48.1664 47.927 16.2788 46.3249 36.4005 9.2195 51.6624 27.2947 39.3954 57.4891 31.9061 60.959 35.1283 30.0 28.6007 62.2415 46.0977 38.3275 55.8032 26.1725 32.249 9.2195 36.4005 51.8652 50.0899 17.0294 29.0 17.4929 30.2324 26.8701 27.5136 36.6742 26.0192 53.0 54.3783 43.0116 25.4558 35.3553 22.6716 57.8014 37.0135 39.1152 18.4391 39.0 
33.0 42.0595 15.2643 47.8017 0.0 45.8803 26.9258 41.1096 43.1045 33.4215 28.8444 44.1814 27.313 25.4951 10.4403 24.0832 32.2025 27.0 19.4165 49.0408 23.3452 30.0167 16.0 11.3137 34.5398 27.4591 33.541 40.4475 11.4018 34.4819 9.0554 31.3847 25.9615 31.257 21.3776 27.6586 20.3961 45.2769 24.4131 15.0333 37.1214 43.2782 28.4429 24.1868 29.0689 34.7851 15.0 32.0156 42.2966 10.198 
18.868 7.2111 35.1283 29.1548 45.8803 0.0 29.8329 21.9317 13.0 24.1661 19.0 20.025 33.2415 40.8044 35.4683 41.7732 14.1421 44.3847 45.2548 3.1623 23.3238 44.2719 53.6004 42.4382 34.0 19.4165 13.0384 22.2036 37.2156 29.5296 42.5793 31.305 20.1246 23.3238 25.0599 18.868 30.4795 8.0623 37.8021 42.0119 31.0644 15.6205 18.6011 22.3607 19.799 36.2353 44.0454 18.4391 11.0454 35.8469 
29.8329 23.1948 11.6619 48.1664 26.9258 29.8329 0.0 15.2643 35.2278 7.6158 12.2066 40.3609 3.6056 40.3113 20.3961 12.0416 17.4929 14.5602 39.1152 32.5576 21.0238 14.7648 41.4367 31.5753 9.0554 22.2036 17.8885 38.9487 26.1725 7.6158 19.105 38.0789 19.4165 31.9061 20.2485 21.4009 27.6586 25.0 37.4833 15.2643 10.4403 19.6469 22.8035 13.0384 25.807 10.4403 35.3553 11.4018 33.2866 21.3776 
31.5753 14.8661 26.1725 47.927 41.1096 21.9317 15.2643 0.0 32.249 7.8102 15.2971 38.9102 17.088 48.6621 32.7567 25.9615 17.1172 27.2947 49.6488 23.6008 27.2947 26.0192 54.2033 43.382 14.0357 26.0 16.2788 39.2173 37.5766 10.0499 34.0588 43.0465 24.0832 35.2278 27.6586 25.0 35.6931 14.4222 45.5412 30.5287 10.198 6.7082 26.0192 19.9249 29.0689 16.1245 46.6154 11.1803 30.0167 33.6155 
10.4403 18.0278 36.4005 16.2788 43.1045 13.0 35.2278 32.249 0.0 31.8277 23.0217 7.0711 38.833 31.241 33.0 46.0652 17.8045 49.2443 37.2156 14.3178 20.025 49.93 47.0106 36.6879 41.7253 16.1245 17.6918 9.4868 32.5576 37.4833 42.4264 20.5183 18.4391 13.8924 22.0227 16.2788 24.0416 20.3961 28.6007 43.6807 39.6989 26.9258 15.1327 23.7697 14.0357 43.8634 37.1618 24.7588 2.2361 33.0151 
28.6356 17.088 18.3848 46.3249 33.4215 24.1661 7.6158 7.8102 31.8277 0.0 10.4403 37.8021 10.0499 43.0465 25.4951 19.105 14.4222 21.0238 43.1741 26.5707 22.0907 20.3961 46.9574 36.4005 10.0 21.8403 14.2127 37.2156 30.6757 5.6569 26.2488 38.833 19.4165 31.6228 22.0 20.8806 30.0167 18.2483 40.0125 22.8254 8.0623 12.1655 22.1359 14.0 25.2982 12.2066 39.8497 7.2111 29.6985 26.4008 
18.3576 13.6015 16.2788 36.4005 28.8444 19.0 12.2066 15.2971 23.0217 10.4403 0.0 28.2843 15.8114 33.3766 19.105 23.4094 5.3852 26.4008 34.5398 22.0227 12.0416 26.9258 40.0 28.8444 19.4165 11.4018 6.0828 27.2029 23.0217 15.6525 24.0416 28.4429 9.0554 21.1896 12.3693 10.4403 20.3961 16.5529 30.2655 23.0217 18.3848 15.0 11.7047 5.0 14.8661 21.4009 31.7648 4.1231 21.095 19.799 
11.7047 25.0 39.8121 9.2195 44.1814 20.025 40.3609 38.9102 7.0711 37.8021 28.2843 0.0 43.9318 28.178 34.7131 50.4777 23.4307 53.8238 35.1141 21.095 22.4722 54.8179 45.607 36.2215 47.5079 19.2354 23.6008 4.4721 33.0151 43.4166 44.9222 17.0 21.9545 13.0 24.3516 19.7231 24.0 27.4591 26.0 47.0106 45.8039 33.8378 18.3576 28.0179 16.1555 49.5782 35.9026 30.6105 9.2195 34.5254 
33.3017 26.4764 12.3693 51.6624 27.313 33.2415 3.6056 17.088 38.833 10.0499 15.8114 43.9318 0.0 42.7551 22.0227 9.0554 21.095 11.1803 41.0 35.9026 24.1868 11.1803 42.45 33.1361 7.2801 25.6125 21.4709 42.45 28.0 7.8102 18.868 41.1461 22.8035 35.2278 23.2594 24.8395 30.3645 28.0713 40.025 14.1421 10.0 22.2036 26.2488 16.4012 29.2062 8.0 37.054 14.8661 36.8917 23.0217 
22.0227 41.1461 31.9531 27.2947 25.4951 40.8044 40.3113 48.6621 31.241 43.0465 33.3766 28.178 42.7551 0.0 21.9317 44.3847 32.573 47.927 8.0623 43.4166 21.3776 50.3289 19.0263 14.2127 49.366 23.4094 33.8378 23.7065 16.1245 47.0425 31.6228 11.1803 24.7386 17.6918 21.095 24.3516 13.0384 44.7214 3.1623 36.7151 50.04 47.1275 23.7697 29.0689 21.4709 50.636 11.1803 37.4833 31.8277 21.0238 
23.1948 31.9061 10.198 39.3954 10.4403 35.4683 20.3961 32.7567 33.0 25.4951 19.105 34.7131 22.0227 21.9317 0.0 22.4722 21.9545 26.0 19.0263 38.6264 13.0384 28.4605 21.4709 11.1803 29.1548 17.1172 23.3238 31.3209 6.0828 27.8927 10.8167 24.2074 15.5242 22.1359 11.0454 17.2627 12.2066 35.2278 19.7231 15.0 30.8058 33.9706 18.1108 14.2127 19.0263 30.0167 15.0333 22.6716 32.0624 1.0 
39.2046 35.2278 12.53 57.4891 24.0832 41.7732 12.0416 25.9615 46.0652 19.105 23.4094 50.4777 9.0554 44.3847 22.4722 0.0 28.7924 3.6056 41.0 44.5533 29.0 6.0828 40.05 32.5576 13.6015 31.4006 29.4109 48.4149 28.4605 16.1555 15.0333 45.0 28.6007 40.3113 27.5862 30.8058 33.2866 37.0135 42.0476 9.0554 17.4929 31.257 32.2025 22.4722 34.8281 12.7279 36.6742 23.3452 44.2832 23.4094 
14.5602 10.0 21.0238 31.9061 32.2025 14.1421 17.4929 17.1172 17.8045 14.4222 5.3852 23.4307 21.095 32.573 21.9545 28.7924 0.0 31.7805 34.9857 17.2627 11.6619 32.249 41.7253 30.4138 24.0832 9.2195 1.4142 22.8254 24.7588 20.0 28.4429 26.0 8.0623 18.1108 12.8062 8.2462 20.1246 13.4536 29.4109 28.0179 22.4722 14.5602 9.0554 8.2462 12.0 26.1725 32.8024 7.2111 15.8114 22.4722 
42.638 37.6563 16.1245 60.959 27.0 44.3847 14.5602 27.2947 49.2443 21.0238 26.4008 53.8238 11.1803 47.927 26.0 3.6056 31.7805 0.0 44.3847 47.0744 32.5269 3.1623 43.0 35.9026 13.9284 34.8281 32.311 51.8556 31.9531 17.2627 18.0278 48.6004 32.0156 43.8406 31.1448 34.2053 36.8917 39.2046 45.618 12.0416 18.0278 33.0151 35.609 25.807 38.2884 12.53 40.025 25.9615 47.4131 26.9258 
27.2029 44.4072 29.1548 35.1283 19.4165 45.2548 39.1152 49.6488 37.2156 43.1741 34.5398 35.1141 41.0 8.0623 19.0263 41.0 34.9857 44.3847 0.0 48.1041 23.3238 47.0744 11.0 8.544 48.0416 26.4008 36.3593 30.6757 13.0 46.3897 26.9258 18.4391 26.9258 23.3238 22.3607 27.2029 15.0 48.0104 9.2195 32.573 49.366 49.1935 27.0185 29.7321 25.4558 49.0 4.4721 38.6264 37.4433 18.0278 
21.4009 9.4868 38.2099 30.0 49.0408 3.1623 32.5576 23.6008 14.3178 26.5707 22.0227 21.095 35.9026 43.4166 38.6264 44.5533 17.2627 47.0744 48.1041 0.0 26.4197 46.8402 56.6127 45.4863 36.2491 22.4722 16.1245 23.7697 40.3113 31.7805 45.7056 33.6155 23.2594 25.807 28.178 21.9545 33.4215 9.2195 40.4599 45.0444 33.121 17.0294 21.6333 25.4951 22.6716 38.4838 47.0106 21.2132 12.6491 39.0 
10.7703 21.2603 17.4929 28.6007 23.3452 23.3238 21.0238 27.2947 20.025 22.0907 12.0416 22.4722 24.1868 21.3776 13.0384 29.0 11.6619 32.5269 23.3238 26.4197 0.0 34.0588 30.4795 19.2094 29.7321 4.1231 13.0384 19.7231 13.8924 26.6833 22.561 17.088 3.6056 11.3137 2.0 4.4721 8.544 24.8395 18.2483 24.5967 29.6142 26.0 5.099 8.2462 6.3246 31.3847 21.2603 16.1245 19.0263 13.1529 
43.8634 37.3631 18.3848 62.2415 30.0167 44.2719 14.7648 26.0192 49.93 20.3961 26.9258 54.8179 11.1803 50.3289 28.4605 6.0828 32.249 3.1623 47.0744 46.8402 34.0588 0.0 46.0109 38.6394 12.1655 36.0694 32.6497 53.0754 34.4819 16.0 21.0 50.4777 33.2415 45.3431 32.8024 35.3836 38.9487 38.6394 47.927 15.0 16.2788 32.0624 36.7967 26.9072 39.598 10.4403 42.7551 26.0 48.0208 29.4109 
36.6742 51.6236 30.0832 46.0977 16.0 53.6004 41.4367 54.2033 47.0106 46.9574 40.0 45.607 42.45 19.0263 21.4709 40.05 41.7253 43.0 11.0 56.6127 30.4795 46.0109 0.0 11.3137 49.7293 34.2053 43.1393 41.2311 17.0294 49.0408 25.02 29.2746 33.9706 33.2415 29.0 34.8281 23.3238 55.1543 20.0998 31.0161 51.8652 55.0 35.0 35.0 34.1321 50.2195 9.8489 43.8292 46.9574 20.5913 
26.2488 40.3113 21.0 38.3275 11.3137 42.4382 31.5753 43.382 36.6879 36.4005 28.8444 36.2215 33.1361 14.2127 11.1803 32.5576 30.4138 35.9026 8.544 45.4863 19.2094 38.6394 11.3137 0.0 40.3113 23.0217 31.8277 32.0624 5.831 39.0512 18.3848 21.3776 22.6716 23.3452 17.6918 23.6008 12.6491 43.8406 13.4164 24.0416 41.9762 43.8292 23.8537 23.8537 23.2594 41.1096 4.1231 32.7567 36.4005 10.198 
37.7359 26.8328 19.6469 55.8032 34.5398 34.0 9.0554 14.0357 41.7253 10.0 19.4165 47.5079 7.2801 49.366 29.1548 13.6015 24.0832 13.9284 48.0416 36.2491 29.7321 12.1655 49.7293 40.3113 0.0 30.4138 24.0416 46.6154 35.0571 4.4721 25.9422 46.8188 27.7308 40.2492 29.1204 29.5296 36.6742 27.5136 46.5296 20.8087 4.1231 20.3961 30.8869 21.5407 34.0 2.2361 44.1814 16.9706 39.6232 30.1496 
7.8102 18.0278 20.6155 26.1725 27.4591 19.4165 22.2036 26.0 16.1245 21.8403 11.4018 19.2354 25.6125 23.4094 17.1172 31.4006 9.2195 34.8281 26.4008 22.4722 4.1231 36.0694 34.2053 23.0217 30.4138 0.0 10.4403 17.0294 17.8885 26.9258 26.3059 17.1172 2.8284 9.8489 6.0828 1.0 11.4018 21.6333 20.2485 27.8568 29.7321 23.7697 1.0 9.2195 3.6056 32.249 24.7588 15.1327 15.0 17.2627 
15.2971 8.6023 22.0907 32.249 33.541 13.0384 17.8885 16.2788 17.6918 14.2127 6.0828 23.6008 21.4709 33.8378 23.3238 29.4109 1.4142 32.311 36.3593 16.1245 13.0384 32.6497 43.1393 31.8277 24.0416 10.4403 0.0 23.2594 26.1725 19.8494 29.6142 27.0185 9.434 19.0263 14.2127 9.4868 21.4709 12.0416 30.6757 29.0 22.2036 13.3417 10.198 9.4868 13.0384 26.1725 34.2053 7.0711 15.6205 23.8537 
9.2195 26.1725 37.2156 9.2195 40.4475 22.2036 38.9487 39.2173 9.4868 37.2156 27.2029 4.4721 42.45 23.7065 31.3209 48.4149 22.8254 51.8556 30.6757 23.7697 19.7231 53.0754 41.2311 32.0624 46.6154 17.0294 23.2594 0.0 29.1548 42.72 41.7852 12.53 19.8494 9.2195 21.4709 17.6918 20.0998 29.0172 21.5407 44.2945 45.2769 34.7131 16.2788 26.1725 13.6015 48.6004 31.5753 30.0167 11.1803 31.0483 
22.2036 34.7131 16.2788 36.4005 11.4018 37.2156 26.1725 37.5766 32.5576 30.6757 23.0217 33.0151 28.0 16.1245 6.0828 28.4605 24.7588 31.9531 13.0 40.3113 13.8924 34.4819 17.0294 5.831 35.0571 17.8885 26.1725 29.1548 0.0 33.541 15.6205 20.1246 17.2047 20.025 12.2066 18.3576 9.0554 38.2099 14.2127 20.5913 36.4966 38.0132 18.7883 18.0278 18.6815 36.0 9.2195 26.9258 32.0156 5.099 
34.0 22.3607 19.2354 51.8652 34.4819 29.5296 7.6158 10.0499 37.4833 5.6569 15.6525 43.4166 7.8102 47.0425 27.8927 16.1555 20.0 17.2627 46.3897 31.7805 26.6833 16.0 49.0408 39.0512 4.4721 26.9258 19.8494 42.72 33.541 0.0 26.4008 43.6807 24.3516 36.7696 26.3059 26.0 34.1321 23.0868 44.1022 21.9317 3.0 16.1245 27.313 18.4391 30.4631 6.7082 42.7551 12.8062 35.3553 28.8617 
33.2415 37.6431 8.0623 50.0899 9.0554 42.5793 19.105 34.0588 42.4264 26.2488 24.0416 44.9222 18.868 31.6228 10.8167 15.0333 28.4429 18.0278 26.9258 45.7056 22.561 21.0 25.02 18.3848 25.9422 26.3059 29.6142 41.7852 15.6205 26.4008 0.0 35.0 24.0832 32.6956 20.6155 26.1725 23.0217 40.4969 29.8329 6.0 28.8444 37.2156 27.2947 20.2237 28.8617 26.0 22.4722 26.4008 41.1947 11.4018 
12.6491 32.9848 32.6497 17.0294 31.3847 31.305 38.0789 43.0465 20.5183 38.833 28.4429 17.0 41.1461 11.1803 24.2074 45.0 26.0 48.6004 18.4391 33.6155 17.088 50.4777 29.2746 21.3776 46.8188 17.1172 27.0185 12.53 20.1246 43.6807 35.0 0.0 19.4165 8.2462 17.8885 18.1108 12.0416 36.4005 9.2195 38.8973 46.5725 40.1995 17.0294 25.2982 14.0 48.4665 20.0 32.249 21.4009 23.6008 
10.6301 17.6918 18.0278 29.0 25.9615 20.1246 19.4165 24.0832 18.4391 19.4165 9.0554 21.9545 22.8035 24.7386 15.5242 28.6007 8.0623 32.0156 26.9258 23.2594 3.6056 33.2415 33.9706 22.6716 27.7308 2.8284 9.434 19.8494 17.2047 24.3516 24.0832 19.4165 0.0 12.53 5.0 2.2361 12.083 21.2603 21.587 25.2982 27.2029 22.4722 3.6056 6.4031 6.4031 29.5296 24.8395 13.0 17.1172 15.8114 
4.4721 24.7386 28.6007 17.4929 31.257 23.3238 31.9061 35.2278 13.8924 31.6228 21.1896 13.0 35.2278 17.6918 22.1359 40.3113 18.1108 43.8406 23.3238 25.807 11.3137 45.3431 33.2415 23.3452 40.2492 9.8489 19.0263 9.2195 20.025 36.7696 32.6956 8.2462 12.53 0.0 12.8062 10.7703 11.0 28.1603 14.8661 35.5106 39.5601 32.0624 9.4868 18.868 6.3246 42.0595 23.4094 24.7386 14.2127 21.8403 
12.6491 22.6274 15.8114 30.2324 21.3776 25.0599 20.2485 27.6586 22.0227 22.0 12.3693 24.3516 23.2594 21.095 11.0454 27.5862 12.8062 31.1448 22.3607 28.178 2.0 32.8024 29.0 17.6918 29.1204 6.0828 14.2127 21.4709 12.2066 26.3059 20.6155 17.8885 5.0 12.8062 0.0 6.3246 8.0623 26.1725 18.0278 22.8254 29.2746 26.8328 7.0711 8.0 8.2462 30.6757 20.0 16.4924 21.0238 11.1803 
8.4853 17.2047 20.2485 26.8701 27.6586 18.868 21.4009 25.0 16.2788 20.8806 10.4403 19.7231 24.8395 24.3516 17.2627 30.8058 8.2462 34.2053 27.2029 21.9545 4.4721 35.3836 34.8281 23.6008 29.5296 1.0 9.4868 17.6918 18.3576 26.0 26.1725 18.1108 2.2361 10.7703 6.3246 0.0 12.2066 20.8087 21.1896 27.5136 28.7924 22.8035 1.4142 8.4853 4.4721 31.3847 25.4558 14.1421 15.0333 17.4642 
13.6015 29.4109 20.8087 27.5136 20.3961 30.4795 27.6586 35.6931 24.0416 30.0167 20.3961 24.0 30.3645 13.0384 12.2066 33.2866 20.1246 36.8917 15.0 33.4215 8.544 38.9487 23.3238 12.6491 36.6742 11.4018 21.4709 20.0998 9.0554 34.1321 23.0217 12.0416 12.083 11.0 8.0623 12.2066 0.0 33.0151 10.0 26.8701 37.1214 34.5398 12.0416 16.0312 10.8167 38.0789 13.6015 24.5153 23.7697 11.6619 
23.7697 3.6056 32.573 36.6742 45.2769 8.0623 25.0 14.4222 20.3961 18.2483 16.5529 27.4591 28.0713 44.7214 35.2278 37.0135 13.4536 39.2046 48.0104 9.2195 24.8395 38.6394 55.1543 43.8406 27.5136 21.6333 12.0416 29.0172 38.2099 23.0868 40.4969 36.4005 21.2603 28.1603 26.1725 20.8087 33.0151 0.0 41.5933 38.833 24.1661 7.8102 21.095 21.095 23.2594 29.7321 46.0977 14.3178 18.2483 35.805 
19.105 38.0132 29.5466 26.0192 24.4131 37.8021 37.4833 45.5412 28.6007 40.0125 30.2655 26.0 40.025 3.1623 19.7231 42.0476 29.4109 45.618 9.2195 40.4599 18.2483 47.927 20.0998 13.4164 46.5296 20.2485 30.6757 21.5407 14.2127 44.1022 29.8329 9.2195 21.587 14.8661 18.0278 21.1896 10.0 41.5933 0.0 34.6699 47.0956 43.9659 20.6155 26.0192 18.3576 47.8539 11.1803 34.3657 29.0689 18.868 
35.3412 36.3456 7.2801 53.0 15.0333 42.0119 15.2643 30.5287 43.6807 22.8254 23.0217 47.0106 14.1421 36.7151 15.0 9.0554 28.0179 12.0416 32.573 45.0444 24.5967 15.0 31.0161 24.0416 20.8087 27.8568 29.0 44.2945 20.5913 21.9317 6.0 38.8973 25.2982 35.5106 22.8254 27.5136 26.8701 38.833 34.6699 0.0 24.0832 34.5398 28.7924 20.2237 30.8707 20.5913 28.1603 24.5153 42.2019 15.8114 
36.6742 23.8537 21.9317 54.3783 37.1214 31.0644 10.4403 10.198 39.6989 8.0623 18.3848 45.8039 10.0 50.04 30.8058 17.4929 22.4722 18.0278 49.366 33.121 29.6142 16.2788 51.8652 41.9762 4.1231 29.7321 22.2036 45.2769 36.4966 3.0 28.8444 46.5725 27.2029 39.5601 29.2746 28.7924 37.1214 24.1661 47.0956 24.0832 0.0 16.7631 30.0832 21.3776 33.2415 6.0 45.7056 15.2643 37.5366 31.7805 
28.0 8.9443 29.1548 43.0116 43.2782 15.6205 19.6469 6.7082 26.9258 12.1655 15.0 33.8378 22.2036 47.1275 33.9706 31.257 14.5602 33.0151 49.1935 17.0294 26.0 32.0624 55.0 43.8292 20.3961 23.7697 13.3417 34.7131 38.0132 16.1245 37.2156 40.1995 22.4722 32.0624 26.8328 22.8035 34.5398 7.8102 43.9659 34.5398 16.7631 0.0 23.5372 20.0 26.3059 22.561 46.6476 11.3137 24.6982 34.7131 
7.0711 17.4929 21.5407 25.4558 28.4429 18.6011 22.8035 26.0192 15.1327 22.1359 11.7047 18.3576 26.2488 23.7697 18.1108 32.2025 9.0554 35.609 27.0185 21.6333 5.099 36.7967 35.0 23.8537 30.8869 1.0 10.198 16.2788 18.7883 27.313 27.2947 17.0294 3.6056 9.4868 7.0711 1.4142 12.0416 21.095 20.6155 28.7924 30.0832 23.5372 0.0 9.8995 3.1623 32.7567 25.4951 15.2971 14.0 18.2483 
16.9706 17.8885 13.0384 35.3553 24.1868 22.3607 13.0384 19.9249 23.7697 14.0 5.0 28.0179 16.4012 29.0689 14.2127 22.4722 8.2462 25.807 29.7321 25.4951 8.2462 26.9072 35.0 23.8537 21.5407 9.2195 9.4868 26.1725 18.0278 18.4391 20.2237 25.2982 6.4031 18.868 8.0 8.4853 16.0312 21.095 26.0192 20.2237 21.3776 20.0 9.8995 0.0 12.8062 23.2594 26.8328 8.9443 22.1359 14.8661 
4.4721 19.6977 23.7065 22.6716 29.0689 19.799 25.807 29.0689 14.0357 25.2982 14.8661 16.1555 29.2062 21.4709 19.0263 34.8281 12.0 38.2884 25.4558 22.6716 6.3246 39.598 34.1321 23.2594 34.0 3.6056 13.0384 13.6015 18.6815 30.4631 28.8617 14.0 6.4031 6.3246 8.2462 4.4721 10.8167 23.2594 18.3576 30.8707 33.2415 26.3059 3.1623 12.8062 0.0 35.8469 24.4131 18.4391 13.3417 19.0 
39.6611 29.0689 20.2237 57.8014 34.7851 36.2353 10.4403 16.1245 43.8634 12.2066 21.4009 49.5782 8.0 50.636 30.0167 12.7279 26.1725 12.53 49.0 38.4838 31.3847 10.4403 50.2195 41.1096 2.2361 32.249 26.1725 48.6004 36.0 6.7082 26.0 48.4665 29.5296 42.0595 30.6757 31.3847 38.0789 29.7321 47.8539 20.5913 6.0 22.561 32.7567 23.2594 35.8469 0.0 45.0444 19.105 41.7732 31.0161 
26.8328 42.5206 25.02 37.0135 15.0 44.0454 35.3553 46.6154 37.1618 39.8497 31.7648 35.9026 37.054 11.1803 15.0333 36.6742 32.8024 40.025 4.4721 47.0106 21.2603 42.7551 9.8489 4.1231 44.1814 24.7588 34.2053 31.5753 9.2195 42.7551 22.4722 20.0 24.8395 23.4094 20.0 25.4558 13.6015 46.0977 11.1803 28.1603 45.7056 46.6476 25.4951 26.8328 24.4131 45.0444 0.0 35.7771 37.1214 14.0357 
21.5407 12.0 18.3848 39.1152 32.0156 18.4391 11.4018 11.1803 24.7588 7.2111 4.1231 30.6105 14.8661 37.4833 22.6716 23.3452 7.2111 25.9615 38.6264 21.2132 16.1245 26.0 43.8292 32.7567 16.9706 15.1327 7.0711 30.0167 26.9258 12.8062 26.4008 32.249 13.0 24.7386 16.4924 14.1421 24.5153 14.3178 34.3657 24.5153 15.2643 11.3137 15.2971 8.9443 18.4391 19.105 35.7771 0.0 22.6716 23.4307 
10.2956 15.8114 34.9285 18.4391 42.2966 11.0454 33.2866 30.0167 2.2361 29.6985 21.095 9.2195 36.8917 31.8277 32.0624 44.2832 15.8114 47.4131 37.4433 12.6491 19.0263 48.0208 46.9574 36.4005 39.6232 15.0 15.6205 11.1803 32.0156 35.3553 41.1947 21.4009 17.1172 14.2127 21.0238 15.0333 23.7697 18.2483 29.0689 42.2019 37.5366 24.6982 14.0 22.1359 13.3417 41.7732 37.1214 22.6716 0.0 32.1403 
23.0868 32.45 11.1803 39.0 10.198 35.8469 21.3776 33.6155 33.0151 26.4008 19.799 34.5254 23.0217 21.0238 1.0 23.4094 22.4722 26.9258 18.0278 39.0 13.1529 29.4109 20.5913 10.198 30.1496 17.2627 23.8537 31.0483 5.099 28.8617 11.4018 23.6008 15.8114 21.8403 11.1803 17.4642 11.6619 35.805 18.868 15.8114 31.7805 34.7131 18.2483 14.8661 19.0 31.0161 14.0357 23.4307 32.1403 0.0 
