80
0.0 33.3766 77.8267 7.2111 58.5918 62.5859 23.1948 46.2709 68.7095 38.2099 49.6488 34.5398 29.4109 66.2873 51.0392 66.8431 43.0465 39.4081 86.0233 49.0408 50.01 9.434 17.72 24.1868 33.0606 10.198 56.0089 9.0554 57.0789 56.6127 10.2956 77.1751 48.1664 73.9797 49.163 27.1662 70.1142 73.0274 55.6597 65.5515 51.9711 37.054 7.0711 47.8539 48.7545 21.8403 55.5698 55.6597 57.7062 18.1108 72.0625 72.8354 73.8241 58.5235 29.0 45.0111 25.4951 14.0357 37.2156 19.6469 41.7732 30.6105 4.0 62.2415 41.4367 24.6982 18.1108 68.3593 38.0526 50.2195 24.0832 28.0713 33.7343 39.9249 17.088 5.0 19.3132 42.4853 46.0109 45.0444 
33.3766 0.0 74.0608 31.0161 57.3149 81.0247 10.198 58.1808 90.1388 33.7343 74.411 59.0339 57.8014 83.7616 19.3132 57.7062 57.1402 38.3275 76.9025 53.4509 63.6318 25.0 50.0 20.8087 7.0 43.566 69.8355 24.7386 71.6938 40.1622 26.0 71.3442 41.0122 80.7775 65.4599 43.8634 80.4114 85.4927 76.5768 87.2067 50.4876 8.0623 29.7321 19.799 50.448 55.109 36.2491 60.1664 74.8866 51.4782 85.0 80.0812 72.0278 40.3113 47.3814 12.6491 18.868 38.9487 4.1231 17.2047 15.2643 59.5399 33.0151 62.514 13.6015 56.921 41.8808 77.4919 55.4437 58.3095 25.807 45.2769 46.0435 63.7809 49.0102 36.0139 19.2094 45.2217 14.3178 12.3693 
77.8267 74.0608 0.0 70.6612 19.2354 50.636 73.1642 38.6005 61.2046 42.2019 64.0781 61.4003 69.527 49.163 68.6586 18.0278 42.8019 39.2173 14.0357 29.8329 39.8246 79.1202 91.022 58.9406 67.0671 81.2712 39.2173 73.1642 40.8044 37.3631 69.4622 5.0 33.2415 24.3311 44.7214 53.4135 32.0156 38.2099 55.3624 60.531 26.0 67.0075 71.1126 61.0 29.1548 84.9588 42.72 24.8395 46.5725 86.0523 39.1152 25.1794 5.3852 39.2173 53.8145 70.5762 59.439 66.2873 73.0068 66.2193 61.2046 71.0634 81.3941 16.2788 63.1981 79.9062 63.6003 29.0172 49.0408 32.0156 55.9732 53.2635 46.2277 60.208 91.2634 82.7647 64.56 35.3553 68.7314 71.5681 
7.2111 31.0161 70.6612 0.0 51.4296 57.8705 21.0238 40.0125 64.846 31.1127 46.6154 31.0644 27.6586 61.4003 47.1699 59.6657 37.054 32.2025 78.8162 42.0595 44.1022 11.7047 23.7065 18.0278 29.2746 14.5602 50.2494 7.0711 51.4782 49.93 5.099 69.9714 41.0366 67.4759 43.7379 21.0238 64.0 67.2681 51.4782 61.7171 44.7772 33.2415 1.4142 43.1045 41.6293 25.0 49.1935 48.7647 52.6308 22.3607 66.3702 66.3702 66.7083 51.9711 23.3452 41.5933 19.6469 9.434 34.4819 15.0333 37.054 29.2062 10.7703 55.1543 37.0 25.9615 13.4164 62.0725 32.5576 43.566 17.2047 22.0907 27.1662 36.3593 23.3238 12.2066 14.0357 35.3412 42.2966 41.7732 
58.5918 57.3149 19.2354 51.4296 0.0 41.9762 55.1453 22.8035 53.3667 24.0208 50.636 44.7214 52.1536 42.0595 55.4617 15.0 26.5707 20.3961 29.2062 11.6619 26.0768 60.0833 72.0069 40.4475 50.3587 62.2013 28.2843 54.0833 30.4138 26.8701 50.3289 19.105 16.7631 25.807 31.1448 34.6554 29.2062 35.805 44.0114 51.788 7.0711 50.9902 51.8941 47.4236 10.0 66.4831 31.8904 10.0499 36.3456 67.2681 36.0555 25.6125 15.5242 29.7321 35.4683 55.9732 41.1947 47.2017 56.8859 47.676 46.1736 53.8516 62.1691 5.3852 48.0833 61.8466 44.6878 25.6125 32.2025 16.2788 37.108 34.6554 27.5862 44.5982 72.2011 63.5295 45.8912 16.1245 54.4243 56.921 
62.5859 81.0247 50.636 57.8705 41.9762 0.0 73.9256 24.2074 11.4018 51.8556 19.2354 29.0172 37.1214 4.1231 87.7838 56.7186 24.0832 47.0106 64.6297 34.4384 18.6011 69.5701 66.0681 60.2163 75.4321 59.1354 13.9284 64.2573 11.7047 66.2118 60.5392 54.231 52.3546 28.6356 15.6205 38.0132 20.1246 16.9706 8.544 10.0 43.0813 77.9872 59.1354 80.1561 38.9102 55.4437 70.2353 32.0156 6.4031 59.1354 15.5563 27.313 45.3982 69.3542 34.9285 85.5862 62.2013 48.7647 82.6196 65.0 76.3806 37.3363 66.4906 39.2046 77.7817 48.5077 44.643 22.1359 25.9422 27.7308 55.2178 36.6742 35.0 24.0208 67.0298 65.9242 62.7694 40.2244 84.8528 86.3134 
23.1948 10.198 73.1642 21.0238 55.1453 73.9256 0.0 52.2015 82.4197 31.1448 65.7647 50.2096 48.2597 76.9415 28.4429 58.1893 50.5668 35.0 77.8332 49.366 57.3847 15.1327 40.05 15.1327 11.1803 33.3766 63.6946 14.5602 65.3911 42.72 16.1245 71.0634 40.025 76.7919 58.5918 36.0555 75.4321 80.0062 68.8186 79.404 48.0937 14.8661 19.6977 26.8328 47.0425 44.911 39.8246 56.3205 68.0 41.3038 79.3788 75.9539 70.4557 43.6005 39.4081 22.0907 14.0 29.4109 14.0357 8.9443 21.095 49.93 23.0217 60.0333 20.1246 46.8188 32.6497 72.7805 48.0208 53.3667 19.6469 37.4433 39.3954 55.1725 39.1152 26.0192 11.1803 41.1947 23.3452 22.0227 
46.2709 58.1808 38.6005 40.0125 22.8035 24.2074 52.2015 0.0 34.9857 27.6586 28.0713 22.8035 31.1127 26.1725 63.6553 37.4833 4.2426 22.8035 51.0 12.0 5.6569 51.0882 55.5428 37.5766 52.1536 46.4866 11.6619 45.1774 13.6015 43.0116 41.1947 40.3113 28.7924 27.8927 9.4868 19.105 24.0208 27.8927 23.0868 32.6497 21.0238 54.4059 41.0 55.9732 16.1245 47.7074 46.6154 13.8924 17.8045 49.6488 27.2029 26.6833 33.4215 46.1736 17.72 61.7171 39.3573 32.5576 59.3633 43.3244 52.345 32.5576 50.2494 22.8254 53.8145 42.0119 28.8617 22.0907 10.6301 6.7082 32.6956 18.2483 13.1529 21.9317 56.0803 50.636 41.1096 16.1245 60.8769 62.482 
68.7095 90.1388 61.2046 64.846 53.3667 11.4018 82.4197 34.9857 0.0 62.426 20.0998 34.176 40.7922 12.0416 98.0816 68.0661 34.2053 57.6888 75.2396 45.6946 29.5296 76.4853 69.4622 69.4262 84.8999 63.7887 25.2982 71.5891 23.0868 77.4726 68.0955 65.0308 63.5059 38.0789 25.807 46.4004 29.6142 24.6982 13.6015 3.1623 54.4243 87.6812 66.1891 90.6035 50.1597 58.1378 81.3941 43.4166 17.4642 62.3939 23.4094 36.8782 56.0803 80.6226 43.0116 95.5249 71.5052 55.4617 92.0217 73.6003 86.5563 40.4475 72.45 50.4876 87.8635 51.1566 51.4296 32.249 34.7131 39.0 64.4438 45.0 44.5533 28.7924 70.5762 71.4703 71.4003 51.1077 94.921 96.2081 
38.2099 33.7343 42.2019 31.1127 24.0208 51.8556 31.1448 27.6586 62.426 0.0 51.5461 39.2046 43.1856 53.7587 36.0694 28.8444 28.3019 5.0 48.3735 20.1246 33.3017 37.5899 54.2033 16.7631 26.9258 44.4072 38.8973 31.9061 41.0122 20.6155 28.6007 40.4969 10.0 47.1275 36.6197 23.0217 47.4131 53.0 49.7393 59.9083 17.0 28.2312 31.1448 28.3196 16.7631 51.8941 22.0 26.5707 45.4533 51.1077 52.6972 46.4866 39.3192 23.3452 26.0192 34.6699 17.2627 30.4138 33.8378 24.0416 25.0 45.1774 41.2311 29.0172 26.6271 49.3356 29.7321 44.2832 29.7321 25.807 14.4222 24.0 19.6469 41.9762 54.037 43.1856 22.4722 12.2066 33.6006 35.5106 
49.6488 74.411 64.0781 46.6154 50.636 19.2354 65.7647 28.0713 20.0998 51.5461 0.0 15.6205 20.8806 23.2594 85.0882 65.4905 25.02 47.5395 77.4919 40.05 24.7386 57.9828 49.366 54.4059 70.0 43.9659 25.0599 53.6004 23.8537 69.8713 50.448 66.7308 55.5788 45.4533 19.6469 31.0644 37.4833 35.805 10.8167 17.0294 49.0102 73.2393 48.0104 78.2624 44.0 38.0526 72.7805 41.0 19.105 42.2966 34.4093 44.0454 58.6941 72.9932 27.4591 81.5414 56.6127 37.2022 76.8375 57.3149 73.4302 20.3961 53.2259 49.7293 74.4312 31.0644 33.4215 38.4187 21.8403 34.3657 49.6488 29.6816 31.9531 10.6301 50.4876 52.0 55.2268 42.4264 81.3019 82.0975 
34.5398 59.0339 61.4003 31.0644 44.7214 29.0172 50.2096 22.8035 34.176 39.2046 15.6205 0.0 8.9443 33.0 70.6824 58.5235 18.6011 36.0 73.5731 33.1059 22.8035 42.5441 37.2156 39.4462 54.9181 30.1496 26.8328 38.0132 26.9258 59.0085 34.8281 62.9682 45.1774 48.0208 19.2354 16.7631 41.6293 42.45 21.3776 31.0161 41.1096 58.3095 32.45 64.2573 36.0555 27.2029 61.131 36.6197 25.318 30.4138 41.2311 46.6476 56.2228 62.0 13.3417 66.7308 41.6773 21.6333 61.6117 41.8688 59.0931 10.0 38.2753 45.4863 59.9333 20.6155 17.8045 41.1825 12.53 29.4109 34.8855 15.5242 20.025 5.3852 38.1182 37.3631 39.8246 32.5576 66.6483 67.2309 
29.4109 57.8014 69.527 27.6586 52.1536 37.1214 48.2597 31.1127 40.7922 43.1856 20.8806 8.9443 0.0 41.1947 71.4703 65.307 26.8701 40.7922 81.2712 40.4969 31.6228 38.2884 29.0 39.8497 54.626 23.0868 35.7771 34.7131 35.8469 63.6396 32.2025 70.8025 50.448 56.9386 28.178 20.2237 50.5668 51.2445 29.0 37.6563 47.8539 58.3095 29.0689 65.7343 42.9418 18.4391 65.123 44.6878 33.9559 22.0227 50.0 55.5698 64.4438 66.4831 17.72 66.8506 42.0595 18.868 60.8276 40.7063 60.1664 2.0 32.7567 53.4135 60.7289 11.7047 16.1555 50.1199 20.5183 37.5366 35.9026 19.4165 25.632 13.1529 30.0167 31.305 38.9102 38.6264 67.0671 67.2309 
66.2873 83.7616 49.163 61.4003 42.0595 4.1231 76.9415 26.1725 12.0416 53.7587 23.2594 33.0 41.1947 0.0 89.8053 56.5155 26.6271 48.8365 63.1981 35.5106 20.5183 73.0821 70.1142 62.9682 78.0064 63.0714 15.0 67.6757 12.8062 67.1193 63.9062 53.0094 53.535 26.2488 18.3576 41.2311 17.72 13.6015 12.6491 11.7047 43.8292 80.4301 62.6418 82.0731 39.9625 59.5399 71.3442 32.311 8.9443 63.1981 12.2066 25.0 44.0454 70.2353 38.2753 87.8635 64.8999 52.3927 85.2115 68.0 78.5175 41.4367 70.214 38.833 79.9812 52.6118 48.2701 20.2237 29.1548 28.8444 57.9828 39.9249 37.7359 28.0713 71.0634 69.7209 65.7647 41.8688 87.046 88.6172 
51.0392 19.3132 68.6586 47.1699 55.4617 87.7838 28.4429 63.6553 98.0816 36.0694 85.0882 70.6824 71.4703 89.8053 0.0 50.8035 63.8905 41.0366 68.0074 55.6058 69.3109 43.566 68.3593 31.6228 18.0 61.0 74.9667 42.0119 77.0779 31.4006 42.107 64.9384 38.9487 81.0062 72.3464 54.1202 82.662 88.6002 85.0 95.4254 49.7393 14.0 46.0977 8.0623 51.614 72.111 26.1725 61.2944 81.3941 69.0 88.4081 80.6226 68.0074 30.0666 57.7062 6.7082 29.4109 53.3667 15.2315 32.1403 11.6619 73.3757 51.3517 60.8358 10.7703 72.8354 55.3624 79.3221 64.0703 61.7171 35.8469 55.4707 53.8238 74.7061 67.4759 54.3323 33.3766 48.1664 5.099 7.2111 
66.8431 57.7062 18.0278 59.6657 15.0 56.7186 58.1893 37.4833 68.0661 28.8444 65.4905 58.5235 65.307 56.5155 50.8035 0.0 41.0 27.5862 19.6977 25.7099 41.0488 66.3702 82.0366 45.1774 50.8035 72.1388 43.1856 60.7454 45.2769 19.4165 57.4282 14.1421 18.868 36.6197 46.0977 46.3249 42.0476 48.7545 59.0085 66.6108 17.4642 50.2494 59.8164 43.2897 22.4722 78.0064 24.7386 25.02 51.2445 78.1025 49.2443 36.8917 18.6011 21.1896 47.8853 53.0848 45.1885 57.3847 56.2228 52.3259 44.0114 67.1193 70.0 17.72 46.0109 74.0945 55.6058 38.4838 46.1736 31.1448 43.2666 46.6476 39.8246 58.9406 82.0244 71.8401 51.0 26.9258 51.1566 54.0833 
43.0465 57.1402 42.8019 37.054 26.5707 24.0832 50.5668 4.2426 34.2053 28.3019 25.02 18.6011 26.8701 26.6271 63.8905 41.0 0.0 23.7065 55.0727 15.2971 7.0711 48.3735 51.6236 36.3593 51.4004 42.72 13.3417 42.5793 14.8661 45.1221 38.6394 44.4185 30.8058 31.6228 8.4853 16.0312 27.074 30.2655 21.4709 31.6228 24.0832 53.9073 38.1182 56.4004 19.0263 43.566 48.3839 18.0278 17.8045 45.618 29.4279 30.3645 37.6431 48.2701 14.1421 61.5224 38.2753 29.1548 58.6003 41.6293 52.4023 28.3196 47.0425 26.9258 53.7587 37.8021 25.318 25.4951 6.4031 10.8167 31.3847 15.0 11.1803 18.0278 52.2015 47.2652 39.3954 17.72 60.8276 62.2415 
39.4081 38.3275 39.2173 32.2025 20.3961 47.0106 35.0 22.8035 57.6888 5.0 47.5395 36.0 40.7922 48.8365 41.0366 27.5862 23.7065 0.0 46.6154 15.2315 28.4253 39.9249 54.4885 20.0998 31.6228 44.5982 33.9411 34.0147 36.0694 23.0217 30.4138 38.0132 9.8489 42.45 31.9061 20.6155 42.4853 48.0208 45.1774 55.2268 13.3417 33.1059 32.45 33.2415 12.1655 51.1077 25.318 21.8403 40.6079 50.8035 47.7074 41.7612 35.9026 26.0 23.1948 39.6611 21.0 30.0 38.6264 27.2947 30.0 42.7551 42.72 25.0799 31.6228 47.927 28.6531 39.3954 25.7099 20.8087 16.7631 21.3776 16.0312 38.3275 54.4518 44.4072 25.4951 7.2111 38.6005 40.4969 
86.0233 76.9025 14.0357 78.8162 29.2062 64.6297 77.8332 51.0 75.2396 48.3735 77.4919 73.5731 81.2712 63.1981 68.0074 19.6977 55.0727 46.6154 0.0 40.8044 52.9245 85.9593 100.5684 64.846 70.0928 90.6863 52.8867 80.2621 54.5711 37.2156 76.8505 10.7703 38.4708 38.1182 57.9396 63.7024 46.0 52.0865 69.1231 74.5453 34.6554 69.2315 79.0569 61.0737 38.9487 95.5877 42.0476 37.1214 60.4152 96.1665 53.0377 39.0512 19.2354 38.0132 64.6607 71.1758 64.8845 75.743 75.1332 72.0139 62.6498 82.9277 89.3085 28.178 64.6297 91.0494 73.5391 43.0465 61.0574 44.2945 62.7694 63.7809 56.7274 72.8972 100.6578 91.022 70.6612 44.5533 69.1158 72.1734 
49.0408 53.4509 29.8329 42.0595 11.6619 34.4384 49.366 12.0 45.6946 20.1246 40.05 33.1059 40.4969 35.5106 55.6058 25.7099 15.2971 15.2315 40.8044 0.0 16.4924 51.788 61.2944 34.2345 46.8188 51.6236 20.5913 45.7056 22.8254 31.7805 41.7732 30.4795 18.0278 27.4591 21.2132 23.6008 27.2947 33.0151 34.7131 43.6578 9.0554 48.3322 42.72 47.634 4.4721 55.1725 35.8469 7.0 28.2312 56.2228 32.8024 26.6833 25.2389 34.9285 24.0416 54.7083 35.5106 36.7151 53.8516 41.0488 44.9444 42.19 52.811 13.6015 46.6476 50.3289 33.8378 24.1661 20.6155 6.7082 30.0167 23.4307 16.4012 33.2415 61.5873 53.8516 39.0128 8.2462 53.535 55.5698 
50.01 63.6318 39.8246 44.1022 26.0768 18.6011 57.3847 5.6569 29.5296 33.3017 24.7386 22.8035 31.6228 20.5183 69.3109 41.0488 7.0711 28.4253 52.9245 16.4924 0.0 55.4437 57.8705 42.9418 57.6888 49.2443 6.3246 49.6488 8.0623 48.1041 45.7056 42.1545 34.0147 25.4951 5.099 23.0868 20.2237 23.1948 18.2483 27.313 25.4951 60.0 45.1774 61.6198 20.8806 49.1935 51.8941 16.2788 12.2066 51.6236 22.3607 24.1661 34.4819 51.264 21.0238 67.3573 44.7772 36.0555 64.8999 48.4665 58.0 32.8024 54.0093 25.0 59.4643 43.0465 32.1403 18.9737 12.3693 10.0499 38.0132 22.0227 18.0278 20.6155 58.5235 54.1479 46.2385 21.6333 66.5282 68.1175 
9.434 25.0 79.1202 11.7047 60.0833 69.5701 15.1327 51.0882 76.4853 37.5899 57.9828 42.5441 38.2884 73.0821 43.566 66.3702 48.3735 39.9249 85.9593 51.788 55.4437 0.0 25.0 21.4009 25.9615 19.3132 61.6604 6.0828 62.9682 53.7401 10.0499 77.8781 47.5079 78.1025 55.3173 32.3883 75.1066 78.6384 63.1585 73.3485 53.1413 29.8329 10.4403 41.4367 50.6952 31.0161 51.8556 58.6941 64.2884 26.9258 77.7817 77.0584 75.5844 55.2268 34.9285 37.2156 21.9317 21.0238 29.0172 14.8661 35.4683 39.6232 8.0623 64.2884 34.7851 34.1321 25.0799 73.0068 44.1475 54.0833 23.2594 33.541 38.0132 47.8853 24.0208 11.0454 15.6205 44.3847 38.4708 37.1214 
17.72 50.0 91.022 23.7065 72.0069 66.0681 40.05 55.5428 69.4622 54.2033 49.366 37.2156 29.0 70.1142 68.3593 82.0366 51.6236 54.4885 100.5684 61.2944 57.8705 25.0 0.0 41.6293 50.4876 9.8995 63.0635 26.6833 63.561 73.5731 27.8568 91.0494 63.8905 83.2166 55.5428 37.7359 77.8845 79.4292 58.0 66.3702 65.9469 54.4518 24.1661 65.5134 62.0081 11.7047 72.8972 67.2309 62.514 7.0711 78.2624 81.9329 86.5332 75.6637 38.0132 62.1289 43.0813 24.8395 54.0093 37.3631 59.439 29.0689 17.0294 74.8866 59.0339 18.4391 27.4591 76.844 45.5412 60.8276 40.8167 38.0789 44.9444 42.0476 1.4142 14.0357 37.0 56.0803 63.2851 62.0725 
24.1868 20.8087 58.9406 18.0278 40.4475 60.2163 15.1327 37.5766 69.4262 16.7631 54.4059 39.4462 39.8497 62.9682 31.6228 45.1774 36.3593 20.0998 64.846 34.2345 42.9418 21.4009 41.6293 0.0 15.6205 32.573 49.1935 16.2788 51.0 32.6497 13.8924 57.2451 26.4008 61.6604 44.6542 23.4307 60.4401 65.192 55.9017 66.5282 33.3766 18.868 17.4642 26.1725 32.0 42.4264 31.3847 41.1947 54.0833 40.2616 64.622 60.8276 55.9017 34.4093 27.0185 27.2947 2.2361 22.0907 22.6274 7.2801 20.3961 41.7612 26.4008 45.1774 20.8806 42.0119 23.7697 57.7235 34.7131 38.3275 5.0 24.8395 25.2389 43.8292 41.1461 28.8444 5.831 26.0768 27.313 27.7849 
33.0606 7.0 67.0671 29.2746 50.3587 75.4321 11.1803 52.1536 84.8999 26.9258 70.0 54.9181 54.626 78.0064 18.0 50.8035 51.4004 31.6228 70.0928 46.8188 57.6888 25.9615 50.4876 15.6205 0.0 43.0 63.8122 24.0208 65.7343 33.6155 24.1868 64.3817 34.0147 74.0405 59.8164 39.0512 73.9256 79.1581 71.4213 82.0366 43.566 4.0 28.1603 15.6525 43.6807 54.1479 30.0167 53.4509 69.2026 51.0 78.7147 73.3757 65.0308 34.0 42.638 12.3693 13.4536 36.0555 7.2111 14.3178 10.0 56.4624 33.541 55.5788 8.9443 55.109 38.4838 70.9366 50.2096 51.8941 20.5183 40.4599 40.4599 59.4054 49.6488 36.4966 15.8114 38.6264 13.0384 12.6491 
10.198 43.566 81.2712 14.5602 62.2013 59.1354 33.3766 46.4866 63.7887 44.4072 43.9659 30.1496 23.0868 63.0714 61.0 72.1388 42.72 44.5982 90.6863 51.6236 49.2443 19.3132 9.8995 32.573 43.0 0.0 54.7449 19.0263 55.4437 64.0078 19.2354 81.2158 54.037 74.3303 47.3814 28.178 69.4262 71.4493 51.4782 60.6383 56.0803 47.0 15.2971 57.4282 52.2015 11.7047 63.561 57.7062 55.0091 8.0 70.3491 73.0821 76.8505 66.1891 28.7924 55.0818 34.2053 15.0 47.3814 29.1548 51.3517 23.7697 11.6619 65.192 51.1566 15.5563 17.8885 68.1542 36.8782 51.4782 31.305 28.6356 35.3553 35.3553 10.0 9.2195 28.4429 46.2277 56.0089 55.1453 
56.0089 69.8355 39.2173 50.2494 28.2843 13.9284 63.6946 11.6619 25.2982 38.8973 25.0599 26.8328 35.7771 15.0 74.9667 43.1856 13.3417 33.9411 52.8867 20.5913 6.3246 61.6604 63.0635 49.1935 63.8122 54.7449 0.0 55.9017 2.2361 52.3259 51.9711 42.2019 38.5876 21.4009 7.6158 29.2746 14.8661 17.0294 16.2788 23.5372 29.1548 66.0303 51.3517 67.1789 25.0599 53.8516 56.4358 18.2483 8.0623 56.6127 16.1245 20.0 33.8378 55.4617 27.0185 73.2462 51.0 42.0 71.0211 54.7814 63.7809 36.7151 60.0083 26.0192 65.2993 47.4236 38.0132 14.4222 18.0278 13.8924 44.2832 28.1603 24.3516 23.6008 63.7887 60.0333 52.5547 26.9072 72.3464 74.027 
9.0554 24.7386 73.1642 7.0711 54.0833 64.2573 14.5602 45.1774 71.5891 31.9061 53.6004 38.0132 34.7131 67.6757 42.0119 60.7454 42.5793 34.0147 80.2621 45.7056 49.6488 6.0828 26.6833 16.2788 24.0208 19.0263 55.9017 0.0 57.2713 48.9183 4.0 72.0139 41.8808 72.0625 49.7293 26.6833 69.1809 72.8354 58.1378 68.4763 47.1699 28.0179 5.6569 38.833 44.643 30.4138 47.4342 52.6118 58.8218 27.0185 72.0069 71.0282 69.5701 50.6063 29.4109 36.0555 17.2047 16.4012 28.4429 10.7703 32.7567 36.2353 10.2956 58.2409 32.3883 32.311 20.2485 67.0298 38.6005 48.0416 17.4929 27.8927 32.0624 43.2666 25.9615 13.0 10.8167 38.3275 37.0 36.1248 
57.0789 71.6938 40.8044 51.4782 30.4138 11.7047 65.3911 13.6015 23.0868 41.0122 23.8537 26.9258 35.8469 12.8062 77.0779 45.2769 14.8661 36.0694 54.5711 22.8254 8.0623 62.9682 63.561 51.0 65.7343 55.4437 2.2361 57.2713 0.0 54.5619 53.3667 43.9318 40.8167 21.9317 8.0623 30.5941 14.7648 16.0312 14.5602 21.3776 31.3847 68.0074 52.6118 69.3109 27.2947 54.0833 58.6686 20.3961 6.0 57.0088 15.0 20.5183 35.4401 57.6975 28.1603 75.2861 52.8394 43.0465 72.9452 56.4624 65.8559 36.6742 61.0737 28.0 67.3573 47.5395 39.0128 14.8661 19.0263 16.1245 46.0652 29.4279 26.0 23.3238 64.3273 61.0 54.231 29.0689 74.411 76.0592 
56.6127 40.1622 37.3631 49.93 26.8701 66.2118 42.72 43.0116 77.4726 20.6155 69.8713 59.0085 63.6396 67.1193 31.4006 19.4165 45.1221 23.0217 37.2156 31.7805 48.1041 53.7401 73.5731 32.6497 33.6155 64.0078 52.3259 48.9183 54.5619 0.0 46.4004 33.541 14.3178 52.4976 52.4976 43.4166 55.9732 62.482 66.0984 75.3923 23.3238 32.28 49.6488 24.0208 27.313 72.2357 5.3852 35.2278 60.0083 71.1126 62.6259 52.4023 37.1618 3.1623 46.1736 34.0147 31.8277 50.6952 38.0789 38.8973 25.4951 65.6201 59.0339 31.8904 27.4591 69.9214 50.2892 52.4023 48.2597 38.4838 32.7567 44.2832 39.0 61.131 73.2462 61.4003 38.2099 27.4591 32.0 35.0143 
10.2956 26.0 69.4622 5.099 50.3289 60.5392 16.1245 41.1947 68.0955 28.6007 50.448 34.8281 32.2025 63.9062 42.107 57.4282 38.6394 30.4138 76.8505 41.7732 45.7056 10.0499 27.8568 13.8924 24.1868 19.2354 51.9711 4.0 53.3667 46.4004 0.0 68.4251 38.6005 68.0661 45.8803 22.8035 65.192 68.884 54.5894 65.0 43.4626 28.1603 4.0 38.2099 40.8044 30.0167 45.2769 48.6621 55.0273 27.1662 68.0661 67.0298 65.7875 48.2597 25.632 36.4966 15.2315 13.4536 29.4109 10.0 32.1403 33.8378 12.7279 54.4059 32.0156 31.0483 17.0294 63.0317 34.7851 44.0454 14.2127 24.0416 28.0713 40.0 27.313 15.0 9.2195 34.4819 37.2156 36.6742 
77.1751 71.3442 5.0 69.9714 19.105 54.231 71.0634 40.3113 65.0308 40.4969 66.7308 62.9682 70.8025 53.0094 64.9384 14.1421 44.4185 38.0132 10.7703 30.4795 42.1545 77.8781 91.0494 57.2451 64.3817 81.2158 42.2019 72.0139 43.9318 33.541 68.4251 0.0 31.0483 28.8617 47.1699 53.7587 36.2215 42.5793 58.4637 64.195 25.2389 64.0703 70.3278 57.4282 29.0689 85.5628 38.833 26.4197 49.8197 86.3713 43.4166 29.6142 9.0554 35.171 54.4885 67.1863 57.5674 66.2193 70.0643 64.5136 58.0086 72.4224 80.6226 17.4929 60.0083 80.8084 63.7809 33.0606 50.4777 33.6155 54.626 53.7401 46.669 62.1772 91.214 82.1523 62.9682 35.0 65.2763 68.1836 
48.1664 41.0122 33.2415 41.0366 16.7631 52.3546 40.025 28.7924 63.5059 10.0 55.5788 45.1774 50.448 53.535 38.9487 18.868 30.8058 9.8489 38.4708 18.0278 34.0147 47.5079 63.8905 26.4008 34.0147 54.037 38.5876 41.8808 40.8167 14.3178 38.6005 31.0483 0.0 42.0595 38.2753 30.3645 44.0454 50.2494 51.8652 61.327 10.8167 34.3657 41.1096 30.8869 13.6015 60.9016 17.8885 22.6716 46.0652 60.4649 50.2096 41.6773 31.0161 17.4642 32.7567 39.2173 26.5707 39.6611 40.3113 33.6155 29.4109 52.3927 51.225 22.1359 31.3209 57.7754 38.4708 40.6079 34.0588 24.6982 24.4131 31.0483 25.1794 47.0106 63.7809 53.1507 32.2025 13.1529 37.6962 40.1622 
73.9797 80.7775 24.3311 67.4759 25.807 28.6356 76.7919 27.8927 38.0789 47.1275 45.4533 48.0208 56.9386 26.2488 81.0062 36.6197 31.6228 42.45 38.1182 27.4591 25.4951 78.1025 83.2166 61.6604 74.0405 74.3303 21.4009 72.0625 21.9317 52.4976 68.0661 28.8617 42.0595 0.0 28.8444 46.8722 8.544 14.0 35.2278 37.9473 31.305 75.2728 68.3593 72.9452 30.3645 74.686 57.6281 20.6155 26.4008 77.0779 15.0333 1.4142 19.9249 55.2268 45.607 81.0247 62.9682 60.4152 80.9568 68.3593 71.1758 57.9828 77.9295 20.6155 73.0068 68.4763 56.7539 7.0711 37.6962 24.0208 57.3149 46.0977 40.3113 45.0 83.8153 78.4474 66.2722 35.6931 79.6241 81.939 
49.163 65.4599 44.7214 43.7379 31.1448 15.6205 58.5918 9.4868 25.807 36.6197 19.6469 19.2354 28.178 18.3576 72.3464 46.0977 8.4853 31.9061 57.9396 21.2132 5.099 55.3173 55.5428 44.6542 59.8164 47.3814 7.6158 49.7293 8.0623 52.4976 45.8803 47.1699 38.2753 28.8444 0.0 23.0868 22.4722 24.0832 13.6015 23.3238 30.2655 62.3699 44.911 64.8151 25.4951 46.2385 56.0803 21.3776 9.434 49.0408 23.0217 27.4591 39.3573 55.6597 20.3961 70.0071 46.6154 35.1283 67.0075 49.6488 60.8769 29.1548 53.1507 30.0832 62.2415 39.8121 31.0644 21.9545 11.1803 15.0 39.6611 21.8403 19.4165 16.2788 56.2939 53.0094 47.4131 25.4951 69.3109 70.7248 
27.1662 43.8634 53.4135 21.0238 34.6554 38.0132 36.0555 19.105 46.4004 23.0217 31.0644 16.7631 20.2237 41.2311 54.1202 46.3249 16.0312 20.6155 63.7024 23.6008 23.0868 32.3883 37.7359 23.4307 39.0512 28.178 29.2746 26.6833 30.5941 43.4166 22.8035 53.7587 30.3645 46.8722 23.0868 0.0 43.0116 46.2709 32.8024 43.4166 29.2062 42.2019 22.0907 47.5395 24.7588 31.8904 45.0111 29.5296 32.311 32.6497 45.3982 45.7056 48.8262 46.2709 3.6056 50.4777 25.6125 13.6015 46.0109 27.2029 42.4853 22.2036 31.1448 37.2022 43.4166 27.7849 10.2956 41.1947 12.083 23.4094 18.6011 1.4142 7.2111 20.5913 38.0789 31.5753 25.0 19.4165 50.2494 51.0392 
70.1142 80.4114 32.0156 64.0 29.2062 20.1246 75.4321 24.0208 29.6142 47.4131 37.4833 41.6293 50.5668 17.72 82.662 42.0476 27.074 42.4853 46.0 27.2947 20.2237 75.1066 77.8845 60.4401 73.9256 69.4262 14.8661 69.1809 14.7648 55.9732 65.192 36.2215 44.0454 8.544 22.4722 43.0116 0.0 6.7082 27.0185 29.4109 33.3017 75.5844 65.0077 74.6324 31.0644 68.7095 60.8276 21.4009 18.3848 71.4703 7.2801 7.2801 27.1662 58.8982 41.1947 81.9878 61.9839 56.2228 81.0247 66.7083 72.2011 51.4296 74.108 24.6982 73.9256 62.2415 52.345 3.6056 32.5576 22.1359 55.7853 42.0476 37.1214 38.0789 78.5875 74.3303 64.5368 35.3412 80.7775 82.8553 
73.0274 85.4927 38.2099 67.2681 35.805 16.9706 80.0062 27.8927 24.6982 53.0 35.805 42.45 51.2445 13.6015 88.6002 48.7545 30.2655 48.0208 52.0865 33.0151 23.1948 78.6384 79.4292 65.192 79.1581 71.4493 17.0294 72.8354 16.0312 62.482 68.884 42.5793 50.2494 14.0 24.0832 46.2709 6.7082 0.0 25.0 25.0599 39.598 81.0062 68.3593 80.604 37.0135 69.6419 67.2681 27.5862 17.4642 72.7805 1.4142 13.0384 33.541 65.437 44.0454 87.6641 66.8506 59.0085 86.3134 71.1688 77.9359 51.8652 77.026 31.3847 79.6116 62.9365 55.0 10.2956 35.0 27.2947 60.407 45.1774 41.0 38.2753 80.2309 77.0065 68.9638 40.8167 86.5332 88.5099 
55.6597 76.5768 55.3624 51.4782 44.0114 8.544 68.8186 23.0868 13.6015 49.7393 10.8167 21.3776 29.0 12.6491 85.0 59.0085 21.4709 45.1774 69.1231 34.7131 18.2483 63.1585 58.0 55.9017 71.4213 51.4782 16.2788 58.1378 14.5602 66.0984 54.5894 58.4637 51.8652 35.2278 13.6015 32.8024 27.0185 25.0 0.0 10.6301 43.7379 74.2765 52.8015 77.666 39.0512 47.1699 69.6419 34.0 8.9443 51.0098 23.6008 33.8378 50.0 69.2604 29.4109 82.2192 58.0 42.1545 78.5175 60.0 73.4098 29.0689 59.4811 42.19 74.6525 40.1995 38.0789 28.3019 21.2132 28.2843 50.9313 31.4006 31.241 16.1245 59.0085 58.6941 57.8014 39.0 81.6884 82.8794 
65.5515 87.2067 60.531 61.7171 51.788 10.0 79.404 32.6497 3.1623 59.9083 17.0294 31.0161 37.6563 11.7047 95.4254 66.6108 31.6228 55.2268 74.5453 43.6578 27.313 73.3485 66.3702 66.5282 82.0366 60.6383 23.5372 68.4763 21.3776 75.3923 65.0 64.195 61.327 37.9473 23.3238 43.4166 29.4109 25.0599 10.6301 0.0 52.4976 84.8646 63.0635 88.0057 48.1041 55.0818 79.2023 41.7732 15.5242 59.3043 23.7065 36.6879 55.3263 78.5493 40.0 92.7631 68.6222 52.3259 89.1403 70.6045 83.8689 37.3363 69.2892 49.163 85.1469 48.0937 48.3011 31.7805 31.8277 37.0 61.5549 42.0119 41.7732 25.632 67.4759 68.3081 68.4105 48.7647 92.1954 93.4345 
51.9711 50.4876 26.0 44.7772 7.0711 43.0813 48.0937 21.0238 54.4243 17.0 49.0102 41.1096 47.8539 43.8292 49.7393 17.4642 24.0832 13.3417 34.6554 9.0554 25.4951 53.1413 65.9469 33.3766 43.566 56.0803 29.1548 47.1699 31.3847 23.3238 43.4626 25.2389 10.8167 31.305 30.2655 29.2062 33.3017 39.598 43.7379 52.4976 0.0 44.3847 45.1774 41.6773 5.099 61.0737 27.8029 12.0416 37.0 61.5224 39.6232 30.8869 22.561 26.4197 30.5287 49.7695 34.1321 41.1096 50.2195 40.6079 39.9249 49.6588 55.4707 12.0416 41.7852 56.8595 38.8973 29.8329 28.8617 15.5242 30.0832 29.4109 22.4722 41.7732 66.0681 56.9386 38.833 9.8995 48.3322 50.6952 
37.054 8.0623 67.0075 33.2415 50.9902 77.9872 14.8661 54.4059 87.6812 28.2312 73.2393 58.3095 58.3095 80.4301 14.0 50.2494 53.9073 33.1059 69.2315 48.3322 60.0 29.8329 54.4518 18.868 4.0 47.0 66.0303 28.0179 68.0074 32.28 28.1603 64.0703 34.3657 75.2728 62.3699 42.2019 75.5844 81.0062 74.2765 84.8646 44.3847 0.0 32.1403 12.2066 44.9444 58.1378 28.2312 54.7814 71.7008 55.0 80.6226 74.6726 65.2763 32.311 45.8039 8.544 16.6433 39.8497 6.0 18.2483 7.2111 60.1664 37.4833 56.2939 5.6569 59.0339 42.1545 72.4983 53.0754 53.7122 23.6008 43.6005 43.1393 62.6817 53.6004 40.4475 19.6469 40.2492 9.0554 8.9443 
7.0711 29.7321 71.1126 1.4142 51.8941 59.1354 19.6977 41.0 66.1891 31.1448 48.0104 32.45 29.0689 62.6418 46.0977 59.8164 38.1182 32.45 79.0569 42.72 45.1774 10.4403 24.1661 17.4642 28.1603 15.2971 51.3517 5.6569 52.6118 49.6488 4.0 70.3278 41.1096 68.3593 44.911 22.0907 65.0077 68.3593 52.8015 63.0635 45.1774 32.1403 0.0 42.19 42.1545 26.0192 48.7647 49.4773 53.8516 23.1948 67.4759 67.2681 67.2309 51.6236 24.5153 40.4475 18.9737 10.8167 33.2415 14.0 36.1248 30.6105 10.2956 55.7136 36.0139 27.2029 14.7648 63.0317 33.7343 44.4072 17.0294 23.1948 28.0713 37.7359 23.7065 12.0416 13.1529 35.8469 41.1947 40.6079 
47.8539 19.799 61.0 43.1045 47.4236 80.1561 26.8328 55.9732 90.6035 28.3196 78.2624 64.2573 65.7343 82.0731 8.0623 43.2897 56.4004 33.2415 61.0737 47.634 61.6198 41.4367 65.5134 26.1725 15.6525 57.4282 67.1789 38.833 69.3109 24.0208 38.2099 57.4282 30.8869 72.9452 64.8151 47.5395 74.6324 80.604 77.666 88.0057 41.6773 12.2066 42.19 0.0 43.6005 68.0661 19.0263 53.2541 73.7564 65.3758 80.4301 72.5603 60.1664 23.0868 51.0784 10.198 24.0832 48.2597 16.4012 28.2843 6.0828 67.6831 48.7647 52.8015 6.7082 68.1175 49.8197 71.2811 56.9386 53.8145 29.8329 48.8467 46.6476 68.0294 64.7611 51.6624 29.0689 40.3113 8.0623 11.1803 
48.7545 50.448 29.1548 41.6293 10.0 38.9102 47.0425 16.1245 50.1597 16.7631 44.0 36.0555 42.9418 39.9625 51.614 22.4722 19.0263 12.1655 38.9487 4.4721 20.8806 50.6952 62.0081 32.0 43.6807 52.2015 25.0599 44.643 27.2947 27.313 40.8044 29.0689 13.6015 30.3645 25.4951 24.7588 31.0644 37.0135 39.0512 48.1041 5.099 44.9444 42.1545 43.6005 0.0 56.6392 31.3847 9.8489 32.6956 57.3149 36.8782 29.7321 25.0799 30.4631 25.807 51.0 33.0606 37.2022 50.5964 39.0512 41.1825 44.7214 52.3927 13.6015 42.9418 52.2015 34.7131 27.7849 23.7697 11.1803 28.1603 24.8395 17.8045 36.6742 62.2013 53.6656 37.1214 6.3246 49.7393 51.8845 
21.8403 55.109 84.9588 25.0 66.4831 55.4437 44.911 47.7074 58.1378 51.8941 38.0526 27.2029 18.4391 59.5399 72.111 78.0064 43.566 51.1077 95.5877 55.1725 49.1935 31.0161 11.7047 42.4264 54.1479 11.7047 53.8516 30.4138 54.0833 72.2357 30.0167 85.5628 60.9016 74.686 46.2385 31.8904 68.7095 69.6419 47.1699 55.0818 61.0737 58.1378 26.0192 68.0661 56.6392 0.0 72.4224 60.4401 52.3927 5.0 68.4105 73.3485 80.1561 74.6726 31.1448 66.3702 44.2832 21.5407 58.8558 40.0125 62.0322 18.1108 23.2594 68.6804 62.0 7.0 22.4722 68.0294 37.2156 53.6004 40.2616 31.8277 38.8973 31.5753 13.0 20.5913 39.0128 51.225 67.1863 66.4831 
55.5698 36.2491 42.72 49.1935 31.8904 70.2353 39.8246 46.6154 81.3941 22.0 72.7805 61.131 65.123 71.3442 26.1725 24.7386 48.3839 25.318 42.0476 35.8469 51.8941 51.8556 72.8972 31.3847 30.0167 63.561 56.4358 47.4342 58.6686 5.3852 45.2769 38.833 17.8885 57.6281 56.0803 45.0111 60.8276 67.2681 69.6419 79.2023 27.8029 28.2312 48.7647 19.0263 31.3847 72.4224 0.0 39.8246 63.9531 70.9366 67.3573 57.4891 42.5441 4.1231 48.0104 29.1548 30.2324 50.9608 33.8378 37.0135 21.1896 67.1193 57.6888 37.0135 23.0868 70.6116 50.9902 57.28 50.9902 42.5441 32.311 46.0 41.3038 63.6396 72.4707 60.208 36.6197 30.6757 27.074 30.1496 
55.6597 60.1664 24.8395 48.7647 10.0499 32.0156 56.3205 13.8924 43.4166 26.5707 41.0 36.6197 44.6878 32.311 61.2944 25.02 18.0278 21.8403 37.1214 7.0 16.2788 58.6941 67.2309 41.1947 53.4509 57.7062 18.2483 52.6118 20.3961 35.2278 48.6621 26.4197 22.6716 20.6155 21.3776 29.5296 21.4009 27.5862 34.0 41.7732 12.0416 54.7814 49.4773 53.2541 9.8489 60.4401 39.8246 0.0 26.3059 61.8547 27.5862 19.9249 19.799 38.2753 29.4109 60.8276 42.4264 42.9535 60.407 48.0416 51.0 46.2277 59.4811 8.9443 52.7731 55.1725 39.8246 18.0278 24.2074 7.2111 37.0135 29.1548 22.3607 35.7771 67.6018 60.407 46.0109 15.1327 59.5399 61.7171 
57.7062 74.8866 46.5725 52.6308 36.3456 6.4031 68.0 17.8045 17.4642 45.4533 19.105 25.318 33.9559 8.9443 81.3941 51.2445 17.8045 40.6079 60.4152 28.2312 12.2066 64.2884 62.514 54.0833 69.2026 55.0091 8.0623 58.8218 6.0 60.0083 55.0273 49.8197 46.0652 26.4008 9.434 32.311 18.3848 17.4642 8.9443 15.5242 37.0 71.7008 53.8516 73.7564 32.6956 52.3927 63.9531 26.3059 0.0 55.7315 16.1555 25.0 41.2311 63.1585 29.4109 79.2465 56.0357 43.7379 76.4003 59.0593 70.0071 34.4819 61.6604 34.0 71.4213 45.607 39.6232 19.4165 20.2485 21.5407 49.0918 31.0161 28.8444 20.8806 63.3877 61.2944 56.8243 33.8378 78.492 79.9812 
18.1108 51.4782 86.0523 22.3607 67.2681 59.1354 41.3038 49.6488 62.3939 51.1077 42.2966 30.4138 22.0227 63.1981 69.0 78.1025 45.618 50.8035 96.1665 56.2228 51.6236 26.9258 7.0711 40.2616 51.0 8.0 56.6127 27.0185 57.0088 71.1126 27.1662 86.3713 60.4649 77.0779 49.0408 32.6497 71.4703 72.7805 51.0098 59.3043 61.5224 55.0 23.1948 65.3758 57.3149 5.0 70.9366 61.8547 55.7315 0.0 71.5891 75.7694 81.4002 73.4098 32.45 63.0714 41.9762 20.8087 55.3263 37.1214 59.3043 22.0227 18.9737 69.814 59.1354 11.4018 22.6274 70.5762 39.3954 55.2268 38.6264 32.8024 39.8246 35.1283 8.2462 16.1555 36.3456 51.6236 64.0078 63.1269 
72.0625 85.0 39.1152 66.3702 36.0555 15.5563 79.3788 27.2029 23.4094 52.6972 34.4093 41.2311 50.0 12.2066 88.4081 49.2443 29.4279 47.7074 53.0377 32.8024 22.3607 77.7817 78.2624 64.622 78.7147 70.3491 16.1245 72.0069 15.0 62.6259 68.0661 43.4166 50.2096 15.0333 23.0217 45.3982 7.2801 1.4142 23.6008 23.7065 39.6232 80.6226 67.4759 80.4301 36.8782 68.4105 67.3573 27.5862 16.1555 71.5891 0.0 14.0 34.3657 65.6049 43.1045 87.367 66.3099 58.0345 85.8836 70.5195 77.666 50.5964 76.0592 31.7648 79.3221 61.6847 54.0093 10.7703 34.0147 26.9258 59.808 44.2832 40.2616 37.0 79.0759 76.0 68.3081 40.4969 86.267 88.2043 
72.8354 80.0812 25.1794 66.3702 25.6125 27.313 75.9539 26.6833 36.8782 46.4866 44.0454 46.6476 55.5698 25.0 80.6226 36.8917 30.3645 41.7612 39.0512 26.6833 24.1661 77.0584 81.9329 60.8276 73.3757 73.0821 20.0 71.0282 20.5183 52.4023 67.0298 29.6142 41.6773 1.4142 27.4591 45.7056 7.2801 13.0384 33.8378 36.6879 30.8869 74.6726 67.2681 72.5603 29.7321 73.3485 57.4891 19.9249 25.0 75.7694 14.0 0.0 20.6155 55.1725 44.3847 80.5295 62.1691 59.2284 80.3243 67.4759 70.6824 56.6039 76.7919 20.5183 72.4983 67.1193 55.5428 5.6569 36.4005 23.0 56.4358 44.911 39.2046 43.6005 82.5409 77.2787 65.3758 34.9285 79.1581 81.4371 
73.8241 72.0278 5.3852 66.7083 15.5242 45.3982 70.4557 33.4215 56.0803 39.3192 58.6941 56.2228 64.4438 44.0454 68.0074 18.6011 37.6431 35.9026 19.2354 25.2389 34.4819 75.5844 86.5332 55.9017 65.0308 76.8505 33.8378 69.5701 35.4401 37.1618 65.7875 9.0554 31.0161 19.9249 39.3573 48.8262 27.1662 33.541 50.0 55.3263 22.561 65.2763 67.2309 60.1664 25.0799 80.1561 42.5441 19.799 41.2311 81.4002 34.3657 20.6155 0.0 39.3573 49.0408 69.4262 56.5685 61.9112 71.2531 63.1506 59.8415 65.9469 77.4726 11.6619 61.8142 74.9667 59.0762 24.0208 43.9318 26.9072 52.6308 48.6004 41.6173 54.9181 86.8217 78.721 61.3922 31.3847 67.6831 70.406 
58.5235 40.3113 39.2173 51.9711 29.7321 69.3542 43.6005 46.1736 80.6226 23.3452 72.9932 62.0 66.4831 70.2353 30.0666 21.1896 48.2701 26.0 38.0132 34.9285 51.264 55.2268 75.6637 34.4093 34.0 66.1891 55.4617 50.6063 57.6975 3.1623 48.2597 35.171 17.4642 55.2268 55.6597 46.2709 58.8982 65.437 69.2604 78.5493 26.4197 32.311 51.6236 23.0868 30.4631 74.6726 4.1231 38.2753 63.1585 73.4098 65.6049 55.1725 39.3573 0.0 49.0918 33.2415 33.4215 53.1413 37.9473 40.3609 25.2982 68.469 60.803 34.6554 27.2029 72.5328 52.8867 55.3173 51.3517 41.6293 34.8855 47.1699 42.0119 64.195 75.2928 63.2456 39.8246 30.5941 31.1448 34.2345 
29.0 47.3814 53.8145 23.3452 35.4683 34.9285 39.4081 17.72 43.0116 26.0192 27.4591 13.3417 17.72 38.2753 57.7062 47.8853 14.1421 23.1948 64.6607 24.0416 21.0238 34.9285 38.0132 27.0185 42.638 28.7924 27.0185 29.4109 28.1603 46.1736 25.632 54.4885 32.7567 45.607 20.3961 3.6056 41.1947 44.0454 29.4109 40.0 30.5287 45.8039 24.5153 51.0784 25.807 31.1448 48.0104 29.4109 29.4109 32.45 43.1045 44.3847 49.0408 49.0918 0.0 54.0833 29.2062 15.0333 49.5782 30.6105 46.0652 19.6469 33.0 37.5366 47.0106 26.4008 11.1803 39.6232 9.2195 22.8254 22.2036 2.2361 8.0623 17.0 38.4838 33.1361 28.4253 21.0238 53.8516 54.6443 
45.0111 12.6491 70.5762 41.5933 55.9732 85.5862 22.0907 61.7171 95.5249 34.6699 81.5414 66.7308 66.8506 87.8635 6.7082 53.0848 61.5224 39.6611 71.1758 54.7083 67.3573 37.2156 62.1289 27.2947 12.3693 55.0818 73.2462 36.0555 75.2861 34.0147 36.4966 67.1863 39.2173 81.0247 70.0071 50.4777 81.9878 87.6641 82.2192 92.7631 49.7695 8.544 40.4475 10.198 51.0 66.3702 29.1548 60.8276 79.2465 63.0714 87.367 80.5295 69.4262 33.2415 54.0833 0.0 25.0599 48.3839 8.544 26.6833 9.8489 68.7095 45.0999 61.3514 8.0623 67.4685 50.6952 78.7718 61.0737 60.4649 31.9061 51.8652 50.9902 71.0211 61.2046 48.0937 28.1603 46.8722 2.2361 1.0 
25.4951 18.868 59.439 19.6469 41.1947 62.2013 14.0 39.3573 71.5052 17.2627 56.6127 41.6773 42.0595 64.8999 29.4109 45.1885 38.2753 21.0 64.8845 35.5106 44.7772 21.9317 43.0813 2.2361 13.4536 34.2053 51.0 17.2047 52.8394 31.8277 15.2315 57.5674 26.5707 62.9682 46.6154 25.6125 61.9839 66.8506 58.0 68.6222 34.1321 16.6433 18.9737 24.0832 33.0606 44.2832 30.2324 42.4264 56.0357 41.9762 66.3099 62.1691 56.5685 33.4215 29.2062 25.0599 0.0 24.1868 20.5183 7.2111 18.2483 43.9659 27.4591 46.0435 18.6815 44.0454 25.9615 59.203 36.7967 39.8497 7.0711 27.0185 27.2029 46.0435 42.5441 30.0167 6.4031 27.2947 25.0799 25.5539 
14.0357 38.9487 66.2873 9.434 47.2017 48.7647 29.4109 32.5576 55.4617 30.4138 37.2022 21.6333 18.868 52.3927 53.3667 57.3847 29.1548 30.0 75.743 36.7151 36.0555 21.0238 24.8395 22.0907 36.0555 15.0 42.0 16.4012 43.0465 50.6952 13.4536 66.2193 39.6611 60.4152 35.1283 13.6015 56.2228 59.0085 42.1545 52.3259 41.1096 39.8497 10.8167 48.2597 37.2022 21.5407 50.9608 42.9535 43.7379 20.8087 58.0345 59.2284 61.9112 53.1413 15.0333 48.3839 24.1868 0.0 42.0476 21.9317 42.4264 20.5913 18.0278 50.2494 42.7551 20.025 4.1231 54.5894 24.0208 37.0 19.105 14.3178 20.6155 26.9258 25.0 18.1108 20.2485 31.241 48.7647 48.7032 
37.2156 4.1231 73.0068 34.4819 56.8859 82.6196 14.0357 59.3633 92.0217 33.8378 76.8375 61.6117 60.8276 85.2115 15.2315 56.2228 58.6003 38.6264 75.1332 53.8516 64.8999 29.0172 54.0093 22.6274 7.2111 47.3814 71.0211 28.4429 72.9452 38.0789 29.4109 70.0643 40.3113 80.9568 67.0075 46.0109 81.0247 86.3134 78.5175 89.1403 50.2195 6.0 33.2415 16.4012 50.5964 58.8558 33.8378 60.407 76.4003 55.3263 85.8836 80.3243 71.2531 37.9473 49.5782 8.544 20.5183 42.0476 0.0 20.1246 12.6491 62.6099 37.0 62.1691 10.7703 60.4401 44.7772 78.0 57.3149 59.0339 27.5862 47.4236 47.634 66.2193 53.0377 40.0 21.9545 45.6946 10.2956 8.2462 
19.6469 17.2047 66.2193 15.0333 47.676 65.0 8.9443 43.3244 73.6003 24.0416 57.3149 41.8688 40.7063 68.0 32.1403 52.3259 41.6293 27.2947 72.0139 41.0488 48.4665 14.8661 37.3631 7.2801 14.3178 29.1548 54.7814 10.7703 56.4624 38.8973 10.0 64.5136 33.6155 68.3593 49.6488 27.2029 66.7083 71.1688 60.0 70.6045 40.6079 18.2483 14.0 28.2843 39.0512 40.0125 37.0135 48.0416 59.0593 37.1214 70.5195 67.4759 63.1506 40.3609 30.6105 26.6833 7.2111 21.9317 20.1246 0.0 22.2036 42.4853 21.0238 52.345 22.0227 40.7922 24.6982 64.1327 39.1152 44.7214 11.0454 28.6007 30.4631 46.6905 36.6879 23.7697 2.2361 33.0 27.2947 26.9258 
41.7732 15.2643 61.2046 37.054 46.1736 76.3806 21.095 52.345 86.5563 25.0 73.4302 59.0931 60.1664 78.5175 11.6619 44.0114 52.4023 30.0 62.6498 44.9444 58.0 35.4683 59.439 20.3961 10.0 51.3517 63.7809 32.7567 65.8559 25.4951 32.1403 58.0086 29.4109 71.1758 60.8769 42.4853 72.2011 77.9359 73.4098 83.8689 39.9249 7.2111 36.1248 6.0828 41.1825 62.0322 21.1896 51.0 70.0071 59.3043 77.666 70.6824 59.8415 25.2982 46.0652 9.8489 18.2483 42.4264 12.6491 22.2036 0.0 62.0967 42.72 51.5461 2.0 62.2013 44.1475 68.9638 52.4309 50.8035 24.3516 43.8292 42.2019 63.0635 58.6941 45.607 23.0217 37.2022 8.6023 10.7703 
30.6105 59.5399 71.0634 29.2062 53.8516 37.3363 49.93 32.5576 40.4475 45.1774 20.3961 10.0 2.0 41.4367 73.3757 67.1193 28.3196 42.7551 82.9277 42.19 32.8024 39.6232 29.0689 41.7612 56.4624 23.7697 36.7151 36.2353 36.6742 65.6201 33.8378 72.4224 52.3927 57.9828 29.1548 22.2036 51.4296 51.8652 29.0689 37.3363 49.6588 60.1664 30.6105 67.6831 44.7214 18.1108 67.1193 46.2277 34.4819 22.0227 50.5964 56.6039 65.9469 68.469 19.6469 68.7095 43.9659 20.5913 62.6099 42.4853 62.0967 0.0 33.8378 55.0 62.6418 11.1803 18.0278 51.1077 22.0227 39.0512 37.855 21.3776 27.5136 13.6015 30.1496 32.249 40.7185 40.4969 68.9493 69.0797 
4.0 33.0151 81.3941 10.7703 62.1691 66.4906 23.0217 50.2494 72.45 41.2311 53.2259 38.2753 32.7567 70.214 51.3517 70.0 47.0425 42.72 89.3085 52.811 54.0093 8.0623 17.0294 26.4008 33.541 11.6619 60.0083 10.2956 61.0737 59.0339 12.7279 80.6226 51.225 77.9295 53.1507 31.1448 74.108 77.026 59.4811 69.2892 55.4707 37.4833 10.2956 48.7647 52.3927 23.2594 57.6888 59.4811 61.6604 18.9737 76.0592 76.7919 77.4726 60.803 33.0 45.0999 27.4591 18.0278 37.0 21.0238 42.72 33.8378 0.0 65.9242 42.2019 27.0185 22.0907 72.3395 42.0476 54.1295 26.9072 32.0624 37.6563 43.6578 16.1245 3.0 21.095 46.0977 46.2709 45.0444 
62.2415 62.514 16.2788 55.1543 5.3852 39.2046 60.0333 22.8254 50.4876 29.0172 49.7293 45.4863 53.4135 38.833 60.8358 17.72 26.9258 25.0799 28.178 13.6015 25.0 64.2884 74.8866 45.1774 55.5788 65.192 26.0192 58.2409 28.0 31.8904 54.4059 17.4929 22.1359 20.6155 30.0832 37.2022 24.6982 31.3847 42.19 49.163 12.0416 56.2939 55.7136 52.8015 13.6015 68.6804 37.0135 8.9443 34.0 69.814 31.7648 20.5183 11.6619 34.6554 37.5366 61.3514 46.0435 50.2494 62.1691 52.345 51.5461 55.0 65.9242 0.0 53.4509 63.6553 47.4342 21.095 33.0151 16.1245 41.5933 37.0135 30.0 44.7214 75.1665 67.1193 50.4876 19.9249 59.808 62.2977 
41.4367 13.6015 63.1981 37.0 48.0833 77.7817 20.1246 53.8145 87.8635 26.6271 74.4312 59.9333 60.7289 79.9812 10.7703 46.0109 53.7587 31.6228 64.6297 46.6476 59.4643 34.7851 59.0339 20.8806 8.9443 51.1566 65.2993 32.3883 67.3573 27.4591 32.0156 60.0083 31.3209 73.0068 62.2415 43.4166 73.9256 79.6116 74.6525 85.1469 41.7852 5.6569 36.0139 6.7082 42.9418 62.0 23.0868 52.7731 71.4213 59.1354 79.3221 72.4983 61.8142 27.2029 47.0106 8.0623 18.6815 42.7551 10.7703 22.0227 2.0 62.6418 42.2019 53.4509 0.0 62.3939 44.643 70.7107 53.6004 52.4309 25.0799 44.7772 43.4166 64.0078 58.2495 45.1221 23.0217 38.833 7.0711 8.9443 
