10
0.0 5.831 2.2361 3.0 3.6056 2.8284 2.2361 4.0 3.1623 5.6569 
5.831 0.0 8.0623 3.6056 2.2361 7.0711 5.0 5.099 7.2111 1.4142 
2.2361 8.0623 0.0 5.099 5.831 3.0 4.0 5.3852 3.6056 7.8102 
3.0 3.6056 5.099 0.0 2.0 5.3852 1.4142 5.0 3.6056 4.1231 
3.6056 2.2361 5.831 2.0 0.0 5.0 3.1623 3.6056 5.3852 2.2361 
2.8284 7.0711 3.0 5.3852 5.0 0.0 5.0 2.8284 5.831 6.3246 
2.2361 5.0 4.0 1.4142 3.1623 5.0 0.0 5.3852 2.2361 5.3852 
4.0 5.099 5.3852 5.0 3.6056 2.8284 5.3852 0.0 7.0711 4.0 
3.1623 7.2111 3.6056 3.6056 5.3852 5.831 2.2361 7.0711 0.0 7.6158 
5.6569 1.4142 7.8102 4.1231 2.2361 6.3246 5.3852 4.0 7.6158 0.0 
