20
0.0 8.0623 7.0711 17.6918 9.2195 15.0 5.3852 20.5183 15.8114 15.0 19.8494 12.0 10.7703 11.6619 8.0 10.8167 15.0333 12.0416 9.434 4.1231 
8.0623 0.0 2.2361 10.2956 7.0711 8.9443 9.0554 12.8062 12.0416 7.0711 12.0416 6.4031 6.7082 6.0828 4.1231 5.099 13.6015 7.0711 12.6491 4.2426 
7.0711 2.2361 0.0 10.6301 5.0 11.1803 7.0 13.4536 14.1421 8.0623 12.8062 8.6023 5.099 5.099 5.831 4.1231 11.6619 9.2195 10.4403 4.1231 
17.6918 10.2956 10.6301 0.0 10.7703 13.3417 16.1245 3.1623 18.2483 4.0 3.0 13.0 8.544 6.7082 13.6015 7.2111 13.1529 14.0 17.72 14.4222 
9.2195 7.0711 5.0 10.7703 0.0 15.8114 5.6569 13.9284 19.105 10.0 13.6015 13.4536 2.2361 4.1231 10.8167 4.0 6.7082 14.1421 7.0711 8.2462 
15.0 8.9443 11.1803 13.3417 15.8114 0.0 17.72 14.0 5.0 9.4868 13.0 3.0 14.8661 13.4536 7.0 12.7279 21.9317 3.1623 21.5407 11.0454 
5.3852 9.0554 7.0 16.1245 5.6569 17.72 0.0 19.2354 19.7231 14.5602 18.7883 14.8661 7.8102 9.434 11.1803 8.9443 10.0499 15.2315 4.2426 7.2111 
20.5183 12.8062 13.4536 3.1623 13.9284 14.0 19.2354 0.0 19.0 5.831 1.0 14.3178 11.7047 9.8489 15.6525 10.2956 16.0312 15.2971 20.8806 17.0294 
15.8114 12.0416 14.1421 18.2483 19.105 5.0 19.7231 19.0 0.0 14.3178 18.0 5.831 18.6011 17.4929 8.6023 16.6433 25.6125 5.0 23.8537 12.53 
15.0 7.0711 8.0623 4.0 10.0 9.4868 14.5602 5.831 14.3178 0.0 5.0 9.0 8.0623 6.0828 9.8489 6.0 14.3178 10.0 17.0294 11.3137 
19.8494 12.0416 12.8062 3.0 13.6015 13.0 18.7883 1.0 18.0 5.0 0.0 13.3417 11.4018 9.4868 14.7648 9.8489 16.1245 14.3178 20.6155 16.2788 
12.0 6.4031 8.6023 13.0 13.4536 3.0 14.8661 14.3178 5.831 9.0 13.3417 0.0 12.8062 11.6619 4.0 10.8167 19.8494 1.0 18.7883 8.0623 
10.7703 6.7082 5.099 8.544 2.2361 14.8661 7.8102 11.7047 18.6011 8.0623 11.4018 12.8062 0.0 2.0 10.7703 2.2361 7.0711 13.6015 9.2195 9.0 
11.6619 6.0828 5.099 6.7082 4.1231 13.4536 9.434 9.8489 17.4929 6.0828 9.4868 11.6619 2.0 0.0 10.198 1.0 8.6023 12.53 11.1803 9.2195 
8.0 4.1231 5.831 13.6015 10.8167 7.0 11.1803 15.6525 8.6023 9.8489 14.7648 4.0 10.7703 10.198 0.0 9.2195 17.4929 4.1231 15.2643 4.1231 
10.8167 5.099 4.1231 7.2111 4.0 12.7279 8.9443 10.2956 16.6433 6.0 9.8489 10.8167 2.2361 1.0 9.2195 0.0 9.2195 11.6619 11.0454 8.2462 
15.0333 13.6015 11.6619 13.1529 6.7082 21.9317 10.0499 16.0312 25.6125 14.3178 16.1245 19.8494 7.0711 8.6023 17.4929 9.2195 0.0 20.6155 8.0623 14.8661 
12.0416 7.0711 9.2195 14.0 14.1421 3.1623 15.2315 15.2971 5.0 10.0 14.3178 1.0 13.6015 12.53 4.1231 11.6619 20.6155 0.0 19.2354 8.2462 
9.434 12.6491 10.4403 17.72 7.0711 21.5407 4.2426 20.8806 23.8537 17.0294 20.6155 18.7883 9.2195 11.1803 15.2643 11.0454 8.0623 19.2354 0.0 11.4018 
4.1231 4.2426 4.1231 14.4222 8.2462 11.0454 7.2111 17.0294 12.53 11.3137 16.2788 8.0623 9.0 9.2195 4.1231 8.2462 14.8661 8.2462 11.4018 0.0 
