100
0.0 70.0928 35.609 59.9083 31.1127 28.1603 61.9839 30.0167 10.8167 8.0623 77.8332 49.3964 36.3593 28.1603 24.5967 31.4006 33.541 25.2389 64.6607 48.7647 41.7732 9.434 62.6259 34.0588 20.8806 5.0 46.2709 20.8806 42.45 57.0351 41.7612 51.1077 42.8019 21.1896 18.0 59.0762 5.831 59.5399 19.2354 17.6918 33.4215 25.9615 27.5862 28.8617 54.4518 72.0902 32.7567 70.214 30.6105 20.1246 27.6586 53.3385 43.1856 64.1405 22.1359 21.9317 51.4782 69.9714 13.8924 22.4722 69.9214 56.3205 45.4863 50.8035 14.4222 39.6611 65.5134 41.6773 23.0868 10.0 77.9359 29.0 23.4094 69.5701 50.2892 44.643 68.1175 58.4637 65.7647 38.0 1.0 67.0298 38.1182 43.8406 62.3699 39.5601 30.0832 8.0623 68.2642 59.1354 55.0818 26.0768 57.3847 46.6154 60.2163 75.9276 61.4654 29.4109 28.2843 24.0832 
70.0928 0.0 47.2969 75.591 90.1388 65.9242 115.5206 53.7587 77.7817 78.1025 75.505 41.3401 99.363 60.8276 90.1998 43.0465 41.8808 90.377 60.7289 47.1699 99.6092 73.5527 72.0902 83.4086 72.2011 71.4703 96.4261 88.6848 98.0051 21.9545 98.2293 49.2443 66.0681 53.6656 87.6641 104.0048 74.3303 20.0 89.2693 62.1772 42.19 49.2443 49.0918 41.2311 35.805 46.0435 96.1769 48.2597 63.8905 89.8443 89.0056 75.1665 37.9473 51.6624 61.131 85.4283 19.7231 20.6155 60.9262 49.2544 3.1623 88.0057 69.814 19.6977 76.1643 52.4023 20.8087 103.5857 72.4017 60.4401 60.075 48.1664 90.4489 5.3852 20.0998 82.0731 13.0 109.7133 17.2047 34.4819 69.1231 19.0263 33.1059 99.985 61.6847 79.2086 40.025 77.8845 23.0 104.69 35.3412 78.7718 15.8114 109.7725 73.7902 77.3692 41.4849 51.4782 96.8762 93.2148 
35.609 47.2969 0.0 78.7718 44.4072 19.0 96.1769 7.2801 38.0132 41.7253 90.4765 51.8845 71.8471 14.0357 47.1699 34.2053 35.7351 60.803 74.4648 55.1543 53.0 33.6006 78.8543 65.146 50.5964 39.6611 78.7718 47.4131 76.4853 46.0977 76.0263 58.3095 62.1289 35.0571 48.8262 90.5207 36.7967 30.0167 51.4004 41.0 8.0623 35.1283 8.544 21.8403 19.7231 72.0069 68.2422 71.8471 52.0865 54.4885 44.1475 74.1687 10.0499 69.3542 16.5529 57.1402 35.805 38.833 36.4005 16.2788 45.7056 82.2192 66.0681 33.8378 34.0 51.1957 34.5254 77.1038 52.2015 30.4631 83.006 7.2801 48.3322 44.4072 29.0689 71.7008 51.8845 91.9239 36.1248 32.249 35.0 54.0833 29.6816 53.0848 73.3894 66.9104 21.1896 43.1856 57.2014 90.802 53.0094 57.5847 31.5753 82.201 78.0897 90.1388 61.8547 6.4031 55.4617 52.8394 
59.9083 75.591 78.7718 0.0 90.6035 83.5703 52.7731 78.1025 70.0 63.8905 21.1896 34.5398 55.3624 80.9568 82.134 45.0444 44.0 55.2268 19.2354 28.7924 100.896 69.3397 6.0828 34.8855 40.3609 55.8032 38.2099 77.1038 44.911 53.6656 46.0977 26.4008 17.4642 44.9222 71.4213 37.108 65.215 81.2527 70.0928 42.9418 71.3442 43.7379 71.3863 57.2189 88.2043 39.1152 54.626 35.5106 29.5296 65.437 86.8332 7.2111 79.0063 27.8029 75.6108 51.614 59.7746 90.1388 47.8539 63.561 77.8203 17.4642 14.4222 61.4003 74.3303 28.0 87.0919 55.7853 38.2099 55.0364 32.7567 72.1803 79.9312 79.2023 66.7083 22.1359 64.3506 46.5296 84.7703 50.2494 59.3633 58.8218 53.2353 103.2327 16.6433 25.0599 58.1378 60.959 56.2228 38.0789 40.3113 39.2046 74.7262 61.1882 2.2361 17.8885 36.1248 75.71 81.4678 77.1557 
31.1127 90.1388 44.4072 90.6035 0.0 25.7099 81.0555 37.2156 20.6155 26.9258 108.9312 78.8923 53.0848 30.4138 11.0 59.4811 61.7171 43.7379 95.6713 79.0569 10.8167 22.0227 93.6056 60.9262 50.4777 34.8281 70.0928 16.1245 63.9531 82.5651 62.8013 81.6088 73.7564 51.0392 22.3607 83.1986 25.4951 74.3303 25.1794 48.7955 48.0104 55.2268 41.0488 52.2015 63.0635 101.7104 50.2494 100.1699 61.6198 31.257 4.1231 83.8153 54.4518 94.6256 29.0172 43.9659 74.5252 83.1865 44.6878 42.2019 89.0225 84.9706 76.2168 73.1642 17.2047 70.4344 78.9177 58.0086 52.6972 38.833 108.6002 42.0119 14.0 88.0 70.3491 73.3553 91.7824 79.511 80.5047 63.9062 31.8277 92.1792 62.9365 12.7279 93.4345 68.4763 52.8867 30.0167 94.255 82.9759 83.6301 53.6656 75.0 60.208 91.0494 106.9626 90.9175 39.0512 18.9737 20.0998 
28.1603 65.9242 19.0 83.5703 25.7099 0.0 89.7385 12.1655 25.0599 31.0161 98.6154 62.9682 62.9682 5.099 30.2324 43.2782 45.3431 51.8652 83.4865 64.8151 34.0 21.5407 85.0 62.0081 48.0937 33.1361 74.4312 31.8277 70.406 61.7738 69.6348 67.8012 66.1287 38.9102 35.0 87.2067 26.2488 49.0102 38.0132 41.2311 24.0416 41.3401 17.8885 32.6497 37.3631 84.9588 59.4643 84.1487 54.4059 42.5441 26.0 77.7946 29.0172 80.1561 8.0623 49.4773 52.3927 57.5587 36.1386 22.6274 64.4981 83.0241 69.5701 50.6952 19.4165 58.3095 53.3385 68.352 50.1597 28.8617 94.2603 18.3848 32.0156 63.2851 46.8402 71.5681 69.2892 86.4928 55.0818 44.8219 28.0713 70.6824 43.0116 34.1321 81.8352 66.4831 32.8024 33.5261 73.3553 87.2812 65.9469 54.0093 50.3587 72.4983 83.3847 97.5295 74.2765 14.5602 39.2046 37.4833 
61.9839 115.5206 96.1769 52.7731 81.0555 89.7385 0.0 91.5478 65.7647 59.0339 72.0278 76.8505 28.0 90.1388 70.0643 73.5935 74.2496 38.3275 71.3092 71.6938 87.8237 68.4471 58.8558 32.6497 46.3249 57.2451 19.105 65.0077 19.6977 95.0 20.2485 71.1196 51.4782 65.0 59.0085 16.0 63.561 113.0708 56.0 56.8595 91.7878 68.1175 87.6641 81.0247 113.0177 90.1388 31.0644 86.6487 51.6624 50.01 77.026 47.8017 101.7104 78.4347 84.119 40.2616 96.2081 123.5557 60.5392 80.5295 116.7776 35.3553 48.7545 96.8762 71.8471 63.8201 119.4738 23.0868 45.2217 65.7419 85.5102 89.0 67.0671 117.4138 99.8248 34.8855 107.4151 6.3246 118.4441 82.0366 62.2977 103.1746 84.22 90.7965 68.4105 36.6197 82.4197 56.2939 101.8725 15.0 84.3801 39.1152 108.3744 22.4722 54.9181 68.0074 84.0952 90.471 63.6396 61.2046 
30.0167 53.7587 7.2801 78.1025 37.2156 12.1655 91.5478 0.0 31.241 35.4683 91.2853 53.8238 66.3702 7.0711 39.9249 34.8855 36.7151 55.2268 75.591 56.4358 46.0435 26.9072 78.7464 61.3922 46.8722 34.4384 74.7262 40.3113 71.8679 50.4777 71.3092 59.5399 61.0 33.3766 42.0119 86.885 30.4795 37.1214 44.6878 38.0526 12.083 34.4819 7.2111 23.0217 26.8328 75.0067 62.7694 74.5185 50.1597 48.1041 36.8782 72.9932 17.2627 71.2811 9.434 51.8845 40.7063 46.0977 33.1361 14.5602 52.345 80.0062 64.7765 38.9102 26.9258 51.264 41.7732 71.6938 48.6621 26.4764 85.2115 7.0711 41.1461 51.1566 34.7851 69.0652 57.3847 87.5957 43.2897 34.7131 29.5296 59.0593 32.5269 46.2709 74.2496 64.1249 22.8035 37.2022 61.9112 87.0976 55.9017 53.6004 38.2099 76.5506 77.6209 90.6201 64.5368 2.8284 48.3011 45.793 
10.8167 77.7817 38.0132 70.0 20.6155 25.0599 65.7647 31.241 0.0 7.0711 88.3912 60.0083 38.3275 27.0185 13.9284 41.4849 43.6807 27.4591 75.4321 59.5399 31.1127 4.4721 73.0 41.4849 30.0167 14.2127 52.1536 11.0 47.0425 66.4831 46.0977 61.9112 53.1507 31.7805 10.8167 65.2763 5.0 65.192 13.4536 28.4253 38.0789 36.4005 31.305 37.0135 57.6888 82.7647 34.9285 80.9506 41.0366 17.4929 16.9706 63.2456 47.0106 74.9466 21.9317 26.0 60.0083 75.2396 24.6982 28.6356 77.2787 65.0 55.6058 59.0762 6.0828 50.4777 70.7743 43.6807 32.249 19.9249 88.7525 32.6497 13.1529 76.6877 57.7062 53.3104 77.026 63.1269 71.5122 47.3814 11.6619 76.4199 47.0956 33.3017 73.1095 48.3322 38.0526 10.198 77.9295 65.192 65.4599 33.8378 64.0312 47.5395 70.4344 86.3713 72.0902 31.6228 19.105 15.5242 
8.0623 78.1025 41.7253 63.8905 26.9258 31.0161 59.0339 35.4683 7.0711 0.0 82.807 56.6127 31.9531 32.249 18.4391 39.2046 41.3038 20.8806 70.4557 55.5428 37.0135 9.4868 67.1789 34.4819 23.6008 8.9443 45.0999 13.8924 40.1123 65.0077 39.2046 57.6975 47.3814 28.6356 10.0499 58.2151 5.0 67.082 11.1803 23.7065 40.4969 33.541 34.2053 36.8782 61.0737 79.1202 28.4605 77.0779 35.4683 12.8062 23.0217 57.0088 50.0 70.6612 26.6271 19.0263 59.5399 77.4145 20.8806 29.9666 77.8845 58.1808 49.5782 58.8558 13.0 46.0652 72.9452 37.3363 25.807 18.0278 84.22 35.609 16.6433 77.4919 58.2409 46.5188 76.1643 56.2228 73.3485 46.0109 9.0554 75.0067 46.1736 39.4081 68.0074 41.5933 38.0789 3.1623 76.1643 58.1378 62.5859 26.9258 65.192 41.5933 64.4438 80.6102 68.6222 35.3553 20.6155 16.2788 
77.8332 75.505 90.4765 21.1896 108.9312 98.6154 72.0278 91.2853 88.3912 82.807 0.0 39.6232 76.5506 95.2943 101.2373 56.4624 54.7814 76.0592 16.2788 35.4401 119.5031 87.1149 16.1245 55.9464 59.8164 74.2496 59.0339 96.4261 65.9697 55.1453 67.1863 32.28 35.4683 59.9083 91.0494 56.0357 83.4506 86.0058 90.0 60.208 82.5409 57.3062 84.1724 68.7095 96.026 30.8707 75.7694 27.8568 47.3814 85.703 105.3613 28.2312 88.5268 24.0832 90.5539 72.2011 64.0312 93.2631 64.6607 76.922 78.2624 37.1214 33.8378 66.0681 92.0978 40.3113 91.0494 76.922 57.8014 71.4003 18.4391 84.6936 99.2472 80.0625 72.1734 43.3244 62.8172 66.0 88.1419 58.9406 77.1557 56.7539 61.8466 121.6553 17.088 46.0977 69.2892 80.0562 53.1601 57.0351 42.0 59.6825 79.0 82.2253 19.6977 4.1231 34.2345 88.6397 101.4002 97.0052 
49.3964 41.3401 51.8845 34.5398 78.8923 62.9682 76.8505 53.8238 60.0083 56.6127 39.6232 0.0 66.2873 58.8982 73.9256 19.8494 17.6918 60.075 23.3452 5.831 89.6939 57.2451 31.7805 46.8188 40.05 47.8017 58.1808 70.2282 61.4654 19.4165 62.0322 8.2462 25.6125 28.2312 66.4831 63.8905 55.1543 47.3814 66.7083 33.541 43.8292 23.7065 46.6154 30.8058 56.4358 22.8254 63.7887 21.4009 27.6586 64.6297 76.0592 33.8378 49.0408 17.4929 55.1543 55.0364 25.4951 55.7853 35.7351 40.3609 43.4166 46.8615 29.0 27.2947 61.7738 13.6015 52.9528 69.3758 39.2046 40.2492 31.4006 46.8722 72.8011 44.7214 33.0606 42.2019 31.1127 70.7248 50.448 19.6977 48.4665 26.4008 22.4722 91.2688 23.0217 40.3113 31.0644 54.8179 25.0599 64.6607 7.6158 44.7214 40.6079 75.6902 32.8938 40.1123 12.083 51.0392 77.201 72.8011 
36.3593 99.363 71.8471 55.3624 53.0848 62.9682 28.0 66.3702 38.3275 31.9531 76.5506 66.2873 0.0 63.9766 42.107 56.356 57.6975 11.1803 69.7209 62.514 60.208 41.4367 60.7289 21.2132 27.313 32.2025 20.5183 37.0135 12.8062 81.3449 11.4018 63.1981 45.0999 45.793 31.0161 32.249 36.7696 92.957 28.0 37.2156 68.7677 50.1199 63.6003 60.4401 90.1388 85.0235 3.6056 82.0 38.6394 22.0227 49.0408 48.3839 78.7464 74.027 58.1378 14.8661 79.6492 103.5857 39.2046 57.3847 99.985 41.8808 44.5533 79.7559 44.3847 52.7731 99.2472 5.3852 27.5136 42.45 84.8528 65.0 39.1152 100.1699 81.2712 33.2415 93.7763 26.6833 98.8585 64.8845 36.8917 90.7579 66.3702 63.1506 66.7533 30.8058 61.8466 29.5466 90.5207 31.7648 73.7564 21.587 89.4036 10.6301 56.921 73.1642 76.4199 65.7343 36.1386 33.3766 
28.1603 60.8276 14.0357 80.9568 30.4138 5.099 90.1388 7.0711 27.0185 32.249 95.2943 58.8982 63.9766 0.0 34.0 39.4081 41.4005 52.8015 79.925 61.0328 39.0128 23.0217 82.0792 61.2944 47.0425 32.9848 74.1485 35.0 70.6045 56.9386 69.9214 64.0703 63.6003 36.0555 37.4833 86.7006 27.2947 44.0454 40.3609 39.3192 18.9737 38.0132 13.0384 28.2843 32.8938 80.6226 60.4152 79.9312 52.1728 44.4072 30.3645 75.4321 24.0832 76.2168 6.0828 49.98 47.4236 52.7731 34.2345 18.6011 59.4138 81.3941 67.1863 45.6946 21.9317 55.0091 48.5077 69.3542 49.0102 27.074 90.2718 13.4164 35.5106 58.2151 41.7612 70.1142 64.2573 86.5852 50.1597 40.3609 27.8927 65.7419 38.4187 39.2046 78.3901 65.0692 28.3196 34.4384 68.4763 86.8332 61.5549 53.3385 45.2769 73.8241 80.6536 94.3716 70.0071 9.4868 42.72 40.6079 
24.5967 90.1998 47.1699 82.134 11.0 30.2324 70.0643 39.9249 13.9284 18.4391 101.2373 73.9256 42.107 34.0 0.0 55.3624 57.5674 32.9848 88.8144 73.3553 19.2354 17.2627 85.5628 51.0 41.7732 27.2029 59.4811 5.3852 53.1507 80.0625 51.9711 75.6637 65.7951 45.6946 11.7047 72.5328 18.7883 76.1577 14.3178 41.8808 49.0306 50.3289 41.9762 50.1597 66.7083 96.6644 39.3192 94.8103 53.9073 20.3961 7.0711 75.1665 56.921 88.6848 30.6757 33.6155 73.1095 85.7263 38.4708 41.0122 89.4539 75.2928 67.897 72.0278 14.0357 64.1405 81.3204 47.0106 43.9318 33.8378 102.3963 43.1741 3.0 88.6848 70.1142 63.8122 90.2718 68.593 82.4621 61.0 25.4951 89.9444 60.531 21.9317 86.4002 59.0762 51.0882 21.2132 91.5915 72.2772 79.3788 44.1022 75.8024 49.2544 82.7587 99.0051 86.0058 41.1096 9.2195 9.2195 
31.4006 43.0465 34.2053 45.0444 59.4811 43.2782 73.5935 34.8855 41.4849 39.2046 56.4624 19.8494 56.356 39.4081 55.3624 0.0 2.2361 47.7598 40.7063 21.6333 70.2353 38.2753 44.7214 41.0122 29.1548 31.0 54.5619 52.1728 55.3173 26.1725 55.4437 24.6982 29.4279 11.1803 49.2544 63.8122 36.8782 39.9625 50.04 19.3132 26.4764 6.3246 27.7308 12.3693 43.7379 42.4382 53.2259 41.2311 22.4722 49.163 56.8595 41.1947 34.0147 36.8782 35.3836 42.72 23.3238 50.2195 19.105 20.8087 43.8292 51.2445 33.541 23.6008 42.5441 17.1172 46.3249 60.5392 29.4109 21.587 50.9902 28.2312 54.5711 44.2041 26.2488 42.4853 38.0789 68.1175 45.0 8.6023 30.4138 36.1248 10.6301 71.6938 39.3954 38.5876 13.1529 38.0132 37.0135 64.3506 24.1661 35.805 34.8281 66.7308 44.1814 55.9732 31.6228 32.2025 59.6825 55.4437 
33.541 41.8808 35.7351 44.0 61.7171 45.3431 74.2496 36.7151 43.6807 41.3038 54.7814 17.6918 57.6975 41.4005 57.5674 2.2361 0.0 49.3356 38.9102 19.7231 72.4707 40.4969 43.4166 41.7732 30.4138 33.0151 55.1725 54.3415 56.2228 24.3311 56.4004 22.8254 28.8617 13.0384 51.3517 64.0703 39.0512 39.8246 52.0865 20.8806 27.8927 8.0623 29.5296 13.9284 44.4072 40.2244 54.626 39.0512 22.8035 51.0882 59.0931 40.4475 35.0143 34.8281 37.4833 44.2719 22.2036 49.93 21.0238 22.8035 42.8019 50.9215 32.9848 22.6716 44.7772 16.0 46.1411 61.7738 30.5287 23.7697 48.9183 29.9666 56.7539 43.2782 25.807 42.5441 36.4005 68.6804 44.6542 7.8102 32.5576 34.2345 10.2956 73.9256 37.6962 38.833 14.5602 40.05 35.0 64.6375 21.9317 36.8917 34.4093 68.0 43.0465 54.4059 29.4109 34.0 61.8142 57.5587 
25.2389 90.377 60.803 55.2268 43.7379 51.8652 38.3275 55.2268 27.4591 20.8806 76.0592 60.075 11.1803 52.8015 32.9848 47.7598 49.3356 0.0 67.0522 57.0351 51.8652 30.3645 59.9416 20.6155 20.025 21.2603 26.5707 27.6586 20.2237 73.4983 19.105 58.2151 42.0595 36.7696 21.3776 39.5601 25.632 82.801 18.6815 28.4605 58.0 41.4367 52.6308 50.4777 79.3095 80.399 7.6158 77.6466 33.1361 12.6491 39.6232 48.0208 67.9412 70.0357 46.9574 5.099 70.7743 93.4077 29.5296 46.669 90.7855 44.5982 42.5441 70.6824 33.541 47.0106 89.0225 16.5529 21.0238 31.8904 82.0061 54.037 30.0832 90.824 71.6938 34.0588 85.7263 36.0139 88.8144 56.0803 25.807 83.1986 57.2713 54.7083 64.195 30.2324 51.8652 18.3848 83.3607 39.2938 67.2681 16.7631 79.6116 21.4009 56.4358 73.0616 71.0282 54.6443 28.6531 25.0799 
64.6607 60.7289 74.4648 19.2354 95.6713 83.4865 71.3092 75.591 75.4321 70.4557 16.2788 23.3452 69.7209 79.925 88.8144 40.7063 38.9102 67.0522 0.0 19.3132 106.4049 73.6614 13.6015 48.5077 48.7545 61.6117 55.2268 84.3149 61.0 39.6232 62.0081 16.1555 25.0 45.3431 79.404 55.9732 70.4344 70.0286 78.7718 47.0106 66.4831 42.2019 68.4251 52.8015 79.7621 20.0 68.2495 16.4012 35.3553 75.1532 92.3147 23.5372 72.2772 9.434 75.452 62.6259 48.0104 77.6466 50.9902 61.4003 63.3246 36.4005 25.1794 50.0 78.5684 25.4951 75.2396 71.1758 47.0106 57.28 15.1327 68.8767 87.0919 65.0 56.0357 38.0526 48.4665 65.0 72.4431 42.72 63.8905 42.5441 45.607 108.3744 3.0 39.1152 53.3104 67.9559 39.3573 56.921 26.1725 50.2892 63.0714 77.0584 17.0 17.0294 19.3132 72.8972 90.05 85.5862 
48.7647 47.1699 55.1543 28.7924 79.0569 64.8151 71.6938 56.4358 59.5399 55.5428 35.4401 5.831 62.514 61.0328 73.3553 21.6333 19.7231 57.0351 19.3132 0.0 89.8721 57.1402 26.3059 42.45 37.1214 46.6154 53.2259 69.3542 56.921 25.2389 57.5674 3.1623 20.2485 28.0179 65.192 58.4123 54.5894 52.7731 65.146 31.9531 47.1699 24.0832 49.2443 33.541 61.131 23.7697 60.208 21.5407 24.0208 62.5859 76.0066 28.0179 53.1507 15.6205 56.8507 52.0865 31.0483 61.4003 34.8855 42.4382 49.2443 41.1096 23.4307 32.7567 61.8547 10.0499 58.4637 65.307 36.0139 40.2244 29.7321 49.6488 72.0139 50.5371 38.3275 36.8917 36.7967 65.5134 56.0446 23.5372 47.8853 31.8904 26.4764 91.6079 18.4391 35.3412 34.0147 53.4883 30.2324 59.203 12.8062 41.1096 46.0977 71.5891 27.2029 35.5106 14.0 53.7122 75.9605 71.5122 
41.7732 99.6092 53.0 100.896 10.8167 34.0 87.8237 46.0435 31.1127 37.0135 119.5031 89.6939 60.208 39.0128 19.2354 70.2353 72.4707 51.8652 106.4049 89.8721 0.0 32.8024 104.0625 70.2353 60.6053 45.2769 78.4347 24.5967 71.8401 92.9731 70.6045 92.4175 84.22 61.8547 30.8707 91.3947 36.0694 83.006 33.2415 59.4643 57.4282 66.0379 50.636 62.6259 70.7107 112.5078 57.7235 110.982 72.1388 39.2173 14.1421 94.0213 63.0079 105.4372 38.6394 52.8015 84.6463 91.351 55.4437 52.4976 98.326 94.5145 86.5563 83.1986 28.0179 81.2158 87.2067 64.7765 62.8013 49.6488 119.4027 51.4782 21.9317 97.1854 80.0625 83.006 101.8676 86.885 89.0505 74.4648 42.5206 102.489 73.3894 3.0 104.1393 78.2304 63.2456 40.0 104.6757 91.0934 94.3663 63.2851 84.214 66.1211 101.415 117.4564 101.7104 48.1664 24.1868 26.9258 
9.434 73.5527 33.6006 69.3397 22.0227 21.5407 68.4471 26.9072 4.4721 9.4868 87.1149 57.2451 41.4367 23.0217 17.2627 38.2753 40.4969 30.3645 73.6614 57.1402 32.8024 0.0 72.0069 42.5793 30.0832 13.9284 54.0 15.1327 49.366 62.8013 48.5077 59.6406 52.2015 29.1548 15.2643 67.0298 5.0 60.7454 17.8045 26.9072 33.6155 33.541 26.8328 33.0151 53.2541 80.0625 37.9473 78.3901 40.0 21.4009 18.868 62.7694 42.5441 72.6705 17.6918 28.2843 56.0089 70.7743 22.6716 24.3311 72.9932 65.4599 54.9181 55.0091 5.0 48.4149 66.3099 46.8188 32.311 17.0 86.6083 28.178 17.0 72.3671 53.4603 53.7587 73.1095 65.4905 67.0671 43.7379 10.0 72.6911 43.2897 34.7131 71.4493 48.7032 34.0 12.1655 74.3303 67.0075 62.3939 34.7131 59.6657 50.9902 69.6348 85.276 69.3181 27.2029 23.3452 19.9249 
62.6259 72.0902 78.8543 6.0828 93.6056 85.0 58.8558 78.7464 73.0 67.1789 16.1245 31.7805 60.7289 82.0792 85.5628 44.7214 43.4166 59.9416 13.6015 26.3059 104.0625 72.0069 0.0 39.9249 43.9318 58.7963 44.1022 80.6598 50.636 50.3289 51.788 23.5372 19.8494 46.0977 75.1665 43.1741 68.1175 79.0759 74.027 45.2217 71.1969 44.2719 71.8401 57.0701 87.0 33.6006 59.808 30.0 32.0156 69.6348 89.9389 12.3693 78.3135 22.6274 76.9675 56.0803 57.2713 87.5557 49.93 64.195 74.4648 23.5372 17.8045 59.0339 77.0065 27.6586 84.7231 61.3922 41.8688 56.9386 26.6833 72.5328 83.4865 75.9605 64.6297 27.6586 60.4152 52.6118 82.2253 49.0102 62.0081 54.7083 52.0096 106.3015 11.3137 30.0832 57.8705 64.3506 51.8652 44.1475 36.7696 43.566 72.3671 66.9104 4.0 13.4536 31.6228 76.243 85.4283 81.0555 
34.0588 83.4086 65.146 34.8855 60.9262 62.0081 32.6497 61.3922 41.4849 34.4819 55.9464 46.8188 21.2132 61.2944 51.0 41.0122 41.7732 20.6155 48.5077 42.45 70.2353 42.5793 39.9249 0.0 14.5602 29.0689 13.8924 45.6508 14.7648 63.6318 15.2315 42.7551 24.0 32.45 39.4462 25.4951 37.6563 80.4301 37.4433 24.5967 60.0083 35.4683 56.6127 48.5489 80.9506 64.195 19.9249 61.0737 19.7231 32.0156 56.8595 27.7308 69.7782 53.0094 55.2268 17.8045 63.8905 90.9065 28.7924 49.0408 84.5044 24.4131 23.3452 64.4438 47.0744 33.2415 86.8332 23.0868 13.0 34.9285 63.6396 57.8705 48.3735 85.0412 67.2086 13.4536 76.1577 27.4591 85.7963 49.5177 34.0147 72.45 51.6236 72.8972 45.5412 9.8489 49.93 31.3209 71.6938 25.7099 54.4243 8.0 75.743 29.2746 36.2491 52.7731 56.0892 59.9083 48.4149 44.4072 
20.8806 72.2011 50.5964 40.3609 50.4777 48.0937 46.3249 46.8722 30.0167 23.6008 59.8164 40.05 27.313 47.0425 41.7732 29.1548 30.4138 20.025 48.7545 37.1214 60.6053 30.0832 43.9318 14.5602 0.0 16.1555 28.2312 36.7696 27.0185 54.0833 26.9072 38.4708 24.4131 19.105 31.241 40.025 25.4951 67.2086 30.2324 10.6301 45.618 23.0217 42.0595 34.8281 66.7308 60.6712 24.3516 58.0517 13.6015 26.4008 46.6154 33.4215 55.4707 50.6952 41.0122 15.0 52.4786 77.7946 14.3178 34.5398 72.9452 35.4401 26.1725 52.6972 34.9285 27.074 73.5935 31.3847 2.2361 20.3961 63.3246 43.3244 39.598 73.2393 54.6717 23.7697 66.4831 41.5933 72.8354 37.7359 20.6155 63.6003 39.4081 63.0079 46.0652 18.6815 36.2353 20.6155 63.561 40.2616 47.2652 7.2111 63.0317 37.5899 41.0122 57.3847 51.0882 45.3542 41.6173 37.2022 
5.0 71.4703 39.6611 55.8032 34.8281 33.1361 57.2451 34.4384 14.2127 8.9443 74.2496 47.8017 32.2025 32.9848 27.2029 31.0 33.0151 21.2603 61.6117 46.6154 45.2769 13.9284 58.7963 29.0689 16.1555 0.0 41.3038 22.8254 37.6431 57.0789 37.0 48.7545 38.9487 20.0998 18.6815 54.0833 9.434 62.1289 19.105 14.7648 36.7696 25.0799 31.4006 30.4631 58.0517 70.2282 28.6007 68.1542 26.8701 18.4391 31.1448 49.0918 46.6905 61.7171 26.9258 17.4929 52.3927 72.6705 12.1655 25.4951 71.5122 51.5461 41.4005 51.923 18.7883 37.1214 68.2422 37.4433 18.3848 11.1803 75.2928 32.8024 25.5539 71.3092 52.0 39.8497 68.593 53.6004 68.2642 38.3275 5.099 67.0671 38.833 47.5079 59.203 34.7851 31.7805 7.0711 68.0074 54.1479 53.9351 21.095 59.4811 42.638 56.2228 72.1803 59.7746 33.6155 29.4109 25.0 
46.2709 96.4261 78.7718 38.2099 70.0928 74.4312 19.105 74.7262 52.1536 45.0999 59.0339 58.1808 20.5183 74.1485 59.4811 54.5619 55.1725 26.5707 55.2268 53.2259 78.4347 54.0 44.1022 13.8924 28.2312 41.3038 0.0 54.1202 7.8102 76.0263 9.2195 52.9245 33.2415 46.3249 47.8017 13.1529 49.0 94.2019 45.2217 38.4708 73.8241 49.2037 70.2282 62.434 94.8262 73.0068 21.6333 69.6348 32.5576 39.2173 65.9697 32.0 83.6301 61.3922 68.0661 26.3059 77.1038 104.6375 42.5441 62.7694 97.6729 22.4722 31.0483 77.7817 58.0775 44.9444 100.6032 18.868 26.8328 48.3839 70.0643 71.5122 56.6127 98.3107 80.8084 17.2627 88.4816 13.6015 99.4887 62.9682 46.3897 84.3801 65.192 81.2712 52.2398 17.8885 63.8122 42.0476 83.2406 13.0384 65.7647 21.1896 89.3756 23.4094 40.1123 55.3173 66.1287 73.3757 55.0364 51.6236 
20.8806 88.6848 47.4131 77.1038 16.1245 31.8277 65.0077 40.3113 11.0 13.8924 96.4261 70.2282 37.0135 35.0 5.3852 52.1728 54.3415 27.6586 84.3149 69.3542 24.5967 15.1327 80.6598 45.6508 36.7696 22.8254 54.1202 0.0 47.8539 77.4145 46.6905 71.5542 60.959 42.0595 6.3246 67.1863 15.2971 75.5844 9.0554 37.5899 48.3839 46.8402 41.4367 48.0104 67.1193 92.8493 34.1321 90.8735 49.2037 15.1327 12.0416 70.0928 56.8595 84.534 30.8869 28.2312 71.007 85.44 34.5398 39.4588 88.1192 69.9714 62.9365 70.0643 13.4164 59.9416 80.9938 42.0119 38.8973 30.5941 98.1122 42.72 2.8284 87.4757 68.593 58.5235 88.0227 63.3877 81.9085 58.3095 21.8403 87.367 58.0775 27.313 81.8413 53.8238 49.0408 16.4012 88.8144 66.9403 75.9605 38.833 74.7329 44.5533 77.7817 94.1116 82.28 41.1461 8.2462 5.6569 
42.45 98.0051 76.4853 44.911 63.9531 70.406 19.6977 71.8679 47.0425 40.1123 65.9697 61.4654 12.8062 70.6045 53.1507 55.3173 56.2228 20.2237 61.0 56.921 71.8401 49.366 50.636 14.7648 27.0185 37.6431 7.8102 47.8539 0.0 78.3901 1.4142 57.0088 37.6563 46.0109 41.5933 19.6977 44.4072 94.1754 38.833 37.6431 72.2011 49.5177 67.9779 61.8466 93.4933 77.9295 14.3178 74.6726 34.4819 32.7567 59.8415 38.3275 82.1523 66.4831 64.56 21.095 78.4092 104.7378 41.0488 60.9016 99.0202 29.9666 36.1248 78.8733 53.0848 47.927 100.5684 11.1803 26.1725 46.0652 76.0263 69.3181 50.2195 99.4887 81.3449 23.0868 90.9175 16.1245 99.7246 63.8905 42.72 87.2067 65.8559 74.7262 58.0 22.2036 63.2535 37.2156 86.406 19.3132 69.0797 19.8494 89.8053 16.2788 46.6905 62.3618 70.342 70.7743 48.1041 44.9222 
57.0351 21.9545 46.0977 53.6656 82.5651 61.7738 95.0 50.4777 66.4831 65.0077 55.1453 19.4165 81.3449 56.9386 80.0625 26.1725 24.3311 73.4983 39.6232 25.2389 92.9731 62.8013 50.3289 63.6318 54.0833 57.0789 76.0263 77.4145 78.3901 0.0 78.7718 27.2947 44.5533 37.3363 75.0267 82.7587 62.2013 31.4006 76.0066 45.1221 38.6005 32.3883 43.909 30.3645 43.8634 28.4605 78.4347 29.6142 43.909 75.326 80.5233 53.2541 39.8246 31.0644 55.0364 68.4105 10.8167 38.1182 45.2769 40.4969 24.1661 66.2193 48.1664 13.0384 66.4906 31.241 36.0139 85.0882 53.8516 47.0425 41.7732 43.566 79.6304 25.632 19.2354 60.8769 12.53 89.0225 33.0151 19.105 56.0357 10.0 19.6469 93.984 40.2616 58.4123 29.7321 64.0312 11.7047 83.4865 13.6015 60.0083 24.3311 91.3893 51.8941 56.5685 21.0 47.7074 85.2115 81.0987 
41.7612 98.2293 76.0263 46.0977 62.8013 69.6348 20.2485 71.3092 46.0977 39.2046 67.1863 62.0322 11.4018 69.9214 51.9711 55.4437 56.4004 19.105 62.0081 57.5674 70.6045 48.5077 51.788 15.2315 26.9072 37.0 9.2195 46.6905 1.4142 78.7718 0.0 57.7235 38.4708 45.9674 40.4475 21.0238 43.566 94.1116 37.6563 37.5366 71.8679 49.5782 67.5352 61.7171 93.1933 78.7718 13.0 75.5381 34.8855 31.5753 58.6941 39.4588 81.8352 67.3647 63.8905 20.2237 78.6003 104.69 40.8044 60.5392 99.2018 31.305 37.054 79.0253 52.1536 48.4665 100.4988 9.8489 26.1725 45.6508 77.0584 68.884 49.0306 99.6393 81.3941 24.1868 91.3017 17.0294 99.7046 64.0312 42.0595 87.6641 65.9469 73.4983 59.0085 23.0868 63.1269 36.3456 86.9253 20.6155 69.6419 19.799 89.8276 15.1327 47.8539 63.6003 71.0634 70.2638 46.8188 43.6807 
51.1077 49.2443 58.3095 26.4008 81.6088 67.8012 71.1196 59.5399 61.9112 57.6975 32.28 8.2462 63.1981 64.0703 75.6637 24.6982 22.8254 58.2151 16.1555 3.1623 92.4175 59.6406 23.5372 42.7551 38.4708 48.7545 52.9245 71.5542 57.0088 27.2947 57.7235 0.0 19.6977 30.6105 67.2309 57.4282 56.9386 55.5788 67.0671 34.0147 50.3289 26.8701 52.3546 36.6742 64.195 22.2036 61.0328 19.6469 25.0799 64.2884 78.492 26.2488 56.2939 13.0384 59.8164 53.3385 33.7343 64.0312 37.2156 45.4863 51.4296 39.598 22.4722 35.5106 64.405 11.7047 61.1882 65.7647 37.2156 42.8019 27.0185 52.7731 74.2428 52.8015 41.1947 36.2353 38.4187 64.8845 58.6941 26.6833 50.2494 33.2415 29.6142 94.2019 15.2971 35.1141 37.1618 55.5428 31.241 58.2495 14.2127 42.0 48.8365 72.0069 24.6982 32.3883 13.3417 56.8243 78.0 73.5391 
42.8019 66.0681 62.1289 17.4642 73.7564 66.1287 51.4782 61.0 53.1507 47.3814 35.4683 25.6125 45.0999 63.6003 65.7951 29.4279 28.8617 42.0595 25.0 20.2485 84.22 52.2015 19.8494 24.0 24.4131 38.9487 33.2415 60.959 37.6563 44.5533 38.4708 19.6977 0.0 27.6586 55.6058 38.2884 48.2701 68.1542 54.6443 25.5539 55.0 27.0185 54.4518 41.0488 73.1642 40.3113 43.4166 37.1214 12.2066 50.6063 70.0928 12.0416 63.2851 29.0172 58.1893 37.6962 48.0208 77.8203 30.4138 46.5296 67.8012 22.3607 4.1231 49.2443 57.2014 13.8924 74.3236 47.0425 22.4722 37.5766 40.025 55.3263 63.7809 68.8186 53.7122 16.6433 56.6392 45.2769 72.45 36.0555 42.2019 52.0096 38.8973 86.4523 22.1359 15.5242 42.107 44.5982 50.4777 39.0512 33.0151 25.2982 62.1691 53.1507 17.4929 33.2415 32.8938 58.6941 66.0303 61.6117 
21.1896 53.6656 35.0571 44.9222 51.0392 38.9102 65.0 33.3766 31.7805 28.6356 59.9083 28.2312 45.793 36.0555 45.6946 11.1803 13.0384 36.7696 45.3431 28.0179 61.8547 29.1548 46.0977 32.45 19.105 20.0998 46.3249 42.0595 46.0109 37.3363 45.9674 30.6105 27.6586 0.0 38.6394 56.8595 26.9258 48.1664 39.2046 8.6023 28.6356 5.0 27.0185 16.1245 48.8467 50.9902 42.5441 49.2443 17.0294 38.0526 48.0208 39.6232 37.9473 43.6005 30.8707 31.7805 34.0147 58.7282 8.0 19.0263 54.2033 47.1699 31.4006 34.0 33.8378 19.8494 54.5619 50.2195 19.8494 12.2066 57.6281 28.0 44.5982 54.3783 35.609 36.8782 49.2443 59.9083 53.7401 19.3132 20.2485 47.2652 20.5913 63.6003 43.4166 32.28 17.4929 27.1662 48.0104 57.2713 33.9559 26.1725 43.9318 56.3028 44.5982 58.6686 40.3113 31.1448 49.2443 44.911 
18.0 87.6641 48.8262 71.4213 22.3607 35.0 59.0085 42.0119 10.8167 10.0499 91.0494 66.4831 31.0161 37.4833 11.7047 49.2544 51.3517 21.3776 79.404 65.192 30.8707 15.2643 75.1665 39.4462 31.241 18.6815 47.8017 6.3246 41.5933 75.0267 40.4475 67.2309 55.6058 38.6394 0.0 60.8769 13.3417 75.7694 3.1623 33.2415 48.7545 43.566 42.0595 46.5296 68.5055 88.8651 28.0179 86.7295 44.1022 9.0 18.2483 64.3506 57.8014 80.1124 32.6497 21.9317 69.3542 85.9069 30.8058 38.8973 87.3212 63.8122 57.3847 68.593 15.6205 55.5428 81.4371 36.1248 33.3017 28.0 93.4773 43.4166 8.9443 86.8332 67.6831 52.4309 86.093 57.2189 82.0792 56.0 19.0 85.0235 56.0803 33.6155 76.8505 47.8017 47.676 11.7047 86.209 60.6383 72.5672 32.8024 74.3303 39.0512 72.1803 88.6172 78.4474 42.4382 10.7703 6.3246 
59.0762 104.0048 90.5207 37.108 83.1986 87.2067 16.0 86.885 65.2763 58.2151 56.0357 63.8905 32.249 86.7006 72.5328 63.8122 64.0703 39.5601 55.9732 58.4123 91.3947 67.0298 43.1741 25.4951 40.025 54.0833 13.1529 67.1863 19.6977 82.7587 21.0238 57.4282 38.2884 56.8595 60.8769 0.0 62.0322 103.7738 58.2409 49.6488 85.0941 59.0593 82.0061 72.9178 105.7024 75.2396 34.0147 71.6938 41.3401 52.2015 79.0759 32.6956 94.7048 63.561 80.6226 39.4588 85.276 113.9912 54.1202 74.3303 105.5509 19.6469 35.0 86.2148 71.1758 51.6236 110.1363 29.2062 38.3275 60.4152 69.857 83.2406 69.6419 106.4049 89.8721 21.9317 94.921 10.198 108.7244 71.8471 59.1354 90.2718 74.3303 94.255 53.1413 25.2389 74.2496 55.1453 88.6002 1.0 71.218 33.3766 98.4733 31.8904 39.2938 52.0096 69.9714 85.3756 67.7791 64.5136 
5.831 74.3303 36.7967 65.215 25.4951 26.2488 63.561 30.4795 5.0 5.0 83.4506 55.1543 36.7696 27.2947 18.7883 36.8782 39.0512 25.632 70.4344 54.5894 36.0694 5.0 68.1175 37.6563 25.4951 9.434 49.0 15.2971 44.4072 62.2013 43.566 56.9386 48.2701 26.9258 13.3417 62.0322 0.0 62.6498 15.2315 23.4307 35.8469 31.6228 29.4109 33.2415 56.2228 77.8781 33.2415 76.0263 36.1248 17.6918 21.9317 58.5235 45.2217 69.9714 21.6333 23.3452 56.1427 72.8972 19.7231 25.632 73.9797 60.7454 50.8035 55.3263 9.4868 45.4863 68.4251 42.1545 27.7308 15.2971 83.7616 30.8058 17.72 73.4983 54.3415 49.0408 73.0068 60.531 68.942 43.1045 6.7082 72.1734 43.0 38.2099 68.1175 44.0114 34.3657 7.2801 73.5527 62.0081 60.7289 29.8329 61.0328 46.5296 65.6049 81.4678 67.2309 30.4138 23.0217 19.0263 
59.5399 20.0 30.0167 81.2527 74.3303 49.0102 113.0708 37.1214 65.192 67.082 86.0058 47.3814 92.957 44.0454 76.1577 39.9625 39.8246 82.801 70.0286 52.7731 83.006 60.7454 79.0759 80.4301 67.2086 62.1289 94.2019 75.5844 94.1754 31.4006 94.1116 55.5788 68.1542 48.1664 75.7694 103.7738 62.6498 0.0 77.8781 56.5862 27.2029 45.0 34.2053 32.5576 15.8114 59.6657 89.4986 61.0 62.434 79.6492 73.8241 79.0569 20.0 62.0725 45.7056 78.2432 22.0227 10.6301 53.8145 37.1214 17.4929 90.471 72.2357 20.0998 62.3618 54.4243 6.4031 97.7446 68.0147 51.0392 73.1642 32.9848 76.922 15.6525 14.5602 82.365 29.6816 107.8007 6.3246 32.2025 58.6686 34.4384 29.5296 83.0241 70.1783 78.5493 31.1448 67.6018 38.4838 104.3072 44.0114 74.3303 7.0711 103.5857 79.8311 87.0517 52.2398 35.3553 83.8153 80.6536 
19.2354 89.2693 51.4004 70.0928 25.1794 38.0132 56.0 44.6878 13.4536 11.1803 90.0 66.7083 28.0 40.3609 14.3178 50.04 52.0865 18.6815 78.7718 65.146 33.2415 17.8045 74.027 37.4433 30.2324 19.105 45.2217 9.0554 38.833 76.0066 37.6563 67.0671 54.6443 39.2046 3.1623 58.2409 15.2315 77.8781 0.0 33.2415 51.0 44.1814 44.4185 48.0521 71.0282 88.8876 25.0799 86.6487 43.4166 6.0828 21.095 62.9682 60.208 79.8499 35.3836 19.7231 70.7107 88.1022 31.257 40.8534 89.0225 61.8547 56.2228 70.0357 18.6011 55.3624 83.6301 33.0606 32.2025 29.1548 93.0376 45.793 11.4018 88.6002 69.3758 50.6063 87.2812 54.3323 84.1724 57.0789 20.2237 86.0058 57.3149 36.0555 76.1577 46.0977 49.2443 12.0416 87.0517 57.9741 72.9932 31.1448 76.2168 35.9026 70.9366 87.4586 78.5875 45.0 11.4018 7.0711 
17.6918 62.1772 41.0 42.9418 48.7955 41.2311 56.8595 38.0526 28.4253 23.7065 60.208 33.541 37.2156 39.3192 41.8808 19.3132 20.8806 28.4605 47.0106 31.9531 59.4643 26.9072 45.2217 24.5967 10.6301 14.7648 38.4708 37.5899 37.6431 45.1221 37.5366 34.0147 25.5539 8.6023 33.2415 49.6488 23.4307 56.5862 33.2415 0.0 35.4683 13.0 32.5576 24.2074 56.356 55.6597 34.0 53.4883 13.4164 31.1448 45.3431 36.7696 45.1885 46.9574 33.541 23.4094 42.4853 67.1789 5.099 24.7386 62.7694 42.107 28.6356 42.5441 31.8904 22.3607 62.9682 41.6173 11.6619 12.3693 60.5392 33.7343 40.3113 62.9682 44.2041 31.0161 57.28 51.9711 62.2415 27.7308 16.9706 54.9181 29.1548 61.5224 44.6878 26.0768 25.6125 21.5407 55.3263 49.98 40.1123 17.8045 52.4976 47.7074 43.0465 58.4123 45.3542 36.2215 44.0114 39.5601 
33.4215 42.19 8.0623 71.3442 48.0104 24.0416 91.7878 12.083 38.0789 40.4969 82.5409 43.8292 68.7677 18.9737 49.0306 26.4764 27.8927 58.0 66.4831 47.1699 57.4282 33.6155 71.1969 60.0083 45.618 36.7696 73.8241 48.3839 72.2011 38.6005 71.8679 50.3289 55.0 28.6356 48.7545 85.0941 35.8469 27.2029 51.0 35.4683 0.0 28.0179 7.0711 14.1421 21.4009 64.0312 65.192 63.8201 45.5412 53.2541 47.0956 67.0075 10.0 61.2944 19.0 53.9073 28.6531 37.1618 31.305 11.4018 41.0122 75.6637 59.0085 26.8328 35.171 43.566 32.6956 73.8783 47.0106 26.4008 74.9466 6.0 49.7293 40.0125 22.8035 65.5134 45.31 87.2067 33.5261 24.1868 32.6497 47.0106 21.6333 57.8705 65.4599 60.8769 13.3417 41.4005 49.93 85.44 45.0 52.7731 27.0185 79.3095 70.5762 82.28 53.8238 9.4868 56.6127 53.4883 
25.9615 49.2443 35.1283 43.7379 55.2268 41.3401 68.1175 34.4819 36.4005 33.541 57.3062 23.7065 50.1199 38.0132 50.3289 6.3246 8.0623 41.4367 42.2019 24.0832 66.0379 33.541 44.2719 35.4683 23.0217 25.0799 49.2037 46.8402 49.5177 32.3883 49.5782 26.8701 27.0185 5.0 43.566 59.0593 31.6228 45.0 44.1814 13.0 28.0179 0.0 27.6586 14.3178 47.1275 46.5296 46.9574 44.9444 18.0278 43.0465 52.3546 39.0512 36.6742 39.6989 33.2866 36.4005 29.5296 55.4437 13.0 19.9249 49.93 47.8539 31.0 29.6816 38.0789 17.0 51.4004 54.3783 23.4307 16.5529 53.8145 28.4429 49.3356 50.2195 31.8277 38.2753 44.3847 62.8013 50.3289 14.7648 25.0 42.2966 16.4012 67.6757 40.4969 34.0147 15.5242 32.1403 43.0116 59.5399 29.1204 29.8329 40.3113 60.5392 43.1741 56.3649 35.7771 32.0156 54.1295 49.8197 
27.5862 49.0918 8.544 71.3863 41.0488 17.8885 87.6641 7.2111 31.305 34.2053 84.1724 46.6154 63.6003 13.0384 41.9762 27.7308 29.5296 52.6308 68.4251 49.2443 50.636 26.8328 71.8401 56.6127 42.0595 31.4006 70.2282 41.4367 67.9779 43.909 67.5352 52.3546 54.4518 27.0185 42.0595 82.0061 29.4109 34.2053 44.4185 32.5576 7.0711 27.6586 0.0 15.8114 26.9072 67.897 60.0 67.3573 44.0 47.0106 40.05 66.4831 15.8114 64.0703 12.0416 48.8262 34.5398 44.0114 27.8927 8.0 48.0 74.0608 58.3095 32.8938 28.1603 44.2719 39.5601 68.8186 43.6807 21.9317 78.0064 1.4142 42.72 47.0425 29.4279 63.3877 51.5461 83.3847 40.5216 27.5862 26.9072 52.8015 25.4951 51.1957 67.1193 58.5491 15.6205 35.3836 55.4707 82.28 48.7955 49.0408 34.0588 74.027 70.8308 83.5703 57.3847 4.4721 49.6488 46.6154 
28.8617 41.2311 21.8403 57.2189 52.2015 32.6497 81.0247 23.0217 37.0135 36.8782 68.7095 30.8058 60.4401 28.2843 50.1597 12.3693 13.9284 50.4777 52.8015 33.541 62.6259 33.0151 57.0701 48.5489 34.8281 30.4631 62.434 48.0104 61.8466 30.3645 61.7171 36.6742 41.0488 16.1245 46.5296 72.9178 33.2415 32.5576 48.0521 24.2074 14.1421 14.3178 15.8114 0.0 32.8938 52.345 57.0088 51.6624 32.28 48.7032 50.2195 53.0094 22.3607 48.2597 25.2389 45.8039 23.0 43.1856 21.2603 10.2956 41.1096 62.1691 45.0999 22.0907 36.3456 29.4279 38.8973 65.192 35.805 19.3132 62.2013 16.1245 50.01 40.8534 21.5407 52.4976 40.1123 76.0066 38.4187 12.2066 27.8927 40.025 10.7703 63.6946 51.6236 48.1041 1.4142 36.6879 42.0595 73.3485 33.3017 42.0119 29.1548 71.0634 56.4358 68.3081 41.7253 20.2485 56.0803 52.2398 
54.4518 35.805 19.7231 88.2043 63.0635 37.3631 113.0177 26.8328 57.6888 61.0737 96.026 56.4358 90.1388 32.8938 66.7083 43.7379 44.4072 79.3095 79.7621 61.131 70.7107 53.2541 87.0 80.9506 66.7308 58.0517 94.8262 67.1193 93.4933 43.8634 93.1933 64.195 73.1642 48.8467 68.5055 105.7024 56.2228 15.8114 71.0282 56.356 21.4009 47.1275 26.9072 32.8938 0.0 72.2357 86.5563 73.0548 65.146 73.8783 63.2456 84.8528 11.4018 72.7805 36.2353 75.2861 33.2415 21.095 52.4786 32.8024 33.2866 94.8314 77.2787 31.0161 53.7122 60.2993 17.4642 95.268 68.0 47.8017 85.0706 25.4951 67.9779 31.3847 24.6982 85.3815 44.6878 108.3005 20.2485 38.0132 53.7401 48.8262 35.0143 70.3491 79.404 80.9938 31.6228 62.2896 52.6972 106.1037 54.8179 73.9256 21.2603 100.6578 87.0919 96.5194 63.6003 26.0768 75.1332 72.5603 
72.0902 46.0435 72.0069 39.1152 101.7104 84.9588 90.1388 75.0067 82.7647 79.1202 30.8707 22.8254 85.0235 80.6226 96.6644 42.4382 40.2244 80.399 20.0 23.7697 112.5078 80.0625 33.6006 64.195 60.6712 70.2282 73.0068 92.8493 77.9295 28.4605 78.7718 22.2036 40.3113 50.9902 88.8651 75.2396 77.8781 59.6657 88.8876 55.6597 64.0312 46.5296 67.897 52.345 72.2357 0.0 83.006 3.6056 47.2652 86.3481 98.8838 42.5441 67.2309 11.7047 77.3369 75.5381 39.0 65.2763 58.3095 62.3699 49.0102 55.9017 41.9762 41.2311 84.5991 33.7343 63.7887 87.2812 59.4138 63.0635 14.0357 67.9412 95.462 51.0 47.5395 55.7853 33.0606 83.8153 60.531 40.3113 71.1758 27.0185 42.5206 114.057 22.4722 55.7315 52.3259 77.1622 23.0868 76.1577 19.105 64.0703 52.6308 93.4345 36.8917 33.6155 10.8167 72.1803 99.6243 95.1893 
32.7567 96.1769 68.2422 54.626 50.2494 59.4643 31.0644 62.7694 34.9285 28.4605 75.7694 63.7887 3.6056 60.4152 39.3192 53.2259 54.626 7.6158 68.2495 60.208 57.7235 37.9473 59.808 19.9249 24.3516 28.6007 21.6333 34.1321 14.3178 78.4347 13.0 61.0328 43.4166 42.5441 28.0179 34.0147 33.2415 89.4986 25.0799 34.0 65.192 46.9574 60.0 57.0088 86.5563 83.006 0.0 80.0562 36.2215 19.0263 46.1736 47.5395 75.1665 72.1734 54.5619 11.3137 76.4788 100.1249 35.805 53.8145 96.7471 42.0119 43.1741 76.5376 41.0 50.3587 95.7758 8.9443 24.7386 38.8973 83.3607 61.4003 36.3456 96.8969 77.9359 32.6497 90.824 29.2746 95.4254 61.7171 33.2866 87.9318 63.1348 60.6383 65.307 29.7321 58.4123 26.0 87.8009 33.6155 71.1969 19.105 86.0233 14.1421 56.0803 72.4983 74.1687 62.1289 33.8378 30.8058 
70.214 48.2597 71.8471 35.5106 100.1699 84.1487 86.6487 74.5185 80.9506 77.0779 27.8568 21.4009 82.0 79.9312 94.8103 41.2311 39.0512 77.6466 16.4012 21.5407 110.982 78.3901 30.0 61.0737 58.0517 68.1542 69.6348 90.8735 74.6726 29.6142 75.5381 19.6469 37.1214 49.2443 86.7295 71.6938 76.0263 61.0 86.6487 53.4883 63.8201 44.9444 67.3573 51.6624 73.0548 3.6056 80.0562 0.0 44.5533 83.9345 97.2471 39.0 67.5352 8.2462 76.4199 72.8354 39.8497 67.0671 56.3649 61.5224 51.1566 52.3259 38.6394 42.0595 83.006 31.3209 65.3758 84.1487 56.7186 61.4003 12.1655 67.4759 93.5201 53.0848 48.3839 52.3927 35.3553 80.3243 62.2013 39.8246 69.3181 29.2746 42.2019 112.6055 18.868 52.469 51.7397 75.0267 25.4951 72.6154 18.868 61.2046 53.9351 90.2718 33.2866 30.4138 10.0 71.7008 97.4987 93.0484 
30.6105 63.8905 52.0865 29.5296 61.6198 54.4059 51.6624 50.1597 41.0366 35.4683 47.3814 27.6586 38.6394 52.1728 53.9073 22.4722 22.8035 33.1361 35.3553 24.0208 72.1388 40.0 32.0156 19.7231 13.6015 26.8701 32.5576 49.2037 34.4819 43.909 34.8855 25.0799 12.2066 17.0294 44.1022 41.3401 36.1248 62.434 43.4166 13.4164 45.5412 18.0278 44.0 32.28 65.146 47.2652 36.2215 44.5533 0.0 39.9249 58.0 23.4094 54.5711 37.108 46.5725 28.2843 44.5533 72.6705 18.3848 36.0 65.1153 30.1496 15.2315 45.2769 45.0 14.1421 68.7968 41.7612 12.1655 25.632 49.7695 45.0111 52.0096 65.7647 48.6004 20.2485 56.4358 45.9674 67.424 30.6105 30.0 52.8015 33.0151 74.3303 32.7567 16.1245 33.5261 32.8024 52.2015 41.8808 35.171 17.1172 57.2014 48.0833 29.6816 45.3431 38.0132 48.0416 54.7083 50.2494 
20.1246 89.8443 54.4885 65.437 31.257 42.5441 50.01 48.1041 17.4929 12.8062 85.703 64.6297 22.0227 44.4072 20.3961 49.163 51.0882 12.6491 75.1532 62.5859 39.2173 21.4009 69.6348 32.0156 26.4008 18.4391 39.2173 15.1327 32.7567 75.326 31.5753 64.2884 50.6063 38.0526 9.0 52.2015 17.6918 79.6492 6.0828 31.1448 53.2541 43.0465 47.0106 48.7032 73.8783 86.3481 19.0263 83.9345 39.9249 0.0 27.1662 58.258 62.8013 76.844 39.0512 14.2127 70.8308 90.05 30.0666 42.5441 89.8109 56.4004 51.8652 70.342 23.2594 52.6308 85.5862 27.1662 28.178 29.4109 89.6939 48.4149 17.4642 89.5377 70.2282 45.3431 86.977 48.2597 85.8836 56.7186 21.0238 85.2877 57.2713 42.0595 72.45 41.0122 49.98 12.083 86.0523 51.923 71.2531 26.2488 77.4726 30.3645 66.4003 83.006 76.2955 48.1041 16.4012 12.53 
27.6586 89.0056 44.1475 86.8332 4.1231 26.0 77.026 36.8782 16.9706 23.0217 105.3613 76.0592 49.0408 30.3645 7.0711 56.8595 59.0931 39.6232 92.3147 76.0066 14.1421 18.868 89.9389 56.8595 46.6154 31.1448 65.9697 12.0416 59.8415 80.5233 58.6941 78.492 70.0928 48.0208 18.2483 79.0759 21.9317 73.8241 21.095 45.3431 47.0956 52.3546 40.05 50.2195 63.2456 98.8838 46.1736 97.2471 58.0 27.1662 0.0 80.0 54.1295 91.526 28.1603 39.8497 72.8354 82.9759 41.4005 40.4475 88.0227 80.9506 72.4707 71.5681 14.3178 67.2012 78.6448 54.0 48.8262 35.8469 105.4372 41.1096 10.0499 87.0919 69.0652 69.3542 90.0944 75.4255 80.0625 61.6847 28.4253 90.2441 60.8769 16.4012 90.0278 64.4981 50.9902 26.0768 92.1792 78.8543 81.0247 49.6488 74.108 56.3205 87.3212 103.3247 88.1192 38.4708 15.6525 16.2788 
