12
0.0 3.0 7.0711 8.0623 7.0 3.1623 3.0 5.3852 6.0 10.6301 4.1231 5.831 
3.0 0.0 8.0623 10.7703 7.6158 6.0828 4.2426 7.0711 9.0 12.8062 5.6569 7.8102 
7.0711 8.0623 0.0 6.7082 1.0 6.3246 10.0499 2.2361 8.6023 6.0828 3.0 2.8284 
8.0623 10.7703 6.7082 0.0 7.6158 5.0 9.8995 5.099 4.1231 4.0 6.0 4.1231 
7.0 7.6158 1.0 7.6158 0.0 6.7082 10.0 2.8284 9.2195 7.0711 3.1623 3.6056 
3.1623 6.0828 6.3246 5.0 6.7082 0.0 5.0 4.1231 3.1623 8.0623 3.6056 4.0 
3.0 4.2426 10.0499 9.8995 10.0 5.0 0.0 8.2462 6.7082 13.0384 7.0711 8.544 
5.3852 7.0711 2.2361 5.099 2.8284 4.1231 8.2462 0.0 6.4031 5.831 1.4142 1.0 
6.0 9.0 8.6023 4.1231 9.2195 3.1623 6.7082 6.4031 0.0 8.0623 6.4031 5.831 
10.6301 12.8062 6.0828 4.0 7.0711 8.0623 13.0384 5.831 8.0623 0.0 7.2111 5.0 
4.1231 5.6569 3.0 6.0 3.1623 3.6056 7.0711 1.4142 6.4031 7.2111 0.0 2.2361 
5.831 7.8102 2.8284 4.1231 3.6056 4.0 8.544 1.0 5.831 5.0 2.2361 0.0 
