40
0.0 20.5183 6.0828 27.2947 26.0 34.2345 11.4018 4.0 31.1448 16.4924 29.4109 24.7386 23.6008 7.2111 16.2788 25.6125 27.2029 22.0907 16.6433 15.6525 24.7386 16.1555 26.9258 14.0357 3.6056 24.0832 14.0 4.1231 35.2278 23.7065 25.5539 12.7279 16.4924 22.1359 4.1231 34.5398 13.0384 30.0832 39.6611 15.2971 
20.5183 0.0 17.4929 29.7321 19.2094 27.5862 11.7047 23.4307 24.7588 11.1803 15.2315 12.0416 4.0 20.6155 11.0454 31.5753 7.2801 18.7883 29.4279 22.0 13.4536 31.0483 25.0599 16.0 24.0416 19.7231 15.0 18.6011 23.7065 6.7082 8.2462 24.5153 18.0278 23.0868 17.2047 33.2866 16.0312 14.5602 20.2485 18.0278 
6.0828 17.4929 0.0 31.4006 27.6586 36.4005 6.4031 6.7082 33.2415 17.1172 29.1548 19.3132 19.8494 12.2066 10.7703 30.4138 23.3452 24.3516 22.3607 19.8494 25.0 22.1359 29.9666 16.5529 8.2462 26.2488 16.1555 2.0 36.0555 19.2094 24.0416 18.0278 10.4403 25.5539 7.0711 38.0789 15.6525 29.4279 37.5766 18.3576 
27.2947 29.7321 31.4006 0.0 13.1529 13.4536 31.8904 30.8707 12.2066 18.7883 22.3607 41.1461 33.5261 20.1246 35.805 5.0 35.9026 11.1803 15.0333 11.6619 19.0 18.1108 6.3246 15.6205 29.1548 11.0 16.4012 30.2324 20.2485 36.4005 26.0768 15.5242 40.3113 6.7082 24.4131 8.0 16.2788 24.3311 36.1386 13.4536 
26.0 19.2094 27.6586 13.1529 0.0 8.9443 25.4951 30.0 5.831 10.7703 9.2195 31.241 22.4722 20.3961 28.0179 17.088 24.1661 4.4721 22.0227 13.8924 6.3246 25.0 7.0 12.0416 29.0689 2.8284 12.0 27.2947 9.8489 25.807 13.6015 19.2354 34.0 8.6023 22.0227 14.3178 13.0384 11.1803 23.0868 11.4018 
34.2345 27.5862 36.4005 13.4536 8.9443 0.0 34.4384 38.2099 3.1623 19.6977 14.3178 39.598 30.4795 28.0 36.8917 18.4391 31.6228 12.1655 26.9258 20.2237 14.1421 30.0832 8.544 20.2237 37.054 10.198 20.3961 35.9026 8.0623 33.9706 20.8087 25.4951 42.9418 13.3417 30.4138 9.2195 21.2132 16.1555 26.0192 19.0263 
11.4018 11.7047 6.4031 31.8904 25.4951 34.4384 0.0 13.0384 31.305 14.7648 25.0799 13.3417 13.6015 15.2971 5.0 31.9061 17.0294 23.0217 25.7099 21.095 21.587 26.1725 29.2062 16.2788 14.3178 24.6982 15.5563 8.0623 32.7567 12.8062 19.105 20.8806 8.6023 25.4558 10.0499 37.6431 15.6205 25.0 31.9531 18.4391 
4.0 23.4307 6.7082 30.8707 30.0 38.2099 13.0384 0.0 35.1283 20.3961 33.2415 26.0 26.1725 10.7703 17.4642 28.8444 29.7321 26.0768 19.105 19.3132 28.6356 18.0278 30.8058 18.0278 2.2361 28.0713 18.0 5.0 39.2046 25.807 29.0689 15.8114 16.0 25.9615 8.0623 38.2753 17.0294 33.8378 43.0465 19.2354 
31.1448 24.7588 33.2415 12.2066 5.831 3.1623 31.305 35.1283 0.0 16.5529 12.3693 36.7967 27.8029 25.02 33.8378 17.0294 29.1548 9.0554 24.5967 17.4642 11.4018 27.7308 6.4031 17.1172 34.0147 7.0711 17.2627 32.7567 8.0623 31.241 18.3576 22.8035 39.8246 10.7703 27.2947 10.0499 18.1108 14.3178 25.0799 16.0 
16.4924 11.1803 17.1172 18.7883 10.7703 19.6977 14.7648 20.3961 16.5529 0.0 13.0 22.3607 15.1327 12.8062 17.6918 20.3961 18.0 8.4853 19.3132 11.1803 8.2462 21.4709 14.8661 5.3852 19.9249 10.0 4.4721 17.0 19.0 17.72 10.8167 14.7648 23.3238 12.083 12.3693 23.3452 5.831 13.8924 24.7588 7.0711 
29.4109 15.2315 29.1548 22.3607 9.2195 14.3178 25.0799 33.2415 12.3693 13.0 0.0 26.6271 17.2047 25.5539 25.9615 26.2488 17.6918 12.53 29.8329 21.2603 5.0 32.5576 16.1245 17.2047 32.8938 11.7047 16.6433 29.4279 8.6023 20.8087 7.2111 26.1725 32.7567 17.4642 25.2982 22.3607 18.0278 2.0 13.9284 17.6918 
24.7386 12.0416 19.3132 41.1461 31.241 39.598 13.3417 26.0 36.7967 22.3607 26.6271 0.0 9.434 28.0 8.544 42.3792 10.198 30.5287 38.1182 32.0156 25.4558 39.0 36.8917 26.2488 27.5136 31.6228 25.2982 21.1896 35.2278 5.831 19.4165 33.1361 12.8062 34.4384 23.0868 45.2217 25.9615 25.5539 27.074 28.4605 
23.6008 4.0 19.8494 33.5261 22.4722 30.4795 13.6015 26.1725 27.8029 15.1327 17.2047 9.434 0.0 24.3516 11.4018 35.5106 3.6056 22.4722 33.3766 26.0 16.4012 34.9285 28.6356 20.0 27.0185 23.2594 19.0 21.2132 25.807 3.6056 10.0 28.4429 18.2483 26.9258 20.5913 36.7151 20.025 16.1245 19.2354 22.0227 
7.2111 20.6155 12.2066 20.1246 20.3961 28.0 15.2971 10.7703 25.02 12.8062 25.5539 28.0 24.3516 0.0 20.2237 18.4391 27.8568 16.1245 10.4403 8.544 20.5913 11.0 20.2237 8.544 9.2195 18.1108 8.9443 10.6301 30.0832 25.4951 23.3452 5.831 22.3607 15.2971 5.3852 27.5136 7.6158 26.6271 37.4833 9.0554 
16.2788 11.0454 10.7703 35.805 28.0179 36.8917 5.0 17.4642 33.8378 17.6918 25.9615 8.544 11.4018 20.2237 0.0 36.2353 14.3178 26.1725 30.5941 25.4951 23.2594 31.1448 32.5269 20.2485 18.9737 27.6586 19.4165 12.6491 34.176 9.434 19.2354 25.7099 7.0 29.2062 15.0333 41.0122 19.7231 25.4951 30.5941 22.4722 
25.6125 31.5753 30.4138 5.0 17.088 18.4391 31.9061 28.8444 17.0294 20.3961 26.2488 42.3792 35.5106 18.4391 36.2353 0.0 38.2099 14.1421 11.1803 10.8167 22.3607 14.0357 10.8167 16.1555 26.9258 14.5602 17.088 29.0 25.0 38.0789 29.0689 13.0384 40.0 9.0554 23.3452 12.3693 16.5529 28.1603 40.1622 13.9284 
27.2029 7.2801 23.3452 35.9026 24.1661 31.6228 17.0294 29.7321 29.1548 18.0 17.6918 10.198 3.6056 27.8568 14.3178 38.2099 0.0 24.7386 36.6742 29.0689 17.8885 38.3275 30.6757 23.0868 30.6105 25.2982 22.0907 24.7588 26.1725 5.099 10.8167 31.7805 20.8806 29.4279 24.1868 38.4838 23.1948 16.2788 17.0 25.02 
22.0907 18.7883 24.3516 11.1803 4.4721 12.1655 23.0217 26.0768 9.0554 8.4853 12.53 30.5287 22.4722 16.1245 26.1725 14.1421 24.7386 0.0 17.6918 9.434 8.2462 20.6155 6.4031 8.0623 25.0 2.0 8.2462 23.7697 14.3178 25.4951 15.0 14.7648 31.6228 5.099 18.2483 14.8661 9.0554 14.3178 26.4008 7.0711 
16.6433 29.4279 22.3607 15.0333 22.0227 26.9258 25.7099 19.105 24.5967 19.3132 29.8329 38.1182 33.3766 10.4403 30.5941 11.1803 36.6742 17.6918 0.0 8.6023 25.0 3.1623 18.3848 13.9284 16.9706 19.2094 14.8661 20.5913 31.6228 35.0571 29.9666 5.0 32.6956 13.8924 15.8114 23.0217 13.6015 31.4006 43.2666 12.53 
15.6525 22.0 19.8494 11.6619 13.8924 20.2237 21.095 19.3132 17.4642 11.1803 21.2603 32.0156 26.0 8.544 25.4951 10.8167 29.0689 9.434 8.6023 0.0 16.4012 11.3137 12.0 6.0 17.72 11.1803 7.0 18.6011 23.7065 28.1603 21.5407 5.3852 29.2062 7.0 12.8062 18.9737 6.0828 22.8035 34.6699 4.1231 
24.7386 13.4536 25.0 19.0 6.3246 14.1421 21.587 28.6356 11.4018 8.2462 5.0 25.4558 16.4012 20.5913 23.2594 22.3607 17.8885 8.2462 25.0 16.4012 0.0 27.6586 13.1529 12.2066 28.1603 8.0 11.6619 25.0799 11.1803 19.8494 7.2801 21.2132 29.7321 13.3417 20.6155 20.6155 13.0384 6.4031 18.3576 12.7279 
16.1555 31.0483 22.1359 18.1108 25.0 30.0832 26.1725 18.0278 27.7308 21.4709 32.5576 39.0 34.9285 11.0 31.1448 14.0357 38.3275 20.6155 3.1623 11.3137 27.6586 0.0 21.5407 16.1245 15.8114 22.2036 17.0 20.2485 34.6699 36.3456 32.249 6.7082 32.573 17.0 16.1245 26.0768 15.6525 34.0588 45.8039 15.0 
26.9258 25.0599 29.9666 6.3246 7.0 8.544 29.2062 30.8058 6.4031 14.8661 16.1245 36.8917 28.6356 20.2237 32.5269 10.8167 30.6757 6.4031 18.3848 12.0 13.1529 21.5407 0.0 13.4164 29.4279 5.3852 13.8924 29.1548 14.2127 31.7648 20.3961 17.1172 37.8021 5.0 23.4094 8.4853 14.3178 18.1108 29.8329 11.7047 
14.0357 16.0 16.5529 15.6205 12.0416 20.2237 16.2788 18.0278 17.1172 5.3852 17.2047 26.2488 20.0 8.544 20.2485 16.1555 23.0868 8.0623 13.9284 6.0 12.2066 16.1245 13.4164 0.0 17.0294 10.0499 1.0 15.8114 21.587 22.2036 16.1245 9.434 24.7588 9.2195 10.198 21.6333 1.0 18.4391 29.8329 2.2361 
3.6056 24.0416 8.2462 29.1548 29.0689 37.054 14.3178 2.2361 34.0147 19.9249 32.8938 27.5136 27.0185 9.2195 18.9737 26.9258 30.6105 25.0 16.9706 17.72 28.1603 15.8114 29.4279 17.0294 0.0 27.0 17.1172 6.3246 38.4708 26.9258 29.1548 13.8924 18.0278 24.5153 7.6158 36.6879 16.0312 33.6155 43.2666 18.0278 
24.0832 19.7231 26.2488 11.0 2.8284 10.198 24.6982 28.0713 7.0711 10.0 11.7047 31.6228 23.2594 18.1108 27.6586 14.5602 25.2982 2.0 19.2094 11.1803 8.0 22.2036 5.3852 10.0499 27.0 0.0 10.198 25.7099 12.53 26.4197 15.1327 16.5529 33.2866 5.831 20.2237 13.6015 11.0454 13.6015 25.632 9.0554 
14.0 15.0 16.1555 16.4012 12.0 20.3961 15.5563 18.0 17.2627 4.4721 16.6433 25.2982 19.0 8.9443 19.4165 17.088 22.0907 8.2462 14.8661 7.0 11.6619 17.0 13.8924 1.0 17.1172 10.198 0.0 15.5242 21.3776 21.2132 15.2643 10.2956 24.0832 9.8995 10.0499 22.2036 1.4142 17.8045 29.0689 3.1623 
4.1231 18.6011 2.0 30.2324 27.2947 35.9026 8.0623 5.0 32.7567 17.0 29.4279 21.1896 21.2132 10.6301 12.6491 29.0 24.7588 23.7697 20.5913 18.6011 25.0799 20.2485 29.1548 15.8114 6.3246 25.7099 15.5242 0.0 36.0 20.8087 24.6982 16.4012 12.3693 24.5967 5.831 37.1214 14.8661 29.8329 38.4708 17.4642 
35.2278 23.7065 36.0555 20.2485 9.8489 8.0623 32.7567 39.2046 8.0623 19.0 8.6023 35.2278 25.807 30.0832 34.176 25.0 26.1725 14.3178 31.6228 23.7065 11.1803 34.6699 14.2127 21.587 38.4708 12.53 21.3776 36.0 0.0 29.4109 15.8114 29.0689 40.8044 17.8045 31.1448 17.2627 22.561 9.8995 18.1108 21.1896 
23.7065 6.7082 19.2094 36.4005 25.807 33.9706 12.8062 25.807 31.241 17.72 20.8087 5.831 3.6056 25.4951 9.434 38.0789 5.099 25.4951 35.0571 28.1603 19.8494 36.3456 31.7648 22.2036 26.9258 26.4197 21.2132 20.8087 29.4109 0.0 13.6015 30.0666 15.8114 29.7321 21.1896 39.9625 22.0907 19.7231 22.0227 24.3311 
25.5539 8.2462 24.0416 26.0768 13.6015 20.8087 19.105 29.0689 18.3576 10.8167 7.2111 19.4165 10.0 23.3452 19.2354 29.0689 10.8167 15.0 29.9666 21.5407 7.2801 32.249 20.3961 16.1245 29.1548 15.1327 15.2643 24.6982 15.8114 13.6015 0.0 25.5539 26.1725 20.025 21.6333 27.8568 16.6433 6.3246 14.2127 17.4642 
12.7279 24.5153 18.0278 15.5242 19.2354 25.4951 20.8806 15.8114 22.8035 14.7648 26.1725 33.1361 28.4429 5.831 25.7099 13.0384 31.7805 14.7648 5.0 5.3852 21.2132 6.7082 17.1172 9.434 13.8924 16.5529 10.2956 16.4012 29.0689 30.0666 25.5539 0.0 28.178 12.1655 11.1803 23.3452 8.9443 27.5862 39.2046 8.4853 
16.4924 18.0278 10.4403 40.3113 34.0 42.9418 8.6023 16.0 39.8246 23.3238 32.7567 12.8062 18.2483 22.3607 7.0 40.0 20.8806 31.6228 32.6956 29.2062 29.7321 32.573 37.8021 24.7588 18.0278 33.2866 24.0832 12.3693 40.8044 15.8114 26.1725 28.178 0.0 33.9706 17.0 46.2277 24.0416 32.3883 37.4833 26.8701 
22.1359 23.0868 25.5539 6.7082 8.6023 13.3417 25.4558 25.9615 10.7703 12.083 17.4642 34.4384 26.9258 15.2971 29.2062 9.0554 29.4279 5.099 13.8924 7.0 13.3417 17.0 5.0 9.2195 24.5153 5.831 9.8995 24.5967 17.8045 29.7321 20.025 12.1655 33.9706 0.0 18.7883 12.53 10.0 19.3132 31.3847 7.2111 
4.1231 17.2047 7.0711 24.4131 22.0227 30.4138 10.0499 8.0623 27.2947 12.3693 25.2982 23.0868 20.5913 5.3852 15.0333 23.3452 24.1868 18.2483 15.8114 12.8062 20.6155 16.1245 23.4094 10.198 7.6158 20.2237 10.0499 5.831 31.1448 21.1896 21.6333 11.1803 17.0 18.7883 0.0 31.305 9.2195 26.0 35.805 11.7047 
34.5398 33.2866 38.0789 8.0 14.3178 9.2195 37.6431 38.2753 10.0499 23.3452 22.3607 45.2217 36.7151 27.5136 41.0122 12.3693 38.4838 14.8661 23.0217 18.9737 20.6155 26.0768 8.4853 21.6333 36.6879 13.6015 22.2036 37.1214 17.2627 39.9625 27.8568 23.3452 46.2277 12.53 31.305 0.0 22.4722 24.3311 35.0143 19.7231 
13.0384 16.0312 15.6525 16.2788 13.0384 21.2132 15.6205 17.0294 18.1108 5.831 18.0278 25.9615 20.025 7.6158 19.7231 16.5529 23.1948 9.0554 13.6015 6.0828 13.0384 15.6525 14.3178 1.0 16.0312 11.0454 1.4142 14.8661 22.561 22.0907 16.6433 8.9443 24.0416 10.0 9.2195 22.4722 0.0 19.2094 30.4795 2.8284 
30.0832 14.5602 29.4279 24.3311 11.1803 16.1555 25.0 33.8378 14.3178 13.8924 2.0 25.5539 16.1245 26.6271 25.4951 28.1603 16.2788 14.3178 31.4006 22.8035 6.4031 34.0588 18.1108 18.4391 33.6155 13.6015 17.8045 29.8329 9.8995 19.7231 6.3246 27.5862 32.3883 19.3132 26.0 24.3311 19.2094 0.0 12.083 19.105 
39.6611 20.2485 37.5766 36.1386 23.0868 26.0192 31.9531 43.0465 25.0799 24.7588 13.9284 27.074 19.2354 37.4833 30.5941 40.1622 17.0 26.4008 43.2666 34.6699 18.3576 45.8039 29.8329 29.8329 43.2666 25.632 29.0689 38.4708 18.1108 22.0227 14.2127 39.2046 37.4833 31.3847 35.805 35.0143 30.4795 12.083 0.0 30.8058 
15.2971 18.0278 18.3576 13.4536 11.4018 19.0263 18.4391 19.2354 16.0 7.0711 17.6918 28.4605 22.0227 9.0554 22.4722 13.9284 25.02 7.0711 12.53 4.1231 12.7279 15.0 11.7047 2.2361 18.0278 9.0554 3.1623 17.4642 21.1896 24.3311 17.4642 8.4853 26.8701 7.2111 11.7047 19.7231 2.8284 19.105 30.8058 0.0 
