80
0.0 45.0999 84.9588 10.4403 33.8378 57.8705 33.8378 30.8058 50.6063 19.3132 59.1354 71.2811 44.1022 77.9359 61.8547 67.897 45.4533 66.468 20.6155 60.8358 36.0555 45.2769 53.0754 9.0554 12.53 17.0 42.0476 66.2873 39.6611 11.7047 51.6236 8.6023 56.6392 5.3852 18.0278 49.6488 24.0832 35.805 64.0 64.405 41.6293 28.8617 66.3099 41.1825 65.7951 51.0 67.1193 61.2944 79.9062 8.0623 25.9615 41.4005 22.4722 63.5138 26.3059 75.1532 73.7902 65.3758 76.0592 61.4003 72.8629 68.5055 51.6624 62.0967 17.4642 14.5602 77.5242 43.1856 66.0076 21.8403 78.032 29.6985 36.0555 13.6015 79.8812 15.6525 61.0 9.2195 2.2361 22.2036 
45.0999 0.0 61.1882 43.9659 44.6878 58.5918 15.2643 34.8281 39.5601 54.1202 69.4046 39.5601 22.4722 44.7214 49.0306 72.4707 35.7771 44.0454 34.5398 55.3624 9.0554 58.0 33.541 46.3897 34.1321 30.4138 61.0737 35.4401 37.8021 56.4358 7.8102 50.1597 39.6232 50.01 28.1603 46.5296 32.6497 24.0832 19.2354 57.5674 15.6525 45.4863 28.0179 41.4005 42.107 6.7082 29.6816 18.3576 54.3415 50.01 20.3961 36.0555 41.1461 32.9848 19.0263 37.0135 36.6197 22.3607 64.6297 46.6905 47.676 54.4518 56.8595 63.9531 43.3244 31.0161 64.2806 2.2361 21.3776 25.632 43.0465 30.0 64.8845 50.01 63.0 31.257 79.9062 40.2616 47.1699 23.7697 
84.9588 61.1882 0.0 90.802 55.4707 39.8121 57.6975 54.4518 34.7131 78.2368 53.1507 23.0868 43.8292 21.5407 25.0599 46.1736 39.598 18.868 64.3817 32.0156 64.5136 55.0273 32.45 79.2465 73.2462 69.2026 62.6259 26.0768 46.0977 95.462 55.3263 83.5464 28.3196 86.977 69.6348 38.9487 60.8769 50.4777 63.3877 29.4279 49.7695 61.0328 37.2156 45.8039 20.1246 63.2851 35.2278 69.1158 7.0 92.8493 64.4981 43.8634 64.5368 28.2843 66.6483 32.8938 31.3209 70.4557 21.3776 24.4131 13.6015 19.9249 45.8803 41.1096 70.1783 73.0068 18.4391 60.6383 64.6297 77.8267 25.0799 55.3173 74.8465 78.8733 12.3693 70.6045 68.0661 86.6083 87.046 74.7061 
10.4403 43.9659 90.802 0.0 42.7551 66.7083 35.805 38.0789 57.3062 29.7321 69.0072 75.0733 48.0833 81.5659 68.884 77.4145 51.9711 72.0069 27.8568 68.9493 35.1141 55.0364 58.4123 19.4165 17.8885 21.6333 52.2398 70.0928 47.0106 15.2315 51.264 18.7883 62.6817 14.4222 21.2603 57.5847 30.8707 40.4599 61.8142 72.45 44.2041 38.2099 68.2642 49.0408 71.0634 49.0306 69.3397 58.1378 85.276 7.6158 27.8029 48.3011 31.4006 67.2681 26.9258 77.3886 76.2758 62.0725 83.7735 68.0955 78.1025 75.591 60.8276 71.1969 27.0185 17.8045 85.0 42.3792 63.6396 18.4391 81.2158 35.8469 46.4866 24.0416 86.8332 20.2485 71.3863 4.2426 10.2956 20.2485 
33.8378 44.6878 55.4707 42.7551 0.0 24.0416 29.6985 9.8995 21.5407 22.8035 27.8927 48.6621 27.2029 55.109 30.6105 35.0 18.2483 39.0 16.1245 27.4591 39.0512 14.3178 28.2843 25.9422 26.0 24.3311 16.4012 44.2832 11.0454 42.19 46.6476 29.6816 28.7924 34.0 26.6833 16.9706 14.8661 21.095 61.9112 31.0644 30.8869 5.6569 50.3587 9.8489 39.2173 51.225 50.1597 62.8013 51.8845 41.7852 28.6531 14.0357 11.4018 42.107 31.7648 57.0 55.0091 66.6108 43.0116 31.0644 45.6946 36.7967 18.1108 28.4429 16.5529 28.1603 44.8219 42.5206 64.1405 39.2938 56.5685 14.8661 23.0868 24.2074 48.0833 25.1794 35.609 39.3192 35.4683 36.6879 
57.8705 58.5918 39.8121 66.7083 24.0416 0.0 46.1736 30.0 19.8494 44.6542 14.5602 43.6578 36.3593 48.5077 17.4642 13.8924 22.8254 30.0832 39.3192 8.0 55.9732 16.4012 28.3196 49.7695 49.4975 47.0956 23.8537 41.1461 22.3607 65.7419 57.4282 53.2259 23.8537 57.7754 49.0102 12.083 37.054 35.7351 71.7008 10.4403 42.9418 29.1548 51.8652 19.105 31.6228 64.1405 50.774 74.6324 39.0128 65.7875 48.5077 23.0868 35.4401 40.3113 51.6236 55.0364 52.8015 77.801 21.6333 19.9249 35.3553 20.0998 7.0711 5.3852 40.4969 51.1566 24.1868 56.7979 73.7564 61.0737 51.2445 34.1321 36.6197 47.4131 29.1548 48.1664 29.4279 63.1506 59.4643 58.1378 
33.8378 15.2643 57.6975 35.805 29.6985 46.1736 0.0 19.799 29.0172 39.6232 55.5698 39.6232 13.9284 45.9674 40.1123 59.808 24.1868 39.0 19.6469 44.4072 9.8489 43.4166 25.9615 33.0606 21.587 17.2627 46.0109 34.7131 24.1661 45.5412 19.2354 37.2156 31.5753 38.0789 15.8114 34.2053 17.4642 10.4403 33.8378 47.1699 8.4853 30.2324 32.6497 27.7308 37.5766 21.9545 33.6155 33.6155 51.4782 40.2492 8.0623 23.0868 26.0 31.8904 9.2195 41.6773 40.4969 37.5899 56.1427 38.3275 44.2945 46.3897 43.382 51.5461 28.6356 19.3132 56.4358 13.0384 36.0555 20.2485 45.4533 14.8661 49.6488 36.0555 56.5155 18.4391 65.192 31.6228 36.0555 17.2047 
30.8058 34.8281 54.4518 38.0789 9.8995 30.0 19.799 0.0 19.8494 25.9615 36.7696 43.6578 19.0263 50.3289 31.0644 42.5793 14.8661 36.4005 10.2956 31.0483 29.2062 23.8537 23.7065 24.8395 20.2485 17.2627 26.2488 38.8973 8.9443 41.0122 37.1214 29.2062 26.2488 32.5269 19.0263 19.6469 7.2801 11.7047 52.3546 34.4819 21.5407 11.4018 43.0116 11.1803 36.0555 41.4005 43.1045 53.0094 49.8197 38.833 19.3132 10.6301 10.7703 36.4005 22.4722 50.4876 48.6621 56.8595 45.6946 30.6105 43.0116 37.7359 25.4951 35.0571 16.1245 21.3776 46.9574 32.6497 54.5894 31.1448 51.2445 5.0 31.3209 25.0599 49.0918 18.4391 45.4533 34.176 32.8024 28.2843 
50.6063 39.5601 34.7131 57.3062 21.5407 19.8494 29.0172 19.8494 0.0 43.909 33.0151 28.0 17.088 34.1321 11.7047 33.6006 5.3852 17.4642 30.0 15.8114 38.3275 26.4764 8.9443 44.5533 39.4462 35.7771 33.0606 24.1868 11.4018 60.8276 37.7359 48.8365 7.2801 52.345 36.7696 8.9443 26.6271 19.105 51.8556 18.2483 24.0416 26.8328 33.1059 11.7047 17.72 44.7214 32.311 54.9181 30.5287 58.6003 33.541 9.2195 29.8329 22.561 36.3456 37.855 35.6931 58.0086 27.4591 10.8167 24.1661 18.3848 20.5913 25.0 35.4683 39.8121 28.1603 37.9473 53.9073 47.0744 36.0 21.4709 43.4166 44.2041 29.5296 37.1214 46.5188 53.2353 52.6308 43.9318 
19.3132 54.1202 78.2368 29.7321 22.8035 44.6542 39.6232 25.9615 43.909 0.0 42.45 69.5701 44.4072 76.2168 53.4135 52.2015 39.8121 61.2944 20.0998 49.5782 45.8803 29.5466 49.3964 10.8167 21.6333 24.1661 24.5153 64.846 32.6497 22.3607 58.8558 11.1803 51.0 16.1245 26.8328 39.6989 23.0 36.1248 73.2462 53.1507 45.0111 17.2047 68.469 32.45 61.2699 60.7289 68.7314 72.111 74.4312 25.1794 33.8378 35.3412 15.2971 62.3618 35.8469 76.2955 74.5252 76.2168 65.192 53.8238 68.0 59.5483 37.7359 47.8853 11.0454 25.2389 67.2086 51.923 75.4321 36.8782 77.201 28.1603 16.7631 5.831 70.7672 23.7065 42.19 28.178 19.6469 35.805 
59.1354 69.4046 53.1507 69.0072 27.8927 14.5602 55.5698 36.7696 33.0151 42.45 0.0 58.1893 48.1041 63.0635 32.0156 10.6301 34.6554 44.643 43.9318 22.3607 65.3682 14.0357 41.8808 50.2494 53.4603 52.1728 18.0278 55.5428 31.6228 64.7611 69.3542 52.7731 38.0132 57.7062 54.5711 24.2074 42.72 45.4863 84.1487 24.0208 54.037 31.1448 65.8635 28.0179 46.1736 75.4321 64.8845 86.4523 53.0848 66.4831 56.0803 33.4215 38.2099 54.5619 59.2368 69.4622 67.2309 89.8721 32.9848 34.4819 49.8197 34.0588 12.7279 12.0416 42.0 55.9017 35.9026 67.424 86.2786 67.1863 65.8027 41.6293 29.6816 46.6905 41.5933 52.9528 15.0333 66.0303 60.2993 64.56 
71.2811 39.5601 23.0868 75.0733 48.6621 43.6578 39.6232 43.6578 28.0 69.5701 58.1893 0.0 27.2029 6.7082 26.4008 55.0727 30.4138 13.8924 51.8845 36.2491 44.4185 54.231 20.3961 67.5352 58.8218 54.4059 61.0328 5.0 37.6563 82.6801 32.9848 72.0069 21.095 74.4312 54.037 36.2215 48.3011 35.5106 40.3113 35.8469 31.1448 53.3667 14.1421 39.2046 12.083 40.7922 12.1655 46.0435 16.1245 78.6003 47.3814 34.7131 54.4243 7.8102 48.8365 12.0416 9.8995 47.3814 35.4683 23.7697 11.6619 27.0185 47.0744 47.4236 59.6154 57.6281 33.6006 39.3954 41.5933 59.6657 8.0 42.4853 71.2531 68.542 29.5296 55.8032 72.8011 70.8378 73.4983 56.7274 
44.1022 22.4722 43.8292 48.0833 27.2029 36.3593 13.9284 19.0263 17.088 44.4072 48.1041 27.2029 0.0 33.8378 27.074 50.2494 13.6015 25.0799 25.2982 32.8938 22.0227 38.2753 12.1655 40.8534 31.6228 27.2029 42.9535 22.2036 17.4929 55.5698 21.2603 45.31 18.0278 47.4131 26.9072 24.4131 21.8403 8.544 36.1248 35.171 7.0711 30.2655 24.0832 20.8087 23.7065 27.7849 24.3311 38.4187 37.7359 51.4004 20.8087 15.0 29.1548 19.4165 22.8254 32.0156 30.3645 41.7732 43.0116 25.0 30.5287 33.0151 35.3836 41.6773 33.7343 30.4795 43.0465 20.8806 38.2884 34.0 34.0 16.2788 50.01 42.45 42.7551 28.6007 60.0 43.8406 46.3249 30.8869 
77.9359 44.7214 21.5407 81.5659 55.109 48.5077 45.9674 50.3289 34.1321 76.2168 63.0635 6.7082 33.8378 0.0 31.0483 59.0931 36.8782 18.4391 58.5918 40.8044 50.2195 60.0333 26.9258 74.2428 65.4599 61.0328 67.0075 11.6619 44.1475 89.3588 37.6962 78.7147 27.0185 81.1234 60.6053 42.0119 55.0091 42.19 43.0116 39.9249 37.4833 59.9083 17.4642 45.5412 17.1172 45.2217 15.5242 49.163 15.2643 85.2115 53.8145 41.2311 61.0983 14.4222 55.1543 11.4018 10.0499 50.0 37.6431 28.6356 13.8924 30.4138 52.469 51.8652 66.3099 64.2028 35.3836 44.7772 44.0114 65.8559 3.6056 49.1935 77.5242 75.2396 30.4795 62.426 77.8781 77.3369 80.1561 62.9682 
61.8547 49.0306 25.0599 68.884 30.6105 17.4642 40.1123 31.0644 11.7047 53.4135 32.0156 26.4008 27.074 31.0483 0.0 28.8444 17.088 12.6491 41.3401 9.8489 49.0102 30.5941 15.5242 55.3173 51.0 47.4236 38.0789 24.4131 22.2036 71.7008 45.8803 59.4643 9.4868 63.2535 48.4665 13.8924 38.0789 30.5941 58.6686 9.8995 34.1321 36.2353 36.0694 21.2132 14.3178 53.4509 34.7131 62.6498 22.561 69.8928 45.1221 20.5913 40.3609 24.0832 47.8539 38.0789 35.8469 65.2993 16.0312 2.8284 18.0278 6.7082 22.0227 21.0238 46.0109 51.4782 16.4924 47.676 60.5392 58.6941 33.8378 33.1059 49.98 54.4518 18.0278 48.7545 46.8722 64.846 63.8201 55.5428 
67.897 72.4707 46.1736 77.4145 35.0 13.8924 59.808 42.5793 33.6006 52.2015 10.6301 55.0727 50.2494 59.0931 28.8444 0.0 36.7151 41.1825 51.0392 19.2094 69.6419 22.8035 41.7732 59.2284 61.0 59.1354 28.178 53.2541 35.7351 74.3303 71.2811 62.0967 36.7967 66.9403 61.2944 25.9422 49.2544 49.3964 85.4283 19.2354 56.8243 39.2046 64.6607 32.28 43.0465 78.032 63.4114 88.4816 47.2969 75.505 61.6117 36.7696 46.0977 52.8015 64.7611 66.888 64.6607 91.6079 25.0 31.6228 45.31 28.7924 17.1172 8.6023 50.4876 63.0714 28.0 70.6612 87.4586 73.6817 62.1691 47.0744 40.2244 56.0446 34.0147 60.075 23.0868 74.1687 69.2315 70.859 
45.4533 35.7771 39.598 51.9711 18.2483 22.8254 24.1868 14.8661 5.3852 39.8121 34.6554 30.4138 13.6015 36.8782 17.088 36.7151 0.0 21.6333 24.8395 20.2237 33.7343 26.0 10.0499 39.6989 34.1321 30.4138 31.7805 26.0768 7.2801 55.8659 34.8281 44.0454 11.4018 47.3814 31.3847 10.8167 21.4009 14.0 49.4975 23.0217 20.1246 23.0868 33.2415 9.0554 21.4709 41.3401 32.7567 52.0096 35.0 53.4135 28.2843 4.4721 25.2389 24.0 31.1448 39.1152 37.054 55.3173 32.7567 16.1245 28.3019 23.7697 21.9317 28.178 30.8058 34.4384 33.5261 34.0147 51.6236 41.7732 38.3275 16.1245 41.0122 39.6611 34.8855 31.7648 47.1699 47.8853 47.5079 38.6394 
66.468 44.0454 18.868 72.0069 39.0 30.0832 39.0 36.4005 17.4642 61.2944 44.643 13.8924 25.0799 18.4391 12.6491 41.1825 21.6333 0.0 46.0109 22.4722 46.3249 42.0476 13.6015 61.2209 54.5619 50.448 49.2544 12.8062 28.6531 77.2334 39.2046 65.6049 10.2956 68.7677 50.8035 24.1868 42.45 31.6228 49.98 21.9545 31.3209 44.2832 25.2389 29.1548 2.2361 47.1699 23.6008 54.8179 13.4536 74.2765 45.6508 26.0768 46.8722 13.4164 47.8539 25.807 23.6008 56.921 22.8254 10.198 6.7082 13.4536 34.1321 33.6155 52.4309 54.2033 21.5407 43.1856 51.6236 59.0339 21.1896 36.7696 60.4152 61.2944 19.105 51.8556 59.439 67.8012 68.593 55.9017 
20.6155 34.5398 64.3817 27.8568 16.1245 39.3192 19.6469 10.2956 30.0 20.0998 43.9318 51.8845 25.2982 58.5918 41.3401 51.0392 24.8395 46.0109 0.0 41.1096 26.9258 30.0832 32.8024 15.6525 10.198 8.2462 30.0167 46.9574 19.2354 31.241 38.833 20.1246 36.0694 22.8035 10.7703 29.7321 3.6056 16.7631 53.4509 44.5982 25.02 13.4164 49.0306 21.1896 45.4533 41.2311 49.4773 52.8015 59.4643 28.6007 15.0 20.8087 7.0711 44.2832 17.6918 57.28 55.6597 56.8595 55.9464 40.8044 52.4976 48.0208 34.0 44.1022 9.0554 12.0416 57.2451 32.311 55.6597 23.4094 59.0931 9.434 30.8058 17.2627 59.3633 9.0554 50.1199 24.0416 22.6716 21.0238 
60.8358 55.3624 32.0156 68.9493 27.4591 8.0 44.4072 31.0483 15.8114 49.5782 22.3607 36.2491 32.8938 40.8044 9.8489 19.2094 20.2237 22.4722 41.1096 0.0 53.9351 23.2594 23.0217 53.3385 51.2445 48.2701 30.8707 34.1321 22.3607 69.6419 53.2353 57.1402 17.6918 61.4003 49.8197 11.4018 38.3275 34.1321 66.8506 3.6056 39.8497 33.0151 45.4533 19.9249 24.1661 60.4152 44.2041 70.3278 31.0161 68.8767 48.0104 22.0227 38.4708 33.6006 51.0 47.8853 45.6508 73.2462 15.6205 12.53 27.4591 12.1655 13.9284 11.1803 43.909 52.3927 17.6918 53.7587 68.8186 61.2046 43.6578 34.3657 43.4166 51.614 21.9545 49.4773 37.3363 65.146 62.6099 58.1378 
36.0555 9.0554 64.5136 35.1141 39.0512 55.9732 9.8489 29.2062 38.3275 45.8803 65.3682 44.4185 22.0227 50.2195 49.0102 69.6419 33.7343 46.3249 26.9258 53.9351 0.0 53.0094 34.1321 37.6563 25.318 21.8403 55.1725 39.8246 34.0147 47.3814 16.1555 41.3038 40.05 41.0 19.4165 43.9659 25.6125 20.2485 28.0713 56.5685 15.1327 38.9487 34.6554 37.5766 44.643 15.1327 36.0694 26.2488 57.9396 41.0 12.083 32.8938 33.8378 37.1214 10.198 43.8634 43.1393 30.3645 65.0 47.0106 50.9215 55.0364 53.2259 61.3514 35.3412 22.0907 65.0692 7.2801 30.1496 17.0 49.0408 24.2074 57.6888 41.4849 64.6297 22.561 74.6525 31.3209 38.1182 14.8661 
45.2769 58.0 55.0273 55.0364 14.3178 16.4012 43.4166 23.8537 26.4764 29.5466 14.0357 54.231 38.2753 60.0333 30.5941 22.8035 26.0 42.0476 30.0832 23.2594 53.0094 0.0 35.171 36.4966 39.4588 38.3275 7.6158 50.636 20.8087 51.5461 59.0339 39.2938 33.1361 44.1475 40.8044 18.0278 29.1548 33.9411 74.2024 26.4197 43.2782 17.1172 59.1354 17.4929 43.0 64.3506 58.5235 75.743 53.1507 52.7731 42.9418 23.3238 24.1868 49.0306 46.0652 64.3273 62.1691 79.3977 38.0132 32.249 48.2597 35.1141 9.434 18.6011 28.0179 41.9762 40.4969 55.9017 76.4003 53.4509 62.2013 28.8444 20.2485 33.2415 45.1774 39.0512 21.9317 52.0096 46.5296 50.9215 
53.0754 33.541 32.45 58.4123 28.2843 28.3196 25.9615 23.7065 8.9443 49.3964 41.8808 20.3961 12.1655 26.9258 15.5242 41.7732 10.0499 13.6015 32.8024 23.0217 34.1321 35.171 0.0 48.2597 41.0366 36.8782 41.4367 16.0312 17.2627 64.0312 30.4631 52.6972 6.0828 55.6058 37.2022 17.8885 29.2062 18.0278 43.8292 24.5967 19.0263 32.9848 24.1661 19.0 12.7279 37.9473 23.4094 47.4131 26.9072 60.8112 32.2025 14.3178 34.4384 14.0357 34.5398 29.2746 27.1662 50.2494 31.1448 13.1529 19.799 21.0238 29.5296 33.2415 39.8246 40.6079 31.0 32.249 45.8039 45.6946 28.2843 23.4307 51.0392 48.7647 30.5941 38.2884 55.4617 54.2033 55.2268 42.5441 
9.0554 46.3897 79.2465 19.4165 25.9422 49.7695 33.0606 24.8395 44.5533 10.8167 50.2494 67.5352 40.8534 74.2428 55.3173 59.2284 39.6989 61.2209 15.6525 53.3385 37.6563 36.4966 48.2597 0.0 12.3693 16.0312 33.0151 62.6099 33.2415 16.4012 52.0096 4.4721 51.0882 8.0623 18.2483 42.4382 19.2354 32.311 65.6201 56.9386 39.8121 20.6155 64.2884 34.2053 60.803 52.7731 64.846 63.7887 74.6525 16.2788 26.0768 35.3836 15.0 59.9333 27.4591 72.7324 71.1688 67.9117 68.7968 55.1725 67.8012 61.8466 43.3244 53.7587 9.434 15.8114 70.4557 44.2832 67.7422 26.6271 74.7329 25.0599 27.313 5.0 73.2462 15.1327 51.9711 17.4642 10.0499 25.9422 
12.53 34.1321 73.2462 17.8885 26.0 49.4975 21.587 20.2485 39.4462 21.6333 53.4603 58.8218 31.6228 65.4599 51.0 61.0 34.1321 54.5619 10.198 51.2445 25.318 39.4588 41.0366 12.3693 0.0 4.4721 38.2753 53.8238 29.1548 24.1661 40.05 16.0312 45.0 16.4924 6.0 39.8497 13.0 23.4307 53.3385 54.7083 29.1548 22.3607 53.8516 31.3209 53.7587 40.4475 54.626 51.4198 67.9412 19.8494 14.0357 30.4138 15.2971 51.0392 15.1327 62.6498 61.2699 55.5428 65.9242 50.2494 60.8276 57.7062 44.0454 54.231 13.0384 3.6056 67.1193 32.0624 55.4437 15.6205 65.5134 18.0278 36.2353 16.5529 68.9638 3.1623 58.3095 13.9284 14.7648 14.2127 
17.0 30.4138 69.2026 21.6333 24.3311 47.0956 17.2627 17.2627 35.7771 24.1661 52.1728 54.4059 27.2029 61.0328 47.4236 59.1354 30.4138 50.448 8.2462 48.2701 21.8403 38.3275 36.8782 16.0312 4.4721 0.0 38.0132 49.4065 25.9615 28.6356 36.0 20.025 41.0488 20.8806 2.8284 36.8782 10.0499 19.105 49.6488 51.6624 24.6982 21.5407 49.3964 28.4429 49.5782 36.8782 50.1597 48.0833 63.7809 24.2074 10.0499 26.9258 14.7648 46.6154 11.7047 58.1808 56.7979 52.2015 62.6259 46.5296 56.6392 54.1295 42.0476 52.0096 14.2127 4.1231 63.6946 28.2843 51.788 15.2315 61.0574 14.3178 37.4833 19.6469 65.2993 1.4142 58.1378 17.4929 19.2354 13.0384 
42.0476 61.0737 62.6259 52.2398 16.4012 23.8537 46.0109 26.2488 33.0606 24.5153 18.0278 61.0328 42.9535 67.0075 38.0789 28.178 31.7805 49.2544 30.0167 30.8707 55.1725 7.6158 41.4367 33.0151 38.2753 38.0132 0.0 57.2189 25.632 46.8722 62.9682 35.1283 40.0 40.1123 40.7063 25.0799 30.0 37.4433 78.2304 34.0 47.1699 16.6433 65.0 22.8035 50.0899 67.624 64.5368 79.2023 60.6383 49.0408 44.2041 28.4605 23.2594 55.4437 47.2017 70.7107 68.593 83.006 45.4863 39.6232 55.5788 42.72 17.0 25.4558 25.7099 41.2311 48.0208 58.8982 80.455 53.2259 69.029 31.1448 12.8062 29.0689 52.7731 38.4838 20.1246 49.6488 43.0 51.0 
66.2873 35.4401 26.0768 70.0928 44.2832 41.1461 34.7131 38.8973 24.1868 64.846 55.5428 5.0 22.2036 11.6619 24.4131 53.2541 26.0768 12.8062 46.9574 34.1321 39.8246 50.636 16.0312 62.6099 53.8238 49.4065 57.2189 0.0 33.2415 77.6981 29.2746 67.082 17.72 69.4622 49.0408 32.7567 43.382 30.5287 38.0789 34.2053 26.2488 48.8365 12.53 35.0143 10.6301 37.2156 10.8167 43.4166 19.105 73.6003 42.4264 30.2655 49.6488 2.8284 43.9318 13.9284 11.7047 45.1221 35.5106 21.6333 13.1529 26.2488 43.9659 45.2769 54.7814 52.6308 34.0 35.1141 39.5601 54.8179 12.3693 37.5766 67.0671 63.6946 30.6757 50.8035 69.8928 65.8559 68.5055 51.8556 
39.6611 37.8021 46.0977 47.0106 11.0454 22.3607 24.1661 8.9443 11.4018 32.6497 31.6228 37.6563 17.4929 44.1475 22.2036 35.7351 7.2801 28.6531 19.2354 22.3607 34.0147 20.8087 17.2627 33.2415 29.1548 25.9615 25.632 33.2415 0.0 49.5782 38.2884 37.4833 18.3576 41.1096 27.4591 11.0454 16.1555 13.8924 53.4135 25.7099 22.6274 15.8114 39.6232 3.6056 28.6356 43.9318 39.3192 55.1543 41.8808 47.7074 26.1725 3.0 18.4391 31.0644 29.2746 46.0109 44.0 58.7282 36.7696 21.9317 35.3553 28.8444 19.2354 27.6586 24.0832 30.0832 38.0132 35.805 55.6058 39.0128 45.5412 12.0416 34.0147 32.8024 40.2244 27.2029 42.638 43.0813 41.6173 36.0 
11.7047 56.4358 95.462 15.2315 42.19 65.7419 45.5412 41.0122 60.8276 22.3607 64.7611 82.6801 55.5698 89.3588 71.7008 74.3303 55.8659 77.2334 31.241 69.6419 47.3814 51.5461 64.0312 16.4012 24.1661 28.6356 46.8722 77.6981 49.5782 0.0 63.1506 12.53 67.2086 8.4853 29.7321 58.8218 34.8281 47.1699 75.1066 73.2462 53.3104 36.7151 78.0 50.6063 76.6942 62.1289 78.7909 72.0278 90.6863 7.6158 37.6431 51.6236 31.4006 74.9466 37.855 86.8159 85.4283 76.0592 85.1469 71.5052 83.7377 78.2432 59.0931 69.4622 25.807 26.2488 86.8389 54.5894 77.0584 32.0624 89.5545 40.6079 38.0132 18.3848 89.6437 27.313 64.0 17.2627 9.4868 33.0151 
51.6236 7.8102 55.3263 51.264 46.6476 57.4282 19.2354 37.1214 37.7359 58.8558 69.3542 32.9848 21.2603 37.6962 45.8803 71.2811 34.8281 39.2046 38.833 53.2353 16.1555 59.0339 30.4631 52.0096 40.05 36.0 62.9682 29.2746 38.2884 63.1506 0.0 56.0089 36.4005 56.3205 34.0588 45.607 36.4005 25.5539 15.2643 55.0364 15.8114 48.3322 20.5913 41.7732 37.1214 8.0 22.3607 17.2047 48.3735 57.0088 26.0192 36.0694 44.9222 27.074 25.318 29.4109 29.1548 20.5183 60.8769 43.3244 42.0476 50.6952 56.6392 62.6817 47.8539 37.2156 60.208 8.9443 17.4929 33.1059 35.7771 32.6956 68.1542 55.2268 58.3095 37.0135 80.9197 47.4342 53.7587 31.0161 
8.6023 50.1597 83.5464 18.7883 29.6816 53.2259 37.2156 29.2062 48.8365 11.1803 52.7731 72.0069 45.31 78.7147 59.4643 62.0967 44.0454 65.6049 20.1246 57.1402 41.3038 39.2938 52.6972 4.4721 16.0312 20.025 35.1283 67.082 37.4833 12.53 56.0089 0.0 55.4437 5.0 22.0227 46.4004 23.7065 36.7696 69.3542 60.7454 44.1475 24.1868 68.6804 38.2884 65.215 56.4358 69.2604 67.2681 79.0253 14.0357 30.0 39.6989 19.105 64.405 31.1448 77.1622 75.6108 71.3863 72.6705 59.397 72.2011 65.9469 46.6154 57.0088 13.4536 19.2354 74.4043 48.0937 71.4493 29.0689 79.2023 29.5296 27.8927 6.0828 77.3369 19.0 53.3385 17.8045 8.544 28.7924 
56.6392 39.6232 28.3196 62.6817 28.7924 23.8537 31.5753 26.2488 7.2801 51.0 38.0132 21.095 18.0278 27.0185 9.4868 36.7967 11.4018 10.2956 36.0694 17.6918 40.05 33.1361 6.0828 51.0882 45.0 41.0488 40.0 17.72 18.3576 67.2086 36.4005 55.4437 0.0 58.7282 41.6773 15.1327 32.5576 22.8473 49.3964 18.868 25.0 34.0147 28.0179 18.9737 10.4403 43.9659 26.9258 53.2259 23.6008 64.5368 37.3363 15.8114 36.6197 16.5529 39.8497 31.6228 29.4109 55.9464 25.0799 7.0711 17.0 15.0 26.2488 28.4253 42.2019 44.9444 25.02 38.3275 51.3128 50.9215 29.0689 27.0185 50.636 51.0392 25.0 42.4382 52.2015 58.5235 58.7282 47.7598 
5.3852 50.01 86.977 14.4222 34.0 57.7754 38.0789 32.5269 52.345 16.1245 57.7062 74.4312 47.4131 81.1234 63.2535 66.9403 47.3814 68.7677 22.8035 61.4003 41.0 44.1475 55.6058 8.0623 16.4924 20.8806 40.1123 69.4622 41.1096 8.4853 56.3205 5.0 58.7282 0.0 22.3607 50.4777 26.4008 38.9487 69.029 65.0 45.5412 28.6356 70.2282 42.2019 68.2495 56.0357 70.9366 66.4831 82.2192 9.0554 30.4138 43.1393 23.0217 66.7308 31.0644 78.924 77.4726 70.5762 76.8505 63.0317 75.2861 69.814 51.264 61.6847 17.4929 19.105 78.492 48.0416 71.0634 27.2029 81.4125 32.2025 32.7567 11.0454 81.2158 19.6469 58.3095 14.2127 4.2426 27.4591 
18.0278 28.1603 69.6348 21.2603 26.6833 49.0102 15.8114 19.0263 36.7696 26.8328 54.5711 54.037 26.9072 60.6053 48.4665 61.2944 31.3847 50.8035 10.7703 49.8197 19.4165 40.8044 37.2022 18.2483 6.0 2.8284 40.7063 49.0408 27.4591 29.7321 34.0588 22.0227 41.6773 22.3607 0.0 38.4708 12.0416 19.2094 47.3814 53.1507 23.7065 24.1661 48.3322 30.1496 49.8197 34.5254 49.1935 45.607 64.0312 24.6982 8.0623 28.1603 17.4929 46.2277 9.2195 57.2451 55.9464 49.7293 63.8905 47.4236 56.8507 55.1543 44.1814 54.0093 17.0294 3.6056 64.846 26.0768 49.4975 12.6491 60.4649 15.5242 40.3113 22.1359 66.2118 3.1623 60.8276 17.0294 20.2485 10.2956 
49.6488 46.5296 38.9487 57.5847 16.9706 12.083 34.2053 19.6469 8.9443 39.6989 24.2074 36.2215 24.4131 42.0119 13.8924 25.9422 10.8167 24.1868 29.7321 11.4018 43.9659 18.0278 17.8885 42.4382 39.8497 36.8782 25.0799 32.7567 11.0454 58.8218 45.607 46.4004 15.1327 50.4777 38.4708 0.0 26.9258 23.7697 60.1415 14.8661 30.8869 22.6274 42.0476 8.544 25.02 52.1536 41.2311 62.8013 36.0555 57.7062 37.054 11.1803 27.4591 31.3209 40.1123 46.5725 44.3847 66.0681 26.4197 14.8661 30.5941 19.8494 11.6619 17.4642 33.0151 41.0 28.0179 44.7214 62.2415 50.04 44.1814 23.0868 36.4005 41.1096 31.1127 38.0789 37.5766 53.7587 51.4782 47.0106 
24.0832 32.6497 60.8769 30.8707 14.8661 37.054 17.4642 7.2801 26.6271 23.0 42.72 48.3011 21.8403 55.0091 38.0789 49.2544 21.4009 42.45 3.6056 38.3275 25.6125 29.1548 29.2062 19.2354 13.0 10.0499 30.0 43.382 16.1555 34.8281 36.4005 23.7065 32.5576 26.4008 12.0416 26.9258 0.0 13.3417 51.264 41.7612 22.0227 13.4536 45.7056 18.4391 41.8688 39.3573 46.0977 51.0 55.9017 32.0156 14.2127 17.4929 8.544 40.7185 17.2047 53.8516 52.2015 55.0091 52.9245 37.4433 48.9183 44.7772 32.1403 42.0 12.0416 14.1421 54.1295 30.4138 53.4883 24.5153 55.5428 5.831 32.249 20.6155 56.0803 11.1803 49.93 26.9258 26.1725 21.8403 
35.805 24.0832 50.4777 40.4599 21.095 35.7351 10.4403 11.7047 19.105 36.1248 45.4863 35.5106 8.544 42.19 30.5941 49.3964 14.0 31.6228 16.7631 34.1321 20.2485 33.9411 18.0278 32.311 23.4307 19.105 37.4433 30.5287 13.8924 47.1699 25.5539 36.7696 22.8473 38.9487 19.2094 23.7697 13.3417 0.0 40.8167 37.0135 9.8489 23.0868 32.3883 17.4929 30.6105 30.4138 32.7567 41.8688 44.8219 43.2782 14.5602 12.6491 21.0 27.7849 17.2627 40.5216 38.8973 45.607 46.5296 29.1204 37.6431 37.108 33.121 41.1096 25.318 22.6716 47.0744 22.0227 43.0465 28.1603 42.4853 8.0 43.0116 33.9559 47.7598 20.5183 55.8659 36.2353 38.0132 25.0 
64.0 19.2354 63.3877 61.8142 61.9112 71.7008 33.8378 52.3546 51.8556 73.2462 84.1487 40.3113 36.1248 43.0116 58.6686 85.4283 49.4975 49.98 53.4509 66.8506 28.0713 74.2024 43.8292 65.6201 53.3385 49.6488 78.2304 38.0789 53.4135 75.1066 15.2643 69.3542 49.3964 69.029 47.3814 60.1415 51.264 40.8167 0.0 68.2642 31.0644 63.5059 26.1725 56.8507 47.7598 13.0 28.1603 6.7082 56.4358 68.3593 39.6232 51.0882 59.808 36.6879 38.2099 32.249 33.0606 7.0711 72.6154 55.9464 51.1957 62.6498 71.4213 76.8375 62.3618 50.1597 71.5122 21.3776 2.2361 43.4166 40.1123 47.8539 83.2586 69.2315 68.6804 50.4876 96.0469 58.4209 66.0076 42.107 
64.405 57.5674 29.4279 72.45 31.0644 10.4403 47.1699 34.4819 18.2483 53.1507 24.0208 35.8469 35.171 39.9249 9.8995 19.2354 23.0217 21.9545 44.5982 3.6056 56.5685 26.4197 24.5967 56.9386 54.7083 51.6624 34.0 34.2053 25.7099 73.2462 55.0364 60.7454 18.868 65.0 53.1507 14.8661 41.7612 37.0135 68.2642 0.0 42.2019 36.6197 45.9674 23.4094 23.8537 62.3939 44.5982 72.0069 29.0689 72.45 51.0882 25.1794 42.0595 33.9706 54.037 47.7074 45.4863 74.793 12.0416 12.7279 26.2488 10.0499 17.0 12.1655 47.5079 55.7853 14.2127 56.0446 70.1783 64.3817 42.9535 37.6563 46.6476 55.2178 18.7883 52.8867 39.0512 68.6222 66.1891 61.2944 
41.6293 15.6525 49.7695 44.2041 30.8869 42.9418 8.4853 21.5407 24.0416 45.0111 54.037 31.1448 7.0711 37.4833 34.1321 56.8243 20.1246 31.3209 25.02 39.8497 15.1327 43.2782 19.0263 39.8121 29.1548 24.6982 47.1699 26.2488 22.6274 53.3104 15.8114 44.1475 25.0 45.5412 23.7065 30.8869 22.0227 9.8489 31.0644 42.2019 0.0 32.8938 24.6982 26.1725 29.7321 21.4009 25.4951 32.5269 43.382 48.3735 16.4012 20.6155 30.2655 23.4307 17.6918 33.541 32.249 36.1248 50.04 32.0156 36.2491 40.0 41.4005 48.3011 34.0 27.2947 50.01 13.9284 33.2866 28.6007 37.0135 17.4642 52.811 42.19 49.4975 26.0 65.192 40.0 43.8634 25.6125 
28.8617 45.4863 61.0328 38.2099 5.6569 29.1548 30.2324 11.4018 26.8328 17.2047 31.1448 53.3667 30.2655 59.9083 36.2353 39.2046 23.0868 44.2832 13.4164 33.0151 38.9487 17.1172 32.9848 20.6155 22.3607 21.5407 16.6433 48.8365 15.8114 36.7151 48.3322 24.1868 34.0147 28.6356 24.1661 22.6274 13.4536 23.0868 63.5059 36.6197 32.8938 0.0 54.037 15.2643 44.3847 52.1536 54.0 63.8122 57.3062 36.6879 27.6586 18.6815 7.0711 46.5296 30.6105 61.131 59.2115 67.7422 48.6004 36.6197 50.9902 42.45 22.8035 33.2415 11.4018 25.0 50.448 43.2666 65.7419 36.7696 61.1882 15.6525 19.9249 18.6011 53.7401 22.1359 36.7151 35.0143 30.3645 34.4384 
66.3099 28.0179 37.2156 68.2642 50.3587 51.8652 32.6497 43.0116 33.1059 68.469 65.8635 14.1421 24.0832 17.4642 36.0694 64.6607 33.2415 25.2389 49.0306 45.4533 34.6554 59.1354 24.1661 64.2884 53.8516 49.3964 65.0 12.53 39.6232 78.0 20.5913 68.6804 28.0179 70.2282 48.3322 42.0476 45.7056 32.3883 26.1725 45.9674 24.6982 54.037 0.0 42.2019 23.0217 27.8568 2.0 32.0 30.2655 72.8972 40.7063 36.6742 53.2353 12.0416 41.3401 9.2195 8.6023 33.2415 48.0208 33.2415 25.2982 38.6005 53.6656 56.4004 57.7062 51.8941 46.5296 28.4253 27.4591 51.225 15.2315 40.3113 73.437 66.2873 43.0813 50.6952 79.6241 64.1405 68.542 48.6004 
41.1825 41.4005 45.8039 49.0408 9.8489 19.105 27.7308 11.1803 11.7047 32.45 28.0179 39.2046 20.8087 45.5412 21.2132 32.28 9.0554 29.1548 21.1896 19.9249 37.5766 17.4929 19.0 34.2053 31.3209 28.4429 22.8035 35.0143 3.6056 50.6063 41.7732 38.2884 18.9737 42.2019 30.1496 8.544 18.4391 17.4929 56.8507 23.4094 26.1725 15.2643 42.2019 0.0 29.4109 47.5079 41.7732 58.6941 42.0595 49.2443 29.4279 5.831 19.2094 33.0151 32.5576 48.1664 46.0977 62.2415 34.8855 21.4009 35.8469 27.6586 15.6525 24.3311 24.8395 32.5576 36.3593 39.4081 59.0339 42.0119 47.1699 15.0333 32.0624 33.2415 39.0512 29.6142 39.2046 45.2217 43.0465 39.0512 
65.7951 42.107 20.1246 71.0634 39.2173 31.6228 37.5766 36.0555 17.72 61.2699 46.1736 12.083 23.7065 17.1172 14.3178 43.0465 21.4709 2.2361 45.4533 24.1661 44.643 43.0 12.7279 60.803 53.7587 49.5782 50.0899 10.6301 28.6356 76.6942 37.1214 65.215 10.4403 68.2495 49.8197 25.02 41.8688 30.6105 47.7598 23.8537 29.7321 44.3847 23.0217 29.4109 0.0 45.0999 21.4009 52.6308 14.2127 73.5391 44.4185 25.9422 46.6476 11.1803 46.5296 23.8537 21.6333 54.7083 25.0599 11.7047 7.0711 15.6205 35.3553 35.3412 52.1536 53.2635 23.7697 41.3038 49.3964 57.7062 19.6469 36.1248 61.0 61.0574 21.2132 50.9902 60.8769 66.8431 67.9412 54.5894 
51.0 6.7082 63.2851 49.0306 51.225 64.1405 21.9545 41.4005 44.7214 60.7289 75.4321 40.7922 27.7849 45.2217 53.4509 78.032 41.3401 47.1699 41.2311 60.4152 15.1327 64.3506 37.9473 52.7731 40.4475 36.8782 67.624 37.2156 43.9318 62.1289 8.0 56.4358 43.9659 56.0357 34.5254 52.1536 39.3573 30.4138 13.0 62.3939 21.4009 52.1536 27.8568 47.5079 45.0999 0.0 29.7321 11.6619 56.3205 55.4437 26.9258 42.0119 47.8539 35.0571 25.318 36.2353 36.2491 15.6525 68.6586 50.9608 50.04 58.4637 62.8013 69.4622 49.98 37.2156 68.0661 8.9443 15.0333 30.5941 43.0813 36.6197 71.5891 56.5155 66.2722 37.6563 86.2786 45.5412 53.0094 29.1548 
67.1193 29.6816 35.2278 69.3397 50.1597 50.774 33.6155 43.1045 32.311 68.7314 64.8845 12.1655 24.3311 15.5242 34.7131 63.4114 32.7567 23.6008 49.4773 44.2041 36.0694 58.5235 23.4094 64.846 54.626 50.1597 64.5368 10.8167 39.3192 78.7909 22.3607 69.2604 26.9258 70.9366 49.1935 41.2311 46.0977 32.7567 28.1603 44.5982 25.4951 54.0 2.0 41.7732 21.4009 29.7321 0.0 34.0 28.2843 73.8241 41.6773 36.3456 53.4603 10.6301 42.4382 8.0623 7.0711 35.2278 46.3249 31.8904 23.4094 37.0135 52.8015 55.2178 58.0517 52.7731 44.7772 30.0 29.4279 52.4976 13.4164 40.6079 73.2462 66.7083 41.2311 51.4782 78.7909 65.192 69.3542 49.8197 
61.2944 18.3576 69.1158 58.1378 62.8013 74.6324 33.6155 53.0094 54.9181 72.111 86.4523 46.0435 38.4187 49.163 62.6498 88.4816 52.0096 54.8179 52.8015 70.3278 26.2488 75.743 47.4131 63.7887 51.4198 48.0833 79.2023 43.4166 55.1543 72.0278 17.2047 67.2681 53.2259 66.4831 45.607 62.8013 51.0 41.8688 6.7082 72.0069 32.5269 63.8122 32.0 58.6941 52.6308 11.6619 34.0 0.0 62.1289 65.0077 38.2753 53.0754 59.4811 41.7732 36.4005 38.6394 39.3192 4.1231 77.1622 60.0083 56.5685 67.0671 73.7564 79.8812 61.4654 48.0521 76.243 20.5913 7.0711 40.0 46.3897 48.2597 83.2406 67.72 73.7564 48.7647 97.6729 55.0091 63.1981 39.1152 
79.9062 54.3415 7.0 85.276 51.8845 39.0128 51.4782 49.8197 30.5287 74.4312 53.0848 16.1245 37.7359 15.2643 22.561 47.2969 35.0 13.4536 59.4643 31.0161 57.9396 53.1507 26.9072 74.6525 67.9412 63.7809 60.6383 19.105 41.8808 90.6863 48.3735 79.0253 23.6008 82.2192 64.0312 36.0555 55.9017 44.8219 56.4358 29.0689 43.382 57.3062 30.2655 42.0595 14.2127 56.3205 28.2843 62.1289 0.0 87.6926 58.5235 39.4081 60.2163 21.3776 60.5392 26.4008 24.6982 63.5059 23.7065 21.1896 7.2111 19.0263 44.4072 41.1947 65.8027 67.4759 21.095 53.8516 57.7062 71.6938 18.868 50.2096 72.4224 74.6324 15.6205 65.192 68.1175 81.0555 82.0366 68.6003 
8.0623 50.01 92.8493 7.6158 41.7852 65.7875 40.2492 38.833 58.6003 25.1794 66.4831 78.6003 51.4004 85.2115 69.8928 75.505 53.4135 74.2765 28.6007 68.8767 41.0 52.7731 60.8112 16.2788 19.8494 24.2074 49.0408 73.6003 47.7074 7.6158 57.0088 14.0357 64.5368 9.0554 24.6982 57.7062 32.0156 43.2782 68.3593 72.45 48.3735 36.6879 72.8972 49.2443 73.5391 55.4437 73.8241 65.0077 87.6926 0.0 32.2025 49.4065 30.4631 70.8025 31.9531 81.8841 80.6226 69.0 84.119 69.4046 80.6102 76.5506 59.4811 69.9214 25.2982 21.095 85.5862 48.2701 70.2567 25.02 85.1469 37.5366 41.7732 20.0 87.9204 22.8035 67.3647 10.0 6.3246 26.3059 
25.9615 20.3961 64.4981 27.8029 28.6531 48.5077 8.0623 19.3132 33.541 33.8378 56.0803 47.3814 20.8087 53.8145 45.1221 61.6117 28.2843 45.6508 15.0 48.0104 12.083 42.9418 32.2025 26.0768 14.0357 10.0499 44.2041 42.4264 26.1725 37.6431 26.0192 30.0 37.3363 30.4138 8.0623 37.054 14.2127 14.5602 39.6232 51.0882 16.4012 27.6586 40.7063 29.4279 44.4185 26.9258 41.6773 38.2753 58.5235 32.2025 0.0 26.0 22.0227 39.598 3.1623 49.7393 48.5489 42.3792 61.0 43.6807 51.3128 51.6624 44.643 53.7587 23.2594 11.4018 61.6117 18.2483 41.7732 13.6015 53.4135 14.5602 45.8039 29.6142 62.2977 11.0 64.0703 23.6008 28.1603 10.4403 
41.4005 36.0555 43.8634 48.3011 14.0357 23.0868 23.0868 10.6301 9.2195 35.3412 33.4215 34.7131 15.0 41.2311 20.5913 36.7696 4.4721 26.0768 20.8087 22.0227 32.8938 23.3238 14.3178 35.3836 30.4138 26.9258 28.4605 30.2655 3.0 51.6236 36.0694 39.6989 15.8114 43.1393 28.1603 11.1803 17.4929 12.6491 51.0882 25.1794 20.6155 18.6815 36.6742 5.831 25.9422 42.0119 36.3456 53.0754 39.4081 49.4065 26.0 0.0 20.8087 28.0713 29.0172 43.0116 41.0 56.5685 35.7351 20.0 32.7567 27.2947 20.8087 28.4605 26.4008 31.0161 36.7696 34.1321 53.2635 39.2046 42.5793 12.6491 37.0135 35.2278 38.5876 28.2312 45.0 44.2832 43.4166 36.1248 
22.4722 41.1461 64.5368 31.4006 11.4018 35.4401 26.0 10.7703 29.8329 15.2971 38.2099 54.4243 29.1548 61.0983 40.3609 46.0977 25.2389 46.8722 7.0711 38.4708 33.8378 24.1868 34.4384 15.0 15.2971 14.7648 23.2594 49.6488 18.4391 31.4006 44.9222 19.105 36.6197 23.0217 17.4929 27.4591 8.544 21.0 59.808 42.0595 30.2655 7.0711 53.2353 19.2094 46.6476 47.8539 53.4603 59.4811 60.2163 30.4631 22.0227 20.8087 0.0 47.1275 24.7588 61.0 59.2284 63.5059 53.8516 40.3113 53.535 46.8615 29.4279 39.8121 5.6569 18.0278 55.4707 38.9102 62.0322 29.9666 61.9839 13.0 23.8537 14.4222 58.258 15.2315 43.382 28.0713 24.1661 27.7849 
63.5138 32.9848 28.2843 67.2681 42.107 40.3113 31.8904 36.4005 22.561 62.3618 54.5619 7.8102 19.4165 14.4222 24.0832 52.8015 24.0 13.4164 44.2832 33.6006 37.1214 49.0306 14.0357 59.9333 51.0392 46.6154 55.4437 2.8284 31.0644 74.9466 27.074 64.405 16.5529 66.7308 46.2277 31.3209 40.7185 27.7849 36.6879 33.9706 23.4307 46.5296 12.0416 33.0151 11.1803 35.0571 10.6301 41.7732 21.3776 70.8025 39.598 28.0713 47.1275 0.0 41.1096 15.2971 13.1529 43.6807 36.2353 21.2603 15.0 26.6271 42.72 44.6542 52.2015 49.8197 34.9285 32.573 38.2753 52.0096 14.8661 34.9285 65.0077 61.0983 32.0156 48.0104 68.7095 63.0317 65.7343 49.0408 
26.3059 19.0263 66.6483 26.9258 31.7648 51.6236 9.2195 22.4722 36.3456 35.8469 59.2368 48.8365 22.8254 55.1543 47.8539 64.7611 31.1448 47.8539 17.6918 51.0 10.198 46.0652 34.5398 27.4591 15.1327 11.7047 47.2017 43.9318 29.2746 37.855 25.318 31.1448 39.8497 31.0644 9.2195 40.1123 17.2047 17.2627 38.2099 54.037 17.6918 30.6105 41.3401 32.5576 46.5296 25.318 42.4382 36.4005 60.5392 31.9531 3.1623 29.0172 24.7588 41.1096 0.0 50.4777 49.4065 40.5216 63.7887 46.3249 53.3385 54.3415 47.8017 56.8859 25.5539 12.0 64.3273 17.0 40.3113 11.1803 54.5619 17.72 48.4149 31.3209 64.846 12.3693 67.1193 22.8254 28.4429 8.0623 
75.1532 37.0135 32.8938 77.3886 57.0 55.0364 41.6773 50.4876 37.855 76.2955 69.4622 12.0416 32.0156 11.4018 38.0789 66.888 39.1152 25.807 57.28 47.8853 43.8634 64.3273 29.2746 72.7324 62.6498 58.1808 70.7107 13.9284 46.0109 86.8159 29.4109 77.1622 31.6228 78.924 57.2451 46.5725 53.8516 40.5216 32.249 47.7074 33.541 61.131 9.2195 48.1664 23.8537 36.2353 8.0623 38.6394 26.4008 81.8841 49.7393 43.0116 61.0 15.2971 50.4777 0.0 2.2361 39.1152 47.4236 35.3553 23.4307 39.0512 57.8705 59.0593 65.7343 60.8276 45.4533 37.5366 33.0606 60.4401 8.0623 48.2701 80.025 74.4648 41.0488 59.5063 83.8153 73.2462 77.3886 57.8014 
73.7902 36.6197 31.3209 76.2758 55.0091 52.8015 40.4969 48.6621 35.6931 74.5252 67.2309 9.8995 30.3645 10.0499 35.8469 64.6607 37.054 23.6008 55.6597 45.6508 43.1393 62.1691 27.1662 71.1688 61.2699 56.7979 68.593 11.7047 44.0 85.4283 29.1548 75.6108 29.4109 77.4726 55.9464 44.3847 52.2015 38.8973 33.0606 45.4863 32.249 59.2115 8.6023 46.0977 21.6333 36.2491 7.0711 39.3192 24.6982 80.6226 48.5489 41.0 59.2284 13.1529 49.4065 2.2361 0.0 40.0125 45.3431 33.121 21.4009 36.8782 55.6597 56.8243 64.0312 59.5399 43.4166 37.0135 34.0 59.5483 7.0711 46.5725 78.0064 72.8011 39.1152 58.1378 81.5966 72.111 76.0263 56.8507 
65.3758 22.3607 70.4557 62.0725 66.6108 77.801 37.5899 56.8595 58.0086 76.2168 89.8721 47.3814 41.7732 50.0 65.2993 91.6079 55.3173 56.921 56.8595 73.2462 30.3645 79.3977 50.2494 67.9117 55.5428 52.2015 83.006 45.1221 58.7282 76.0592 20.5183 71.3863 55.9464 70.5762 49.7293 66.0681 55.0091 45.607 7.0711 74.793 36.1248 67.7422 33.2415 62.2415 54.7083 15.6525 35.2278 4.1231 63.5059 69.0 42.3792 56.5685 63.5059 43.6807 40.5216 39.1152 40.0125 0.0 79.4796 62.6099 58.2495 69.4622 77.1557 83.006 65.5515 52.1728 78.4347 24.5967 6.0828 44.0114 47.0425 52.1536 87.2353 71.8401 75.6902 52.8867 101.3163 59.0 67.2681 43.1856 
76.0592 64.6297 21.3776 83.7735 43.0116 21.6333 56.1427 45.6946 27.4591 65.192 32.9848 35.4683 43.0116 37.6431 16.0312 25.0 32.7567 22.8254 55.9464 15.6205 65.0 38.0132 31.1448 68.7968 65.9242 62.6259 45.4863 35.5106 36.7696 85.1469 60.8769 72.6705 25.0799 76.8505 63.8905 26.4197 52.9245 46.5296 72.6154 12.0416 50.04 48.6004 48.0208 34.8855 25.0599 68.6586 46.3249 77.1622 23.7065 84.119 61.0 35.7351 53.8516 36.2353 63.7887 47.4236 45.3431 79.4796 0.0 18.0278 24.0416 10.198 28.6007 21.1896 59.3633 66.7308 3.0 63.3877 74.3236 74.5252 41.1096 48.3839 58.2495 67.2012 9.0554 63.9062 47.5184 79.8499 77.8974 71.3863 
61.4003 46.6905 24.4131 68.0955 31.0644 19.9249 38.3275 30.6105 10.8167 53.8238 34.4819 23.7697 25.0 28.6356 2.8284 31.6228 16.1245 10.198 40.8044 12.53 47.0106 32.249 13.1529 55.1725 50.2494 46.5296 39.6232 21.6333 21.9317 71.5052 43.3244 59.397 7.0711 63.0317 47.4236 14.8661 37.4433 29.1204 55.9464 12.7279 32.0156 36.6197 33.2415 21.4009 11.7047 50.9608 31.8904 60.0083 21.1896 69.4046 43.6807 20.0 40.3113 21.2603 46.3249 35.3553 33.121 62.6099 18.0278 0.0 16.0312 8.0623 24.0208 23.7065 45.9674 50.5371 18.1108 45.3982 57.8014 57.28 31.3209 32.249 51.2445 54.5619 18.7883 47.8853 49.2443 64.0078 63.4114 54.1202 
72.8629 47.676 13.6015 78.1025 45.6946 35.3553 44.2945 43.0116 24.1661 68.0 49.8197 11.6619 30.5287 13.8924 18.0278 45.31 28.3019 6.7082 52.4976 27.4591 50.9215 48.2597 19.799 67.8012 60.8276 56.6392 55.5788 13.1529 35.3553 83.7377 42.0476 72.2011 17.0 75.2861 56.8507 30.5941 48.9183 37.6431 51.1957 26.2488 36.2491 50.9902 25.2982 35.8469 7.0711 50.04 23.4094 56.5685 7.2111 80.6102 51.3128 32.7567 53.535 15.0 53.3385 23.4307 21.4009 58.2495 24.0416 16.0312 0.0 16.5529 40.0 38.3275 59.0762 60.3075 22.0227 47.0744 52.6308 64.4981 17.2047 43.1856 66.9403 67.9559 17.8885 58.0517 64.7765 73.8783 75.0067 61.4003 
68.5055 54.4518 19.9249 75.591 36.7967 20.0998 46.3897 37.7359 18.3848 59.5483 34.0588 27.0185 33.0151 30.4138 6.7082 28.7924 23.7697 13.4536 48.0208 12.1655 55.0364 35.1141 21.0238 61.8466 57.7062 54.1295 42.72 26.2488 28.8444 78.2432 50.6952 65.9469 15.0 69.814 55.1543 19.8494 44.7772 37.108 62.6498 10.0499 40.0 42.45 38.6005 27.6586 15.6205 58.4637 37.0135 67.0671 19.0263 76.5506 51.6624 27.2947 46.8615 26.6271 54.3415 39.0512 36.8782 69.4622 10.198 8.0623 16.5529 0.0 25.9615 22.2036 52.4976 58.1808 10.0499 53.2353 64.405 65.2534 33.6155 39.8121 55.0364 60.8276 11.4018 55.4617 49.0918 71.5542 70.4557 62.0967 
51.6624 56.8595 45.8803 60.8276 18.1108 7.0711 43.382 25.4951 20.5913 37.7359 12.7279 47.0744 35.3836 52.469 22.0227 17.1172 21.9317 34.1321 34.0 13.9284 53.2259 9.434 29.5296 43.3244 44.0454 42.0476 17.0 43.9659 19.2354 59.0931 56.6392 46.6154 26.2488 51.264 44.1814 11.6619 32.1403 33.121 71.4213 17.0 41.4005 22.8035 53.6656 15.6525 35.3553 62.8013 52.8015 73.7564 44.4072 59.4811 44.643 20.8087 29.4279 42.72 47.8017 57.8705 55.6597 77.1557 28.6007 24.0208 40.0 25.9615 0.0 10.4403 34.2053 46.0109 31.0644 54.9181 73.5527 56.5685 54.9181 30.0832 29.6816 40.7185 35.7771 43.0116 26.0 57.4282 53.1601 53.7587 
62.0967 63.9531 41.1096 71.1969 28.4429 5.3852 51.5461 35.0571 25.0 47.8853 12.0416 47.4236 41.6773 51.8652 21.0238 8.6023 28.178 33.6155 44.1022 11.1803 61.3514 18.6011 33.2415 53.7587 54.231 52.0096 25.4558 45.2769 27.6586 69.4622 62.6817 57.0088 28.4253 61.6847 54.0093 17.4642 42.0 41.1096 76.8375 12.1655 48.3011 33.2415 56.4004 24.3311 35.3412 69.4622 55.2178 79.8812 41.1947 69.9214 53.7587 28.4605 39.8121 44.6542 56.8859 59.0593 56.8243 83.006 21.1896 23.7065 38.3275 22.2036 10.4403 0.0 44.643 56.0357 24.0416 62.1691 78.8733 66.1891 54.7814 39.3192 38.2099 51.0784 29.6142 53.0377 27.0 67.7422 63.6003 63.2851 
