50
0.0 36.0555 29.5466 46.2709 51.264 36.0555 20.0998 38.5876 43.1393 47.4236 27.4591 38.0132 46.0 5.0 36.8782 39.3192 10.8167 48.1664 45.0 17.4642 11.7047 39.6232 7.8102 44.8219 43.6807 42.72 36.4005 43.0465 28.1603 49.2443 59.6657 49.0408 43.8292 24.0 47.4131 32.5269 43.1741 1.4142 13.0384 38.9487 41.3038 23.0868 39.9625 43.9318 18.9737 49.7293 10.6301 60.8276 21.2603 15.0 
36.0555 0.0 26.6271 20.8087 15.2315 40.0 36.8782 25.2389 18.2483 20.025 21.9545 10.4403 16.9706 38.0132 18.868 17.72 25.7099 21.2603 16.2788 18.7883 24.3516 19.6469 34.1321 23.7697 8.0 26.4008 30.4138 47.5079 16.1555 14.0357 28.6356 13.0 13.1529 15.6205 12.8062 15.5563 8.2462 36.6879 27.0185 26.6271 41.0122 28.7924 9.0 9.4868 17.088 14.0357 27.2947 31.6228 18.1108 22.2036 
29.5466 26.6271 0.0 46.6905 37.108 13.4536 15.6525 10.0 19.2354 23.5372 5.0 19.6469 43.4166 34.176 12.0416 41.8688 21.2132 47.5079 42.638 23.5372 23.0217 43.4166 33.7343 17.8885 33.541 14.2127 7.0711 21.2603 34.0 39.3954 35.7351 35.4401 24.0832 29.5466 30.4138 11.7047 34.4819 29.0689 16.7631 9.8995 15.6525 7.0711 22.8035 35.8469 21.8403 38.6264 19.6469 35.3412 13.6015 18.0 
46.2709 20.8087 46.6905 0.0 23.0868 60.1415 54.1202 46.0435 38.0789 38.6005 41.7732 30.8869 5.0 46.0 39.6611 7.0 38.6005 2.2361 5.099 30.3645 36.1386 7.2801 41.0122 43.8634 17.4642 47.0106 51.0882 67.8823 18.1108 16.1245 43.0 22.0 31.6228 22.561 27.2947 36.2353 15.5242 47.3814 42.1545 47.4342 61.6198 47.4342 28.6356 14.3178 30.0832 18.1108 41.1096 47.0425 35.5106 36.7696 
51.264 15.2315 37.108 23.0868 0.0 49.3964 50.04 31.7648 20.8087 19.105 33.3766 17.4642 18.1108 53.2259 26.0 24.6982 40.8044 22.0 18.2483 34.0147 39.5601 26.5707 49.2443 26.2488 8.4853 30.8058 38.4838 55.9017 29.0 7.0 20.0998 2.2361 13.8924 30.0 7.2111 25.4951 10.0 51.8652 41.5933 33.121 48.7647 41.1947 14.3178 10.2956 32.311 5.0 42.2019 24.3311 32.249 37.108 
36.0555 40.0 13.4536 60.1415 49.3964 0.0 16.4924 18.2483 29.6142 33.2415 18.3848 32.2025 56.8507 41.0488 23.4094 55.2268 30.8058 60.959 56.0803 35.3412 33.2415 56.7274 42.107 26.0192 46.6476 21.0 11.1803 8.0623 46.8722 52.3546 44.0454 47.927 35.7351 42.19 42.3792 24.6982 47.7074 35.1283 25.4951 17.1172 5.831 14.8661 35.3412 49.0918 34.0 51.4296 28.4429 42.4264 26.0768 28.7924 
20.0998 36.8782 15.6525 54.1202 50.04 16.4924 0.0 25.5539 34.4819 38.8973 17.2627 33.0606 52.0 25.0799 27.2029 48.0208 17.8045 55.4617 51.0784 24.8395 20.6155 49.0918 26.9258 33.541 44.7214 29.6816 20.5183 23.0 37.8021 50.8035 51.264 48.0937 38.3275 32.8024 44.0454 25.1794 45.1221 19.0263 12.7279 25.2389 22.1359 9.2195 36.0139 46.3249 24.4131 50.4876 15.0 50.9902 18.9737 17.8045 
38.5876 25.2389 10.0 46.0435 31.7648 18.2483 25.5539 0.0 11.4018 15.0333 11.1803 15.5563 42.0119 42.9418 6.4031 42.4853 29.1548 46.4004 41.4005 29.1548 30.3645 44.2832 41.7852 8.2462 30.4138 4.2426 7.0711 24.1661 36.8782 35.609 26.4764 30.5287 17.8885 33.2415 24.5967 10.4403 31.8277 38.2753 25.5539 1.4142 17.0 17.0294 18.4391 33.2415 27.074 34.4093 28.178 25.632 19.4165 25.2982 
43.1393 18.2483 19.2354 38.0789 20.8087 29.6142 34.4819 11.4018 0.0 4.4721 17.4642 8.0 33.541 46.7547 7.2801 35.9026 32.5576 38.0132 33.1059 29.5296 32.8024 37.855 44.4072 5.831 21.095 10.0 18.4391 35.4683 33.1361 25.4951 17.0 19.8494 7.0711 30.8058 13.6015 10.6301 22.8254 43.1856 30.6105 12.6491 28.2312 25.2982 9.4868 24.1868 27.2947 24.0416 32.5576 17.6918 21.9317 28.3196 
47.4236 20.025 23.5372 38.6005 19.105 33.2415 38.8973 15.0333 4.4721 0.0 21.9317 10.7703 33.8378 50.9313 11.7047 37.2156 36.7696 38.2753 33.5261 33.2866 36.8782 39.2046 48.4149 7.6158 21.1896 12.6491 22.0907 38.6005 35.6931 24.6982 12.53 18.6011 7.0711 33.8378 12.2066 15.0 23.0868 47.5079 35.0 16.1245 31.3209 29.7321 11.0454 24.3516 31.0644 23.0217 36.8782 13.4536 26.1725 32.5269 
27.4591 21.9545 5.0 41.7732 33.3766 18.3848 17.2627 11.1803 17.4642 21.9317 0.0 16.0312 38.6005 31.7648 10.2956 36.8782 18.0278 42.638 37.8021 19.105 19.4165 38.4187 30.6757 17.6918 29.1548 15.2643 11.1803 26.2488 29.0689 35.1141 34.4384 31.5753 21.095 24.6982 27.0185 8.0 29.9666 27.2029 14.4222 11.7047 20.5913 8.0623 19.105 31.305 17.2627 34.4819 17.0 34.6699 9.0554 14.3178 
38.0132 10.4403 19.6469 30.8869 17.4642 32.2025 33.0606 15.5563 8.0 10.7703 16.0312 0.0 26.6271 41.1096 9.2195 28.1603 27.2029 31.0644 26.0768 22.8035 26.9072 30.0832 38.2099 13.3417 14.8661 16.1245 21.6333 39.1152 25.1794 20.2485 21.9317 15.8114 5.831 23.0868 11.0 8.0623 16.2788 38.2753 26.4008 16.9706 32.2025 24.0 3.1623 17.6918 20.6155 19.2354 27.7849 23.8537 17.0 23.0217 
46.0 16.9706 43.4166 5.0 18.1108 56.8507 52.0 42.0119 33.541 33.8378 38.6005 26.6271 0.0 46.2709 35.609 8.6023 37.4833 4.4721 1.0 29.2746 35.2278 9.8995 41.4367 39.3573 12.6491 42.72 47.3814 64.4438 18.2483 11.1803 38.0 17.0 26.9258 22.0 22.3607 32.5269 10.7703 47.0106 40.5216 43.4166 57.9828 44.7772 24.1868 9.4868 28.6356 13.1529 39.8121 42.0476 33.1059 35.171 
5.0 38.0132 34.176 46.0 53.2259 41.0488 25.0799 42.9418 46.7547 50.9313 31.7648 41.1096 46.2709 0.0 40.8044 39.0 14.2127 48.0104 45.2769 19.2354 14.2127 39.0512 5.099 48.8262 45.31 47.0106 41.1096 48.0416 28.0713 50.5964 62.9682 50.9902 46.8615 24.5153 49.93 36.2353 44.5982 6.0828 17.4642 43.382 46.2709 27.8927 42.8019 45.2217 21.095 51.264 14.7648 64.3817 24.8395 18.4391 
36.8782 18.868 12.0416 39.6611 26.0 23.4094 27.2029 6.4031 7.2801 11.7047 10.2956 9.2195 35.609 40.8044 0.0 36.2491 26.6271 40.0 35.0 25.0 27.2947 38.0789 38.9487 8.0623 24.0832 8.0623 12.53 30.0167 31.257 29.4109 24.1661 24.5967 12.3693 28.0 18.9737 5.099 25.4558 36.7967 24.0416 7.8102 23.0217 18.0278 12.2066 26.8701 22.8035 28.3019 26.2488 24.4131 16.1245 22.4722 
39.3192 17.72 41.8688 7.0 24.6982 55.2268 48.0208 42.4853 35.9026 37.2156 36.8782 28.1603 8.6023 39.0 36.2491 0.0 31.9531 9.0554 7.8102 23.7697 29.4109 2.0 34.0147 41.4849 17.2627 44.0114 46.8722 63.1269 11.1803 18.3576 43.566 23.0868 30.1496 15.8114 27.1662 32.249 15.2971 40.4475 35.7771 43.8292 57.2014 41.8688 26.4764 14.5602 23.7065 20.1246 34.5398 47.2652 29.8329 30.4138 
10.8167 25.7099 21.2132 38.6005 40.8044 30.8058 17.8045 29.1548 32.5576 36.7696 18.0278 27.2029 37.4833 14.2127 26.6271 31.9531 0.0 40.2616 36.4966 8.2462 2.8284 32.6956 12.6491 34.6699 33.541 33.1059 28.2843 38.6005 21.0238 39.3192 48.9183 38.6005 33.0151 16.1555 36.6742 22.0227 33.2415 11.1803 5.3852 29.7321 35.2278 16.1245 29.1548 34.1321 9.0 39.6232 2.8284 50.2096 10.6301 4.2426 
48.1664 21.2603 47.5079 2.2361 22.0 60.959 55.4617 46.4004 38.0132 38.2753 42.638 31.0644 4.4721 48.0104 40.0 9.0554 40.2616 0.0 5.0 32.0156 37.855 9.4868 43.0465 43.8292 17.088 47.1699 51.6624 68.6222 20.025 15.0 42.0476 21.095 31.3847 24.3311 26.6833 36.7967 15.2315 49.2544 43.6578 47.8017 62.2415 48.5489 28.6531 13.9284 31.6228 17.0 42.72 46.1736 36.7151 38.2753 
45.0 16.2788 42.638 5.099 18.2483 56.0803 51.0784 41.4005 33.1059 33.5261 37.8021 26.0768 1.0 45.2769 35.0 7.8102 36.4966 5.0 0.0 28.2843 34.2345 9.2195 40.4475 38.9102 12.3693 42.19 46.6905 63.7024 17.2627 11.4018 38.0132 17.0294 26.5707 21.0 22.2036 31.8277 10.4403 46.0109 39.5601 42.8019 57.28 43.909 23.7065 9.2195 27.6586 13.3417 38.833 42.0119 32.2025 34.2053 
17.4642 18.7883 23.5372 30.3645 34.0147 35.3412 24.8395 29.1548 29.5296 33.2866 19.105 22.8035 29.2746 19.2354 25.0 23.7697 8.2462 32.0156 28.2843 0.0 6.0 24.5967 15.6205 32.8938 26.2488 32.5576 30.2655 43.382 13.0384 31.7805 44.6878 31.7805 28.3196 8.0623 30.8058 19.9249 25.7099 18.2483 12.2066 30.0666 38.8973 20.5913 24.0416 26.4764 2.2361 32.28 10.7703 46.6154 10.0499 7.0711 
11.7047 24.3516 23.0217 36.1386 39.5601 33.2415 20.6155 30.3645 32.8024 36.8782 19.4165 26.9072 35.2278 14.2127 27.2947 29.4109 2.8284 37.855 34.2345 6.0 0.0 30.0832 11.6619 35.3553 32.0156 34.176 30.0666 41.1096 18.3848 37.6563 48.7955 37.3363 32.6497 13.6015 35.8469 22.4722 31.5753 12.3693 8.0623 31.0483 37.4833 18.4391 28.6007 32.3883 7.2801 38.0789 5.6569 50.3289 11.1803 5.099 
39.6232 19.6469 43.4166 7.2801 26.5707 56.7274 49.0918 44.2832 37.855 39.2046 38.4187 30.0832 9.8995 39.0512 38.0789 2.0 32.6956 9.4868 9.2195 24.5967 30.0832 0.0 34.0147 43.4166 19.2354 45.8803 48.5489 64.6607 11.7047 20.1246 45.5412 25.0 32.1403 16.5529 29.1548 34.0 17.2627 40.7922 36.7151 45.618 58.8218 43.1856 28.4429 16.4924 24.6982 21.9317 35.3412 49.2544 31.1448 31.3847 
7.8102 34.1321 33.7343 41.0122 49.2443 42.107 26.9258 41.7852 44.4072 48.4149 30.6757 38.2099 41.4367 5.099 38.9487 34.0147 12.6491 43.0465 40.4475 15.6205 11.6619 34.0147 0.0 47.0106 41.1461 45.6946 40.7922 49.4975 23.1948 46.2385 60.1415 47.0106 43.8406 19.9249 46.4004 34.1321 40.3113 9.2195 17.1172 42.3792 47.0 28.0713 39.6232 40.8534 17.6918 47.0106 14.1421 61.8466 22.8254 16.5529 
44.8219 23.7697 17.8885 43.8634 26.2488 26.0192 33.541 8.2462 5.831 7.6158 17.6918 13.3417 39.3573 48.8262 8.0623 41.4849 34.6699 43.8292 38.9102 32.8938 35.3553 43.4166 47.0106 0.0 26.9258 5.099 15.0333 31.0483 38.0 31.241 18.2483 25.4558 12.8062 35.2278 19.105 13.0 28.6531 44.6878 31.8904 9.0554 23.7697 24.6982 15.2315 30.0167 30.6757 29.7321 34.2053 17.4642 24.1868 30.5287 
43.6807 8.0 33.541 17.4642 8.4853 46.6476 44.7214 30.4138 21.095 21.1896 29.1548 14.8661 12.6491 45.31 24.0832 17.2627 33.541 17.088 12.3693 26.2488 32.0156 19.2354 41.1461 26.9258 0.0 30.6105 36.4005 53.8238 20.5183 6.0828 26.3059 6.4031 14.3178 21.6333 10.0 21.9545 2.0 44.3847 35.0143 31.8277 47.0106 36.4005 12.0416 3.1623 24.7386 6.0828 35.2278 30.0666 26.0768 30.1496 
42.72 26.4008 14.2127 47.0106 30.8058 21.0 29.6816 4.2426 10.0 12.6491 15.2643 16.1245 42.72 47.0106 8.0623 44.0114 33.1059 47.1699 42.19 32.5576 34.176 45.8803 45.6946 5.099 30.6105 0.0 10.198 25.9615 39.3192 35.3553 23.0868 29.8329 17.0294 36.0139 23.6008 13.0 32.2025 42.4382 29.6816 4.4721 18.6815 21.2603 18.6011 33.6006 30.4138 33.9706 32.249 21.8403 23.0868 29.1548 
36.4005 30.4138 7.0711 51.0882 38.4838 11.1803 20.5183 7.0711 18.4391 22.0907 11.1803 21.6333 47.3814 41.1096 12.53 46.8722 28.2843 51.6624 46.6905 30.2655 30.0666 48.5489 40.7922 15.0333 36.4005 10.198 0.0 17.4929 39.9249 41.8808 33.2415 37.1214 24.6982 35.7351 31.3847 14.8661 37.6431 35.8469 23.7697 6.0 10.6301 13.4164 24.6982 39.0512 28.4429 40.8167 26.6833 32.0156 20.2237 25.02 
43.0465 47.5079 21.2603 67.8823 55.9017 8.0623 23.0 24.1661 35.4683 38.6005 26.2488 39.1152 64.4438 48.0416 30.0167 63.1269 38.6005 68.6222 63.7024 43.382 41.1096 64.6607 49.4975 31.0483 53.8238 25.9615 17.4929 0.0 54.9181 59.3633 48.2597 54.5894 42.0476 50.2494 48.7545 32.0156 55.0 42.0119 33.2415 22.8473 7.2801 22.8473 42.19 56.4004 42.0595 58.3095 36.1386 46.0109 34.1321 36.7696 
28.1603 16.1555 34.0 18.1108 29.0 46.8722 37.8021 36.8782 33.1361 35.6931 29.0689 25.1794 18.2483 28.0713 31.257 11.1803 21.0238 20.025 17.2627 13.0384 18.3848 11.7047 23.1948 38.0 20.5183 39.3192 39.9249 54.9181 0.0 24.4131 44.7772 26.9072 29.1204 5.0 28.6531 26.4764 19.105 29.2746 25.2389 38.0789 49.6488 32.6497 24.7386 19.2094 13.4536 25.6125 23.7065 47.7598 20.8087 20.0 
49.2443 14.0357 39.3954 16.1245 7.0 52.3546 50.8035 35.609 25.4951 24.6982 35.1141 20.2485 11.1803 50.5964 29.4109 18.3576 39.3192 15.0 11.4018 31.7805 37.6563 20.1246 46.2385 31.241 6.0828 35.3553 41.8808 59.3633 24.4131 0.0 27.074 6.3246 18.4391 26.4008 12.53 27.7308 6.0828 50.01 41.0 37.0135 52.4309 42.45 17.2047 5.3852 30.4138 2.0 41.1096 31.257 32.1403 36.0555 
59.6657 28.6356 35.7351 43.0 20.0998 44.0454 51.264 26.4764 17.0 12.53 34.4384 21.9317 38.0 62.9682 24.1661 43.566 48.9183 42.0476 38.0132 44.6878 48.7955 45.5412 60.1415 18.2483 26.3059 23.0868 33.2415 48.2597 44.7772 27.074 0.0 21.0 16.4012 43.909 16.4924 27.4591 28.2843 59.8164 47.4342 27.2947 41.1096 42.1545 20.8087 29.1548 42.5206 25.0799 49.2037 4.4721 38.4187 44.6878 
49.0408 13.0 35.4401 22.0 2.2361 47.927 48.0937 30.5287 19.8494 18.6011 31.5753 15.8114 17.0 50.9902 24.5967 23.0868 38.6005 21.095 17.0294 31.7805 37.3363 25.0 47.0106 25.4558 6.4031 29.8329 37.1214 54.5894 26.9072 6.3246 21.0 0.0 12.8062 27.8029 6.4031 23.7697 8.0623 49.6488 39.4588 31.9061 47.5079 39.3192 12.6491 8.544 30.0832 4.4721 40.025 25.0799 30.1496 34.9285 
43.8292 13.1529 24.0832 31.6228 13.8924 35.7351 38.3275 17.8885 7.0711 7.0711 21.095 5.831 26.9258 46.8615 12.3693 30.1496 33.0151 31.3847 26.5707 28.3196 32.6497 32.1403 43.8406 12.8062 14.3178 17.0294 24.6982 42.0476 29.1204 18.4391 16.4012 12.8062 0.0 27.7308 6.7082 13.1529 16.1555 44.1022 32.2025 19.2354 34.8855 29.1548 4.4721 17.4642 26.1725 16.9706 33.6155 18.7883 22.8254 28.8444 
24.0 15.6205 29.5466 22.561 30.0 42.19 32.8024 33.2415 30.8058 33.8378 24.6982 23.0868 22.0 24.5153 28.0 15.8114 16.1555 24.3311 21.0 8.0623 13.6015 16.5529 19.9249 35.2278 21.6333 36.0139 35.7351 50.2494 5.0 26.4008 43.909 27.8029 27.7308 0.0 28.4253 23.0217 20.5913 25.02 20.2485 34.3657 45.1885 27.8029 23.2594 21.0238 8.4853 27.2947 18.7883 46.5188 16.1245 15.0 
47.4131 12.8062 30.4138 27.2947 7.2111 42.3792 44.0454 24.5967 13.6015 12.2066 27.0185 11.0 22.3607 49.93 18.9737 27.1662 36.6742 26.6833 22.2036 30.8058 35.8469 29.1548 46.4004 19.105 10.0 23.6008 31.3847 48.7545 28.6531 12.53 16.4924 6.4031 6.7082 28.4253 0.0 19.0263 12.0 47.8539 36.6879 25.9422 41.5933 35.0 8.0623 13.0384 28.8444 10.8167 37.6962 20.0998 27.2029 32.6956 
32.5269 15.5563 11.7047 36.2353 25.4951 24.6982 25.1794 10.4403 10.6301 15.0 8.0 8.0623 32.5269 36.2353 5.099 32.249 22.0227 36.7967 31.8277 19.9249 22.4722 34.0 34.1321 13.0 21.9545 13.0 14.8661 32.0156 26.4764 27.7308 27.4591 23.7697 13.1529 23.0217 19.0263 0.0 23.0217 32.5576 20.0 11.7047 25.4558 16.0312 11.1803 24.4131 17.72 26.9258 21.9317 28.3196 11.4018 17.8045 
43.1741 8.2462 34.4819 15.5242 10.0 47.7074 45.1221 31.8277 22.8254 23.0868 29.9666 16.2788 10.7703 44.5982 25.4558 15.2971 33.2415 15.2315 10.4403 25.7099 31.5753 17.2627 40.3113 28.6531 2.0 32.2025 37.6431 55.0 19.105 6.0828 28.2843 8.0623 16.1555 20.5913 12.0 23.0217 0.0 43.9318 35.0143 33.2415 48.2701 37.0 13.6015 1.4142 24.3311 6.7082 35.0571 32.0624 26.3059 30.0167 
1.4142 36.6879 29.0689 47.3814 51.8652 35.1283 19.0263 38.2753 43.1856 47.5079 27.2029 38.2753 47.0106 6.0828 36.7967 40.4475 11.1803 49.2544 46.0109 18.2483 12.3693 40.7922 9.2195 44.6878 44.3847 42.4382 35.8469 42.0119 29.2746 50.01 59.8164 49.6488 44.1022 25.02 47.8539 32.5576 43.9318 0.0 12.8062 38.5876 40.4475 22.4722 40.3113 44.7214 19.6469 50.448 10.6301 60.8769 21.4009 15.2643 
13.0384 27.0185 16.7631 42.1545 41.5933 25.4951 12.7279 25.5539 30.6105 35.0 14.4222 26.4008 40.5216 17.4642 24.0416 35.7771 5.3852 43.6578 39.5601 12.2066 8.0623 36.7151 17.1172 31.8904 35.0143 29.6816 23.7697 33.2415 25.2389 41.0 47.4342 39.4588 32.2025 20.2485 36.6879 20.0 35.0143 12.8062 0.0 25.9422 30.0666 11.0 28.7924 36.0555 12.083 41.0488 3.0 48.2701 9.4868 5.3852 
38.9487 26.6271 9.8995 47.4342 33.121 17.1172 25.2389 1.4142 12.6491 16.1245 11.7047 16.9706 43.4166 43.382 7.8102 43.8292 29.7321 47.8017 42.8019 30.0666 31.0483 45.618 42.3792 9.0554 31.8277 4.4721 6.0 22.8473 38.0789 37.0135 27.2947 31.9061 19.2354 34.3657 25.9422 11.7047 33.2415 38.5876 25.9422 0.0 15.6525 16.9706 19.8494 34.6554 28.0179 35.805 28.6356 26.2488 20.2237 25.9615 
41.3038 41.0122 15.6525 61.6198 48.7647 5.831 22.1359 17.0 28.2312 31.3209 20.5913 32.2025 57.9828 46.2709 23.0217 57.2014 35.2278 62.2415 57.28 38.8973 37.4833 58.8218 47.0 23.7697 47.0106 18.6815 10.6301 7.2801 49.6488 52.4309 41.1096 47.5079 34.8855 45.1885 41.5933 25.4558 48.2701 40.4475 30.0666 15.6525 0.0 19.105 35.2278 49.679 37.3363 51.3128 33.0606 39.0128 29.1548 32.7567 
23.0868 28.7924 7.0711 47.4342 41.1947 14.8661 9.2195 17.0294 25.2982 29.7321 8.0623 24.0 44.7772 27.8927 18.0278 41.8688 16.1245 48.5489 43.909 20.5913 18.4391 43.1856 28.0713 24.6982 36.4005 21.2603 13.4164 22.8473 32.6497 42.45 42.1545 39.3192 29.1548 27.8029 35.0 16.0312 37.0 22.4722 11.0 16.9706 19.105 0.0 27.0185 38.2753 19.4165 41.9762 14.0 42.0595 12.0416 13.9284 
39.9625 9.0 22.8035 28.6356 14.3178 35.3412 36.0139 18.4391 9.4868 11.0454 19.105 3.1623 24.1868 42.8019 12.2066 26.4764 29.1548 28.6531 23.7065 24.0416 28.6007 28.4429 39.6232 15.2315 12.0416 18.6011 24.6982 42.19 24.7386 17.2047 20.8087 12.6491 4.4721 23.2594 8.0623 11.1803 13.6015 40.3113 28.7924 19.8494 35.2278 27.0185 0.0 15.0 21.9317 16.1245 29.9666 23.2594 19.3132 25.0599 
43.9318 9.4868 35.8469 14.3178 10.2956 49.0918 46.3249 33.2415 24.1868 24.3516 31.305 17.6918 9.4868 45.2217 26.8701 14.5602 34.1321 13.9284 9.2195 26.4764 32.3883 16.4924 40.8534 30.0167 3.1623 33.6006 39.0512 56.4004 19.2094 5.3852 29.1548 8.544 17.4642 21.0238 13.0384 24.4131 1.4142 44.7214 36.0555 34.6554 49.679 38.2753 15.0 0.0 25.1794 6.4031 36.0139 33.0151 27.4591 31.0 
18.9737 17.088 21.8403 30.0832 32.311 34.0 24.4131 27.074 27.2947 31.0644 17.2627 20.6155 28.6356 21.095 22.8035 23.7065 9.0 31.6228 27.6586 2.2361 7.2801 24.6982 17.6918 30.6757 24.7386 30.4138 28.4429 42.0595 13.4536 30.4138 42.5206 30.0832 26.1725 8.4853 28.8444 17.72 24.3311 19.6469 12.083 28.0179 37.3363 19.4165 21.9317 25.1794 0.0 30.8058 11.1803 44.4072 8.2462 6.7082 
49.7293 14.0357 38.6264 18.1108 5.0 51.4296 50.4876 34.4093 24.0416 23.0217 34.4819 19.2354 13.1529 51.264 28.3019 20.1246 39.6232 17.0 13.3417 32.28 38.0789 21.9317 47.0106 29.7321 6.0828 33.9706 40.8167 58.3095 25.6125 2.0 25.0799 4.4721 16.9706 27.2947 10.8167 26.9258 6.7082 50.448 41.0488 35.805 51.3128 41.9762 16.1245 6.4031 30.8058 0.0 41.3038 29.2746 32.0156 36.2215 
10.6301 27.2947 19.6469 41.1096 42.2019 28.4429 15.0 28.178 32.5576 36.8782 17.0 27.7849 39.8121 14.7648 26.2488 34.5398 2.8284 42.72 38.833 10.7703 5.6569 35.3412 14.1421 34.2053 35.2278 32.249 26.6833 36.1386 23.7065 41.1096 49.2037 40.025 33.6155 18.7883 37.6962 21.9317 35.0571 10.6301 3.0 28.6356 33.0606 14.0 29.9666 36.0139 11.1803 41.3038 0.0 50.2494 10.8167 5.099 
60.8276 31.6228 35.3412 47.0425 24.3311 42.4264 50.9902 25.632 17.6918 13.4536 34.6699 23.8537 42.0476 64.3817 24.4131 47.2652 50.2096 46.1736 42.0119 46.6154 50.3289 49.2544 61.8466 17.4642 30.0666 21.8403 32.0156 46.0109 47.7598 31.257 4.4721 25.0799 18.7883 46.5188 20.0998 28.3196 32.0624 60.8769 48.2701 26.2488 39.0128 42.0595 23.2594 33.0151 44.4072 29.2746 50.2494 0.0 39.598 45.9674 
21.2603 18.1108 13.6015 35.5106 32.249 26.0768 18.9737 19.4165 21.9317 26.1725 9.0554 17.0 33.1059 24.8395 16.1245 29.8329 10.6301 36.7151 32.2025 10.0499 11.1803 31.1448 22.8254 24.1868 26.0768 23.0868 20.2237 34.1321 20.8087 32.1403 38.4187 30.1496 22.8254 16.1245 27.2029 11.4018 26.3059 21.4009 9.4868 20.2237 29.1548 12.0416 19.3132 27.4591 8.2462 32.0156 10.8167 39.598 0.0 6.4031 
15.0 22.2036 18.0 36.7696 37.108 28.7924 17.8045 25.2982 28.3196 32.5269 14.3178 23.0217 35.171 18.4391 22.4722 30.4138 4.2426 38.2753 34.2053 7.0711 5.099 31.3847 16.5529 30.5287 30.1496 29.1548 25.02 36.7696 20.0 36.0555 44.6878 34.9285 28.8444 15.0 32.6956 17.8045 30.0167 15.2643 5.3852 25.9615 32.7567 13.9284 25.0599 31.0 6.7082 36.2215 5.099 45.9674 6.4031 0.0 
