100
0.0 89.56 44.1475 9.8995 101.9804 42.2019 61.6198 36.6742 38.3275 41.5933 84.1546 78.1601 66.0984 41.6773 92.0217 53.7587 77.4145 90.934 103.0049 59.0762 93.086 62.0081 96.3328 76.5376 99.2975 62.2896 125.2557 77.7817 23.1948 104.6566 15.5242 21.9545 50.04 89.1572 22.0227 16.2788 104.9238 29.2746 75.9605 32.0 89.6437 53.0094 99.0 21.6333 118.0042 75.2396 51.4198 99.1262 39.8246 76.4003 114.5862 43.4166 52.6308 99.7647 33.121 85.8021 82.0549 96.5091 90.6091 94.3663 106.8504 80.5047 85.5102 69.857 55.7584 106.4707 50.6063 118.1905 74.027 123.4058 8.0623 123.1666 23.0217 86.9253 75.591 50.8035 97.9081 91.2853 90.5539 36.6742 120.8801 54.6443 115.8016 88.2043 60.0333 114.9783 65.7647 54.0833 67.6757 119.2015 55.0 61.0 48.2701 9.434 55.9732 95.7079 13.0384 57.0701 50.448 42.5793 
89.56 0.0 85.6154 82.0549 34.1321 68.352 60.0 76.5376 51.2445 87.6641 91.4385 93.3488 87.0057 72.8011 63.9766 56.8243 105.119 110.3449 51.3517 32.6956 7.2111 102.2155 56.6127 77.1557 36.0139 97.9439 75.06 12.0416 67.2681 38.2099 75.3127 78.5175 39.8121 25.9615 67.897 77.0065 31.0483 61.6117 19.4165 91.6788 68.4763 37.108 14.1421 71.0282 87.0976 14.5602 86.7698 18.0278 54.7449 17.4929 73.6817 84.309 53.2259 66.4078 75.4321 45.618 14.7648 111.3957 106.8878 87.1321 46.0435 106.3015 7.8102 30.8058 69.6419 40.3113 65.2993 77.5242 47.5079 65.6201 81.7435 81.2219 76.531 25.632 78.5175 66.6483 78.721 56.4624 62.1691 86.0233 85.0 48.7545 59.1354 40.8534 100.3444 79.4292 55.3173 35.6931 86.0523 86.6833 65.5134 92.6499 42.0119 82.3772 36.8782 32.1403 88.0511 90.5539 63.9531 47.0956 
44.1475 85.6154 0.0 36.1248 82.0061 17.4929 31.1448 11.6619 47.2017 3.6056 40.7063 34.176 22.3607 13.0384 57.6975 29.6142 34.0588 47.0956 75.1864 67.2086 91.7061 21.0238 65.4599 36.1248 78.0577 19.4165 92.1303 74.2496 47.8017 83.1505 47.2652 24.0208 57.28 72.4431 45.607 32.0624 87.0517 50.6952 66.7308 14.8661 53.3385 60.1082 98.8433 32.0156 79.3977 74.793 7.2801 101.1187 34.6554 68.352 79.7559 1.4142 32.573 65.2993 15.2315 59.5399 85.44 52.469 46.5296 52.6308 82.0366 37.0135 78.7718 56.0446 20.3961 84.2912 21.2132 82.6801 48.0937 93.6376 44.0454 87.367 24.1868 70.5762 34.6554 20.0998 58.8982 60.0833 56.8595 7.6158 83.4086 37.0 86.977 64.195 18.7883 78.2368 37.1214 59.4643 24.1868 80.9197 23.0217 17.0294 48.9183 48.0416 49.7393 76.0066 31.3209 13.0384 22.3607 48.1664 
9.8995 82.0549 36.1248 0.0 92.7038 32.45 51.7397 27.5136 31.0644 34.0 75.2861 69.6348 57.4891 32.2025 82.134 43.8634 70.0071 83.2166 93.2309 52.9528 86.0523 55.3263 86.4523 67.082 89.8999 55.0091 115.3646 70.1142 18.868 95.2733 13.6015 12.6491 43.2897 80.0562 17.0 6.4031 95.8593 24.5967 67.4685 25.9615 79.8123 46.3897 92.2659 12.083 108.2266 68.0074 43.2897 92.7793 30.4631 68.0661 104.69 35.2278 42.8019 89.8721 23.7697 76.0263 75.6637 88.5664 82.6075 85.0 97.2471 73.0274 77.5242 60.7454 46.1411 97.0464 40.8044 108.3005 64.2028 113.6002 8.0623 113.2784 13.4164 77.8332 66.2118 41.0488 88.2043 81.3941 80.6598 29.0 111.0405 44.9444 106.0189 78.5493 53.2353 105.119 55.8659 47.1699 58.9406 109.4029 45.2217 53.1507 40.1995 12.0416 47.2969 86.406 8.4853 49.163 40.6079 35.0 
101.9804 34.1321 82.0061 92.7038 0.0 67.7422 51.0392 76.7919 66.6108 85.0529 72.0694 76.5572 74.4648 71.4493 38.4187 53.4603 90.2497 91.4166 19.2354 57.4282 40.0125 92.7631 28.2843 59.6154 4.4721 87.8635 41.0 36.2491 83.4865 4.1231 90.7359 84.7703 59.397 13.4536 83.2166 86.539 6.4031 79.2023 29.8329 92.7793 44.4072 58.0517 44.5533 80.6226 55.5428 41.6293 80.2247 49.4975 62.2415 30.8058 41.1096 81.0247 52.1728 37.6431 77.4661 24.0416 48.0521 90.6973 87.4643 63.2535 12.0416 90.471 29.1204 32.249 62.0725 6.3246 61.131 44.643 34.0588 31.5753 95.2943 47.8539 82.8613 15.6205 61.4654 62.0725 52.3259 30.8058 37.2022 85.3756 52.4976 48.7647 25.02 18.4391 91.4112 47.5395 45.0444 55.9017 72.8011 54.7814 59.0 82.5651 55.8032 97.2471 46.8722 6.3246 96.1353 81.8841 60.208 62.2013 
42.2019 68.352 17.4929 32.45 67.7422 0.0 20.0 9.0554 31.7805 19.3132 45.1774 41.1096 29.4279 4.4721 50.2494 14.3178 46.2385 57.2713 63.9766 50.2494 74.3236 36.8782 55.7584 35.1141 64.1327 33.8378 84.2021 56.8595 37.054 69.4262 39.2938 20.5183 40.6079 57.0088 35.1283 26.4197 72.2496 38.2099 49.7293 25.0799 47.5079 43.2782 81.4371 23.0868 75.8024 57.3062 20.6155 83.6481 18.0278 51.2445 72.9178 16.1245 16.0312 58.0517 10.2956 47.1699 67.9559 61.5224 55.5788 53.1413 69.5701 48.7032 61.6847 39.4588 13.9284 70.8308 8.4853 76.3806 35.1141 83.7257 38.9102 81.3204 19.2094 55.0 34.4819 8.6023 55.7584 50.4777 48.9183 18.1108 78.7464 20.2237 76.4788 50.9608 34.7131 72.9178 25.0599 42.45 30.1496 77.0065 12.8062 29.5296 31.8277 42.5441 32.249 61.5224 31.8904 26.0768 8.6023 31.9061 
61.6198 60.0 31.1448 51.7397 51.0392 20.0 0.0 28.178 41.1096 34.3657 35.1141 34.6699 27.0185 22.3607 30.4138 9.2195 45.2769 52.1536 44.5982 52.2015 66.8431 43.0813 35.8469 21.3776 47.0 38.4838 64.2028 50.2096 52.2015 52.0384 56.356 40.3609 44.911 42.45 50.6952 45.4533 56.3205 51.4198 40.6079 43.3244 28.3019 46.5725 74.027 41.0488 56.9386 52.4976 29.2746 77.2334 27.6586 42.638 53.0377 30.2655 13.0 38.1838 30.2324 28.4429 63.8905 54.5619 49.2443 38.0526 50.9902 46.6905 52.4309 29.2062 11.0454 53.1507 11.6619 56.5862 17.0 63.9531 57.4282 61.5549 38.8973 40.8044 21.8403 12.083 37.6962 30.5287 29.0 35.4401 59.4054 15.5242 56.8595 33.0606 41.4367 53.4135 6.0 44.9222 26.1725 57.9828 8.2462 33.1059 35.5106 60.7454 30.4631 45.1774 51.8556 31.6228 11.4018 39.0128 
36.6742 76.5376 11.6619 27.5136 76.7919 9.0554 28.178 0.0 35.609 12.0416 47.8017 42.4264 30.2655 5.831 57.8014 23.3452 44.7214 57.0789 72.6154 56.0803 82.28 32.6497 64.0078 39.9625 73.1642 30.6757 92.0869 64.846 36.6742 78.4474 37.0135 14.8661 46.0109 66.0303 34.5254 22.3607 81.3019 39.2173 58.2495 16.0312 54.4885 48.9183 89.3197 21.095 82.2192 64.8845 17.4642 91.2853 23.6008 59.6657 80.4301 10.2956 25.0 65.6049 4.0 55.9732 75.1798 62.0081 56.0089 57.7062 78.4474 47.5184 70.0928 48.2597 19.799 79.8311 16.5529 83.7377 43.9659 92.1303 34.9285 88.6172 14.3178 64.0078 38.9487 16.1245 61.8466 58.6686 56.6127 9.4868 85.5628 29.0689 85.0 59.9083 30.4138 79.9312 33.6155 48.4149 31.5753 83.5464 20.2485 27.4591 38.0132 38.833 39.9249 70.5762 25.0 23.5372 17.088 36.7696 
38.3275 51.2445 47.2017 31.0644 66.6108 31.7805 41.1096 35.609 0.0 47.5079 74.5453 71.8053 60.7289 35.3553 67.4166 32.0156 78.0 88.6002 71.8401 22.4722 55.0091 67.9559 68.0955 62.0081 64.6607 65.3682 96.5194 39.4588 17.0 69.814 24.6982 30.4138 12.3693 53.2541 17.088 26.6833 68.6003 12.7279 38.4838 46.6154 67.4463 15.5242 61.2046 21.1896 95.5196 37.0135 51.9711 61.8142 14.3178 38.6264 88.1192 45.8039 28.1603 74.3236 32.5576 55.4707 44.7214 92.4175 86.5852 79.1581 73.5527 80.4114 47.2969 34.7131 42.7551 71.8401 35.6931 92.1303 45.618 92.1954 30.5941 97.0618 28.6531 51.0392 62.0725 36.8782 77.8781 63.9531 65.5515 43.8406 96.7729 26.9258 84.386 56.0803 65.7343 90.471 41.9762 16.1245 61.131 96.2081 39.3192 61.2699 10.8167 31.6228 19.8494 60.6053 37.855 57.7062 34.5254 4.4721 
41.5933 87.6641 3.6056 34.0 85.0529 19.3132 34.3657 12.0416 47.5079 0.0 43.909 37.1618 25.5539 14.8661 61.2699 32.249 36.0139 49.366 78.5875 68.1175 93.6216 21.8403 68.9493 39.6989 81.1542 21.0238 95.7131 76.1577 46.8188 86.2844 45.7056 22.3607 58.0517 75.2396 44.5982 30.4138 90.0056 50.0899 68.9638 11.4018 56.9386 60.959 100.7224 31.0161 82.9759 76.4788 10.2956 102.8591 35.609 70.5195 83.3547 4.1231 34.9285 68.884 15.0 62.8013 86.954 54.9181 49.0306 56.0803 85.3288 39.0512 80.9568 58.4637 23.7697 87.4643 24.0208 86.2844 51.2445 97.1442 42.0119 90.9725 22.8035 73.3348 38.2099 23.0 62.482 63.5689 60.4152 5.0 87.0057 39.2938 90.4434 67.3647 19.6469 81.8413 40.3113 60.4401 27.4591 84.5044 26.1725 19.4165 50.0 46.0109 51.4296 79.0063 28.6356 15.5242 25.0799 48.7955 
84.1546 91.4385 40.7063 75.2861 72.0694 45.1774 35.1141 47.8017 74.5453 43.909 0.0 8.0623 18.3576 43.7379 34.7851 43.1741 21.095 19.4165 56.921 87.3155 98.5951 32.7567 45.5412 14.4222 67.6018 28.6007 63.2851 83.2346 82.2192 71.1126 84.1724 62.6418 79.8123 68.884 80.3057 70.0928 78.3901 83.0 72.8011 55.2268 28.4605 81.6088 105.5509 67.897 44.0114 86.2844 33.6155 109.3435 60.2993 75.0 50.1597 41.1461 47.5395 39.4588 51.6624 48.8262 97.6371 20.0 15.6205 14.8661 66.1287 20.025 83.6301 61.8547 32.0156 71.1758 39.0512 51.6236 43.9318 69.1158 82.7103 55.3173 62.0967 68.0147 13.4164 38.0132 26.0768 41.6293 35.4683 48.3011 49.3356 50.5964 64.7765 54.6443 33.0151 45.8912 37.5899 80.0062 16.5529 45.8803 35.2278 26.1725 70.342 86.5852 65.5515 67.9559 71.6938 29.2062 40.1123 73.1642 
78.1601 93.3488 34.176 69.6348 76.5572 41.1096 34.6699 42.4264 71.8053 37.1618 8.0623 0.0 12.1655 39.0128 40.6079 41.6293 14.1421 17.4929 62.5859 86.3308 100.4092 24.6982 51.1957 17.0 72.0902 20.6155 70.7107 84.386 78.0064 75.9605 79.3095 57.0701 78.1857 72.111 76.0 64.7765 82.7647 79.3095 74.2765 48.3011 34.3657 80.2309 107.4895 63.1269 52.0 87.0057 26.9258 111.036 57.4891 76.4199 57.5587 34.7851 46.0977 46.0435 46.3897 52.7731 98.4073 20.6155 14.8661 22.8473 71.5681 13.9284 85.5862 63.0317 29.1204 76.2168 36.1386 59.2284 46.2277 76.0 77.2787 63.0635 56.7186 71.0282 15.2643 34.9285 33.541 46.8402 41.0 41.7852 57.2451 49.6488 71.2531 58.5918 25.0 53.6004 38.2884 78.7909 11.0 53.8516 32.8938 18.6011 68.7095 81.2158 64.8845 72.0069 65.4599 21.9545 37.3631 70.8802 
66.0984 87.0057 22.3607 57.4891 74.4648 29.4279 27.0185 30.2655 60.7289 25.5539 18.3576 12.1655 0.0 27.0185 42.2966 32.2025 18.4391 27.8927 63.0317 76.6616 93.8616 19.0263 52.0096 17.4642 70.0928 14.0357 75.2861 77.1557 66.0681 74.5252 67.1863 44.911 67.9779 68.0294 64.0312 52.6118 80.3617 67.6018 67.624 36.8917 36.6742 70.2353 101.0445 51.0392 59.3633 79.2086 15.2643 104.2353 46.4866 69.6563 62.2977 22.8473 36.6197 49.0306 34.2345 50.448 90.5539 32.1403 26.1725 31.1448 71.3442 20.2485 79.404 56.2228 18.868 75.1332 25.4951 64.622 41.6293 78.9177 65.1153 68.942 44.5533 66.6408 15.5242 24.1661 39.3573 47.0106 42.107 29.9666 64.0078 40.6079 73.2462 56.0446 18.2483 59.5063 31.9061 68.9638 2.2361 61.0574 23.0217 9.4868 58.5918 69.0507 55.8032 69.2604 53.4883 11.4018 26.8328 60.1664 
41.6773 72.8011 13.0384 32.2025 71.4493 4.4721 22.3607 5.831 35.3553 14.8661 43.7379 39.0128 27.0185 0.0 52.0096 18.0278 43.0116 54.5894 66.8506 54.4518 78.7909 32.8024 58.1808 34.8855 67.7422 30.0167 86.267 61.327 39.0512 72.9932 40.4475 19.7231 44.6878 61.0082 37.0135 26.5707 76.1052 40.7922 54.1202 21.3776 48.7955 47.4236 85.9069 24.1868 76.6942 61.7738 16.6433 88.1192 22.0227 55.6597 74.6525 11.6619 20.2237 59.8164 8.6023 50.2892 72.4017 59.1354 53.1507 52.8015 72.8011 45.607 66.0984 43.7379 14.2127 74.3303 10.7703 77.9872 38.3275 86.3134 39.2173 82.8794 18.7883 59.0339 34.0147 10.2956 56.4004 52.8394 50.8035 14.0 79.9312 24.5153 79.2023 54.3415 30.6105 74.2496 27.8568 46.669 28.0179 77.9872 14.4222 26.0 36.0694 43.0116 36.7151 65.2763 30.4795 22.3607 11.4018 35.805 
92.0217 63.9766 57.6975 82.134 38.4187 50.2494 30.4138 57.8014 67.4166 61.2699 34.7851 40.6079 42.2966 52.0096 0.0 38.6005 54.7449 53.7122 22.1359 71.0634 71.1126 61.2944 10.7703 25.02 34.0588 56.3205 34.4819 58.9406 81.0062 36.8917 85.9826 70.7248 67.082 38.5876 79.7559 75.8222 44.8219 79.2023 48.2701 71.6938 6.3246 67.6018 77.4145 71.218 28.1603 63.3482 53.1413 81.8413 55.9464 50.448 22.6716 57.2451 40.8167 7.8102 60.3075 18.3848 73.7631 52.4786 49.6588 24.8395 31.3847 54.3415 56.4624 40.05 38.2753 36.7151 41.7732 26.1725 22.3607 36.6742 87.6185 31.1448 69.2965 38.4708 27.0185 41.8688 14.7648 7.8102 2.0 63.6318 29.5296 40.7185 31.0161 23.3238 60.531 23.3238 26.6271 65.4905 40.1995 28.7924 37.6431 51.6236 58.9406 90.802 50.8035 35.3836 82.134 52.3927 41.7253 64.195 
53.7587 56.8243 29.6142 43.8634 53.4603 14.3178 9.2195 23.3452 32.0156 32.249 43.1741 41.6293 32.2025 18.0278 38.6005 0.0 50.6063 59.0339 50.1199 44.7214 63.2851 45.4863 42.638 30.0666 49.8197 41.4005 71.5052 46.0435 43.0813 55.109 47.5079 33.2866 36.6879 43.0465 41.6293 37.4833 58.0775 42.2019 37.5766 39.3192 37.1214 38.6264 70.4911 32.6497 65.7647 47.5079 29.9666 73.2393 18.4391 39.3573 60.959 28.4429 4.4721 46.2277 24.3516 33.1059 58.7282 62.0322 56.4624 47.1699 55.3624 52.4309 49.6588 26.5707 13.4536 56.5155 8.544 64.6607 21.0238 70.1783 49.0408 69.6563 31.6228 41.1096 30.2655 9.8489 46.8188 37.5366 37.0135 32.0156 67.9559 8.4853 62.7694 36.6879 43.566 61.8547 12.0416 37.1618 31.9061 66.7308 9.2195 36.2353 27.2029 52.2015 23.6008 47.2652 44.9444 33.8378 7.2801 30.1496 
77.4145 105.119 34.0588 70.0071 90.2497 46.2385 45.2769 44.7214 78.0 36.0139 21.095 14.1421 18.4391 43.0116 54.7449 50.6063 0.0 13.9284 76.6877 94.8736 112.0446 16.5529 65.307 30.6757 85.7963 15.1327 84.3801 95.483 81.3941 89.8109 81.3019 58.0775 85.9593 85.0882 79.2465 66.1211 96.3846 83.678 85.7963 45.7056 48.5077 88.3233 119.2057 65.7647 64.56 97.6217 27.2947 122.4949 63.9766 87.8635 71.2531 35.1283 55.0 60.1332 48.6621 66.3099 108.9771 20.1246 15.0 35.6931 85.6154 3.1623 97.4526 74.411 37.2022 90.1388 43.566 72.6911 58.8303 90.0222 78.0 76.2955 58.2151 83.863 28.7924 42.19 47.1699 60.8769 55.109 41.0122 70.0928 59.0339 85.3756 72.0902 18.0278 66.9104 49.8197 87.1321 19.105 66.4831 41.4005 17.2627 76.6616 82.0 74.2024 85.4927 64.3817 21.2132 44.9444 77.8203 
90.934 110.3449 47.0956 83.2166 91.4166 57.2713 52.1536 57.0789 88.6002 49.366 19.4165 17.4929 27.8927 54.5894 53.7122 59.0339 13.9284 0.0 75.7694 103.7545 117.4564 30.4631 64.4748 33.2415 86.954 28.8617 79.1581 101.671 93.5361 90.3549 94.0213 71.0282 95.462 88.2383 91.444 79.0063 97.7548 95.352 91.4385 59.439 47.4236 97.5756 124.4829 78.1601 57.2189 104.4031 40.0125 128.1444 74.3303 93.6056 66.3702 48.0416 63.5059 57.5674 61.0737 68.2422 115.8016 6.4031 4.1231 30.5941 85.0882 10.7703 102.5524 80.2808 46.2385 90.3383 53.1413 67.0671 62.9365 86.3134 91.1373 70.0071 71.0 87.3212 31.8277 51.8652 42.9535 60.8276 54.5619 54.3323 63.1269 67.1193 82.7103 74.0608 31.9531 61.0328 55.6058 96.1769 27.5136 59.2115 50.1597 30.0666 86.0058 95.1315 82.365 87.367 77.9295 34.0588 54.4243 87.9204 
103.0049 51.3517 75.1864 93.2309 19.2354 63.9766 44.5982 72.6154 71.8401 78.5875 56.921 62.5859 63.0317 66.8506 22.1359 50.1199 76.6877 75.7694 0.0 68.352 57.8705 82.0061 11.4018 46.3897 15.8114 77.0065 25.632 50.3587 87.7268 16.4012 94.0691 83.3547 67.6018 26.0192 86.977 86.8389 25.2389 84.5044 41.2311 87.9204 28.4605 67.082 63.0635 81.4002 36.4005 55.5788 71.8471 67.9117 63.7809 42.9535 22.3607 74.4648 50.4777 19.2094 74.2496 17.2047 64.0078 74.2428 71.6938 46.1411 9.434 76.4003 45.0111 38.0789 54.8179 15.5563 56.0803 26.1725 29.1548 20.5183 97.3088 30.0 81.6333 27.1662 48.3735 56.648 34.4093 16.0312 21.587 80.0062 33.7343 48.4149 12.8062 15.8114 81.0062 28.4605 39.0 64.846 61.0737 35.7351 52.811 72.0069 61.6117 99.905 52.4309 19.2354 95.0158 72.1734 55.5428 67.8012 
59.0762 32.6956 67.2086 52.9528 57.4282 50.2494 52.2015 56.0803 22.4722 68.1175 87.3155 86.3308 76.6616 54.4518 71.0634 44.7214 94.8736 103.7545 68.352 0.0 34.7131 87.1149 68.2495 73.3757 56.9386 83.8689 93.984 22.8035 36.0 61.2944 44.0114 52.8015 10.2956 44.4185 37.054 49.0408 57.3847 30.0167 27.7849 68.6003 73.0616 7.2111 40.1123 43.6578 98.6154 18.3576 70.8378 40.05 32.5576 26.6271 88.295 65.7951 40.2492 76.531 53.6004 54.9181 23.0 106.6208 101.1336 88.459 67.1193 96.8969 31.4006 31.4006 57.8014 63.5138 51.3128 92.4175 49.0102 87.2067 51.0392 97.0155 50.9902 42.5441 74.0 52.6972 84.0952 65.4905 69.0652 65.0 98.4784 36.7696 79.6241 53.1601 84.9588 92.228 50.448 7.8102 76.5376 98.8585 53.7122 79.2023 18.4391 51.0392 21.8403 52.4786 60.1664 76.0592 49.93 19.7231 
93.086 7.2111 91.7061 86.0523 40.0125 74.3236 66.8431 82.28 55.0091 93.6216 98.5951 100.4092 93.8616 78.7909 71.1126 63.2851 112.0446 117.4564 57.8705 34.7131 0.0 108.7566 63.5689 84.2912 42.2966 104.561 81.0062 17.4642 70.3491 44.0 78.4092 83.3607 43.0465 32.8938 71.1758 81.3019 36.2215 64.4981 26.2488 97.1236 75.6637 40.1123 7.2111 75.4255 93.8616 18.1108 93.1504 10.8167 59.9083 24.2074 80.2309 90.377 59.5399 73.3894 80.9568 52.7731 13.0384 118.5622 114.0219 94.3398 52.0384 113.2784 15.0 37.6431 76.2758 46.0109 71.6938 84.0119 54.6717 71.1758 85.1469 87.5728 81.3941 32.6956 85.6329 73.0616 85.8662 63.561 69.3181 91.7606 91.5915 55.0727 65.0 47.927 106.8504 86.122 62.2896 39.0128 92.957 93.3916 72.111 99.2975 46.5296 85.4751 42.3792 38.6394 92.4392 97.0979 70.3278 51.0882 
62.0081 102.2155 21.0238 55.3263 92.7631 36.8782 43.0813 32.6497 67.9559 21.8403 32.7567 24.6982 19.0263 32.8024 61.2944 45.4863 16.5529 30.4631 82.0061 87.1149 108.7566 0.0 71.0282 36.3456 88.459 5.0 93.8616 91.526 68.6222 93.0591 67.4685 44.1475 77.4661 85.3815 66.4078 52.1728 98.4886 71.6938 82.8553 30.0167 55.5788 80.1561 115.9655 52.811 76.4853 92.8009 16.2788 118.7139 54.8179 84.7231 80.7775 22.3607 49.4065 67.897 36.2491 68.884 103.8557 36.6742 31.3847 47.4131 90.1998 19.6977 94.8947 71.5891 32.6497 93.771 37.2022 82.8613 59.203 97.8673 63.3877 86.977 44.643 83.8153 34.3657 35.805 57.2451 66.0 61.131 26.6833 81.5414 53.8238 92.2659 74.3303 2.2361 77.4919 48.7032 79.3095 21.095 78.2943 36.7151 10.198 68.6804 67.3647 68.1175 87.3212 49.0 11.6619 38.6005 68.6003 
96.3328 56.6127 65.4599 86.4523 28.2843 55.7584 35.8469 64.0078 68.0955 68.9493 45.5412 51.1957 52.0096 58.1808 10.7703 42.638 65.307 64.4748 11.4018 68.2495 63.5689 71.0282 0.0 35.1283 24.0832 66.0303 29.0 53.2353 83.006 26.4008 88.7299 75.8024 65.7875 30.6757 82.0061 80.0562 34.6554 80.455 43.0116 78.7909 17.088 65.8027 69.4622 74.9667 31.0644 58.0775 61.6117 74.0945 58.258 45.0444 20.2485 64.846 43.8406 9.8489 66.0379 13.3417 67.7422 63.1348 60.4152 35.2278 20.6155 65.0 49.4773 36.8782 45.31 26.0768 47.5079 24.3516 22.8035 28.2312 91.2195 29.1548 74.2024 31.0483 37.1214 47.8853 24.0416 5.3852 10.198 70.7743 30.2655 42.638 21.587 16.1245 70.1142 24.0832 30.8058 63.6003 50.0 31.0 43.8292 61.131 58.6003 94.1116 49.7695 26.0768 87.4185 61.5224 47.1699 64.4127 
76.5376 77.1557 36.1248 67.082 59.6154 35.1141 21.3776 39.9625 62.0081 39.6989 14.4222 17.0 17.4642 34.8855 25.02 30.0666 30.6757 33.2415 46.3897 73.3757 84.2912 36.3456 35.1283 0.0 55.1543 31.4006 57.8705 68.8186 71.3863 59.1354 74.3303 54.5894 66.2873 55.2178 69.6348 61.327 65.7951 71.4493 58.4123 50.9313 19.2354 67.9117 91.2853 58.1893 43.2782 71.8679 30.2324 95.0158 48.0416 60.6053 44.9444 36.0694 34.2345 31.5753 43.4166 35.7771 83.2166 34.4093 29.7321 18.0278 55.109 30.8707 69.3542 47.4342 21.1896 59.4811 27.6586 47.4236 29.6985 61.5224 73.9256 51.8845 53.6656 54.2033 2.0 26.9258 22.8035 30.4138 25.02 43.1393 47.4342 36.8782 56.0357 41.5933 35.6931 42.5441 23.2594 66.2193 15.2971 44.8219 23.3452 26.9258 56.8859 77.6209 51.5461 55.0091 64.8999 28.2312 28.4429 60.208 
99.2975 36.0139 78.0577 89.8999 4.4721 64.1327 47.0 73.1642 64.6607 81.1542 67.6018 72.0902 70.0928 67.7422 34.0588 49.8197 85.7963 86.954 15.8114 56.9386 42.2966 88.459 24.0832 55.1543 0.0 83.5464 39.2046 36.6879 81.4002 5.3852 88.4816 81.5966 58.1378 12.53 81.0247 83.672 10.8167 77.3369 29.1548 89.1067 40.0 57.0088 47.2969 77.8203 52.2015 42.0595 76.1052 52.1728 59.4811 30.4138 38.0789 77.1038 48.7647 33.6006 73.9797 19.6469 49.366 86.267 83.006 58.8982 10.4403 86.0058 30.2655 30.0 58.0086 7.2111 57.3149 41.7732 30.0 30.6757 92.7847 45.2769 79.712 14.4222 57.0088 58.2151 48.1041 26.4008 32.8024 81.6149 49.4773 45.5412 23.5372 14.1421 87.1321 44.2719 41.0 54.8179 68.4105 51.5461 55.0364 78.2624 53.9073 94.8736 44.8219 4.4721 93.0484 77.6466 56.4358 60.3075 
62.2896 97.9439 19.4165 55.0091 87.8635 33.8378 38.4838 30.6757 65.3682 21.0238 28.6007 20.6155 14.0357 30.0167 56.3205 41.4005 15.1327 28.8617 77.0065 83.8689 104.561 5.0 66.0303 31.4006 83.5464 0.0 89.0225 87.4185 67.1863 88.1192 66.6108 43.2897 74.4043 80.6536 65.0 51.3517 93.6216 69.8928 78.5493 30.5941 50.636 77.0065 111.7721 51.4198 72.0069 88.8651 13.4164 114.6211 51.8652 80.455 75.9605 20.6155 45.4533 62.9682 34.4819 63.9531 100.005 34.7851 29.1548 43.0465 85.2115 18.2483 90.5539 67.2309 28.3019 88.8144 33.3017 78.1089 54.4059 92.9139 63.0317 82.28 43.566 79.1202 29.4279 31.8904 52.5547 61.0 56.1427 26.0192 76.9675 49.8197 87.2812 69.4262 4.4721 72.8011 44.0114 76.0592 16.1245 73.7902 32.45 5.3852 65.437 67.0298 64.3817 82.4621 49.2544 7.8102 34.7131 65.7343 
125.2557 75.06 92.1303 115.3646 41.0 84.2021 64.2028 92.0869 96.5194 95.7131 63.2851 70.7107 75.2861 86.267 34.4819 71.5052 84.3801 79.1581 25.632 93.984 81.0062 93.8616 29.0 57.8705 39.2046 89.0225 0.0 75.505 111.8258 37.0135 117.686 104.4844 93.0215 50.9902 110.8873 108.9771 45.2769 109.0413 66.7608 106.1744 39.0 92.6121 85.2877 103.9471 24.1661 80.8084 87.3212 90.2718 87.2067 68.4105 13.1529 91.7061 72.8354 26.8328 94.4034 41.0488 88.5664 75.6637 75.1066 49.0102 29.0172 83.1505 69.4622 63.5059 72.7186 35.0571 75.8024 12.1655 51.7397 11.6619 120.2165 10.8167 102.9417 52.3927 59.7746 76.0263 37.2156 33.9706 35.5106 98.1122 18.3576 71.5891 16.0312 41.1461 93.4077 18.2483 59.5483 90.377 73.0821 22.3607 71.8471 84.7703 86.6083 123.1097 77.5242 43.4166 116.0388 86.0349 75.6042 92.6499 
77.7817 12.0416 74.2496 70.1142 36.2491 56.8595 50.2096 64.846 39.4588 76.1577 83.2346 84.386 77.1557 61.327 58.9406 46.0435 95.483 101.671 50.3587 22.8035 17.4642 91.526 53.2353 68.8186 36.6879 87.4185 75.505 0.0 55.7853 40.3113 63.7887 66.4831 28.4605 24.5153 56.2939 65.0 35.2278 50.2892 10.7703 79.8123 62.6259 26.0 24.5967 59.0085 84.2912 5.3852 75.8024 27.2029 42.7551 8.544 72.0278 72.9178 42.19 62.6498 63.6003 40.7922 14.8661 103.2279 98.4073 80.5295 47.1275 96.8762 8.6023 21.4009 59.203 42.5441 54.3783 76.0592 39.8246 67.3573 70.0357 80.2247 64.4981 23.1948 70.0 55.7584 73.3757 51.9711 57.0088 74.3303 83.006 37.7359 60.1664 37.1214 89.5879 77.0584 46.0977 24.3516 76.3806 84.1487 55.0 82.201 30.0 70.8308 25.0 32.28 76.0263 79.8812 53.0 35.2278 
23.1948 67.2681 47.8017 18.868 83.4865 37.054 52.2015 36.6742 17.0 46.8188 82.2192 78.0064 66.0681 39.0512 81.0062 43.0813 81.3941 93.5361 87.7268 36.0 70.3491 68.6222 83.006 71.3863 81.4002 67.1863 111.8258 55.7853 0.0 86.6083 8.0623 25.0599 27.4591 70.1783 2.2361 17.8045 85.5862 6.0828 55.4617 41.8808 80.1124 30.2655 76.0592 15.8114 108.6876 52.7731 54.1295 76.0263 25.0599 55.5428 102.6255 46.5725 40.2492 88.3233 32.7567 70.9366 59.0 98.1835 92.1954 89.2693 90.0278 84.1724 63.8905 51.4004 50.4876 88.6002 43.7379 106.5317 60.2163 108.2081 15.1327 111.5168 24.1661 67.9559 71.0211 44.5533 89.8888 78.492 79.2591 42.1545 110.5351 40.4969 100.4191 72.1249 66.4078 104.3168 54.5619 31.5753 67.0075 109.5673 48.0521 64.1327 27.7849 15.1327 36.6197 77.4209 27.2029 60.208 42.9535 21.4709 
104.6566 38.2099 83.1505 95.2733 4.1231 69.4262 52.0384 78.4474 69.814 86.2844 71.1126 75.9605 74.5252 72.9932 36.8917 55.109 89.8109 90.3549 16.4012 61.2944 44.0 93.0591 26.4008 59.1354 5.3852 88.1192 37.0135 40.3113 86.6083 0.0 93.7443 86.977 62.9682 17.0294 86.267 89.0505 8.9443 82.4621 33.6006 94.3663 43.0465 61.7171 48.3735 83.1925 52.3259 45.6946 81.0247 53.3385 64.846 34.6699 37.6962 82.2192 54.1202 35.3553 79.3095 24.1868 52.1728 89.3588 86.3539 61.6117 8.2462 89.8888 33.2415 35.2278 63.0079 2.2361 62.514 41.1096 35.0571 27.4591 98.1122 44.1475 85.0941 19.105 61.0328 63.3877 50.3289 29.5296 35.8469 86.8332 49.0408 50.9215 21.0 19.0 91.7878 44.2832 46.0435 59.5483 72.7805 51.4782 60.1332 82.8734 59.0339 100.1699 50.0 9.2195 98.4327 82.3893 61.6604 65.437 
15.5242 75.3127 47.2652 13.6015 90.7359 39.2938 56.356 37.0135 24.6982 45.7056 84.1724 79.3095 67.1863 40.4475 85.9826 47.5079 81.3019 94.0213 94.0691 44.0114 78.4092 67.4685 88.7299 74.3303 88.4816 66.6108 117.686 63.7887 8.0623 93.7443 0.0 23.3452 35.5106 77.5242 7.6158 15.2971 93.0591 14.0 63.1585 39.0 84.5991 38.3275 84.0952 16.2788 113.2519 60.8276 54.0833 84.006 30.4795 63.3246 108.0046 46.1736 45.2217 93.4773 33.0151 77.0779 67.0075 99.0202 93.0215 92.3472 96.8297 84.214 71.8401 58.5235 53.1601 95.6922 46.8188 111.8302 65.9469 114.5862 7.6158 116.8289 23.0868 75.2928 73.7631 47.4342 93.9415 84.0238 84.3149 40.7922 115.434 46.0977 106.8316 78.6448 65.307 109.2932 59.3633 39.6232 68.3593 114.2366 51.264 64.1249 35.3412 7.0711 43.909 84.5991 22.0227 60.1332 46.2385 29.1548 
21.9545 78.5175 24.0208 12.6491 84.7703 20.5183 40.3609 14.8661 30.4138 22.3607 62.6418 57.0701 44.911 19.7231 70.7248 33.2866 58.0775 71.0282 83.3547 52.8015 83.3607 44.1475 75.8024 54.5894 81.5966 43.2897 104.4844 66.4831 25.0599 86.977 23.3452 0.0 42.5441 72.7805 22.8254 8.0623 88.5268 29.2062 62.0322 17.0294 68.0147 45.6946 90.0278 9.8995 96.2133 65.307 31.0161 91.214 24.0 63.0 93.3809 23.0 33.1059 78.5175 11.1803 66.242 74.3303 76.2365 70.2567 72.45 88.1419 61.0328 73.0616 53.7587 33.8378 88.6002 29.0 96.8762 54.2033 103.465 20.2237 101.8234 2.0 70.6116 53.6656 29.0689 76.0263 70.6045 69.3542 17.4642 99.2472 36.0555 96.0417 69.3542 41.9762 93.4345 45.0 45.8803 46.3249 97.4526 33.3017 41.0 36.8782 24.1868 42.0119 78.4474 11.6619 37.0 29.0 33.2415 
50.04 39.8121 57.28 43.2897 59.397 40.6079 44.911 46.0109 12.3693 58.0517 79.8123 78.1857 67.9779 44.6878 67.082 36.6879 85.9593 95.462 67.6018 10.2956 43.0465 77.4661 65.7875 66.2873 58.1378 74.4043 93.0215 28.4605 27.4591 62.9682 35.5106 42.5441 0.0 45.9674 28.1603 39.0512 60.4401 21.8403 29.8329 58.3095 68.2642 3.1623 49.0408 33.5261 95.1262 25.318 61.2209 49.4975 22.6716 29.4109 86.0349 55.8659 32.28 73.2462 43.4166 52.5547 32.3883 98.6813 93.0484 82.2982 67.8012 88.1192 36.7696 29.5296 49.2443 65.1153 42.4853 90.1388 44.7214 87.367 42.107 94.921 40.7185 43.8634 66.7083 43.8292 79.1581 62.3618 65.1153 54.8179 95.6033 29.4279 79.6116 51.8845 75.2861 89.2861 44.1022 4.1231 68.0294 95.5667 45.31 69.8928 9.4868 42.5793 16.2788 53.8145 50.2195 66.6108 41.1461 9.434 
89.1572 25.9615 72.4431 80.0562 13.4536 57.0088 42.45 66.0303 53.2541 75.2396 68.884 72.111 68.0294 61.0082 38.5876 43.0465 85.0882 88.2383 26.0192 44.4185 32.8938 85.3815 30.6757 55.2178 12.53 80.6536 50.9902 24.5153 70.1783 17.0294 77.5242 72.7805 45.9674 0.0 69.9714 74.0 15.8114 65.8027 16.6433 82.0549 43.6005 44.6878 38.9102 68.0074 61.1882 29.8329 71.5891 43.4626 49.6488 17.8885 48.0937 71.3442 41.0488 40.4969 66.2722 20.6155 38.0 88.459 84.5044 62.6259 22.8473 85.7555 19.105 19.3132 53.3667 19.2094 51.2445 52.0384 26.4008 43.0813 82.2922 56.0089 70.8308 2.2361 56.8595 52.345 53.3385 30.8869 36.8917 75.0067 59.3043 37.2156 35.7351 15.2643 83.8153 53.6004 36.6879 42.5206 66.6408 60.8276 49.8197 75.2728 42.4382 84.119 33.6155 8.0623 83.9345 74.0405 50.1597 48.8262 
22.0227 67.897 45.607 17.0 83.2166 35.1283 50.6952 34.5254 17.088 44.5982 80.3057 76.0 64.0312 37.0135 79.7559 41.6293 79.2465 91.444 86.977 37.054 71.1758 66.4078 82.0061 69.6348 81.0247 65.0 110.8873 56.2939 2.2361 86.267 7.6158 22.8254 28.1603 69.9714 0.0 15.6205 85.4751 7.6158 55.5428 39.6611 78.721 31.0644 77.0065 13.6015 107.3313 53.4603 51.9711 77.1038 23.8537 55.7136 101.5135 44.3847 38.9487 87.1321 30.5941 70.0928 60.0333 96.1301 90.1388 87.5557 89.4986 82.0366 64.2884 51.0392 48.6621 88.2326 41.9762 105.3945 59.203 107.4802 14.0 110.3857 21.9317 67.7422 69.2315 42.7551 88.3912 77.4209 78.032 39.9249 109.2749 39.4081 99.7046 71.4493 64.195 103.0776 53.2353 32.249 65.0 108.2405 46.3249 61.9839 27.7308 14.5602 36.3593 77.1038 25.2389 58.0517 41.2311 21.5407 
16.2788 77.0065 32.0624 6.4031 86.539 26.4197 45.4533 22.3607 26.6833 30.4138 70.0928 64.7765 52.6118 26.5707 75.8222 37.4833 66.1211 79.0063 86.8389 49.0408 81.3019 52.1728 80.0562 61.327 83.672 51.3517 108.9771 65.0 17.8045 89.0505 15.2971 8.0623 39.0512 74.0 15.6205 0.0 89.8109 22.6716 61.8142 24.1868 73.6003 42.2019 87.6926 6.0828 102.0784 63.1981 39.0 88.459 24.3516 62.514 98.3514 31.0161 36.4005 83.5464 18.4391 69.6348 71.3863 84.1487 78.1601 79.3095 90.9175 69.0652 72.1734 54.7083 40.2492 90.802 34.6699 101.9804 57.8014 107.2007 12.6491 106.9626 8.0623 71.7844 60.5392 34.9857 82.1523 75.0067 74.3303 25.4951 104.8094 38.5876 99.6243 72.2011 50.01 98.8585 49.4975 42.7551 53.9351 103.2279 39.1152 49.0102 35.0 16.4924 41.5933 80.2309 11.1803 45.0111 34.4093 30.2655 
104.9238 31.0483 87.0517 95.8593 6.4031 72.2496 56.3205 81.3019 68.6003 90.0056 78.3901 82.7647 80.3617 76.1052 44.8219 58.0775 96.3846 97.7548 25.2389 57.3847 36.2215 98.4886 34.6554 65.7951 10.8167 93.6216 45.2769 35.2278 85.5862 8.9443 93.0591 88.5268 60.4401 15.8114 85.4751 89.8109 0.0 80.9938 30.6105 97.3293 50.8035 58.7963 40.05 83.8153 61.2699 40.4969 85.5862 45.0444 65.4599 31.1448 46.6154 86.0233 56.4358 43.9318 81.7435 30.0832 45.5412 97.0824 93.8136 69.6563 17.088 96.6644 27.2947 35.1141 67.3647 10.4403 66.0 49.98 39.4588 35.0143 97.9898 52.8867 86.5852 18.0278 67.624 67.0075 58.6941 37.2022 43.6005 90.0888 57.9396 52.7731 29.2746 24.3516 97.0824 53.2259 50.3587 56.7274 78.7464 60.4152 64.1249 88.295 57.8014 99.7296 49.1935 11.1803 99.7246 87.4757 65.0077 64.1405 
29.2746 61.6117 50.6952 24.5967 79.2023 38.2099 51.4198 39.2173 12.7279 50.0899 83.0 79.3095 67.6018 40.7922 79.2023 42.2019 83.678 95.352 84.5044 30.0167 64.4981 71.6938 80.455 71.4493 77.3369 69.8928 109.0413 50.2892 6.0828 82.4621 14.0 29.2062 21.8403 65.8027 7.6158 22.6716 80.9938 0.0 50.6063 46.2277 78.7718 24.5153 70.1142 19.4165 107.1541 47.0744 56.6127 70.0071 23.7697 50.5371 100.3444 49.3964 38.8973 86.3134 35.4683 68.0074 53.0094 99.7246 93.771 89.1067 86.2786 86.3481 58.5235 47.4236 51.0098 84.5044 44.0454 104.3168 57.8014 104.8904 21.2132 109.2749 28.0179 63.6003 71.2531 45.0111 88.8876 76.1577 77.3886 45.6508 108.6876 38.4838 97.0824 68.7677 69.4622 102.4158 53.1413 25.9615 68.3593 107.9352 48.1664 66.4831 23.4307 21.0238 32.5576 73.2462 32.7567 62.6418 43.1045 17.0294 
75.9605 19.4165 66.7308 67.4685 29.8329 49.7293 40.6079 58.2495 38.4838 68.9638 72.8011 74.2765 67.624 54.1202 48.2701 37.5766 85.7963 91.4385 41.2311 27.7849 26.2488 82.8553 43.0116 58.4123 29.1548 78.5493 66.7608 10.7703 55.4617 33.6006 63.1585 62.0322 29.8329 16.6433 55.5428 61.8142 30.6105 50.6063 0.0 73.8241 51.8652 28.2843 33.4215 55.7315 74.0608 15.1327 67.5426 36.7696 38.0526 2.2361 62.2896 65.4599 34.176 52.2398 57.5587 30.2655 25.632 92.8009 88.0909 69.7782 39.3573 87.046 12.083 11.4018 50.2494 35.805 46.0977 66.3702 29.1548 59.5063 68.6222 70.7107 60.0333 14.7648 59.6657 47.4236 62.6418 41.4367 46.3249 67.6831 73.0616 29.7321 52.0 27.0185 81.0062 67.0075 36.0694 26.1725 66.7083 74.0068 46.1411 73.2462 27.8568 70.0071 20.2237 24.6982 72.4431 71.1969 44.7772 34.0147 
32.0 91.6788 14.8661 25.9615 92.7793 25.0799 43.3244 16.0312 46.6154 11.4018 55.2268 48.3011 36.8917 21.3776 71.6938 39.3192 45.7056 59.439 87.9204 68.6003 97.1236 30.0167 78.7909 50.9313 89.1067 30.5941 106.1744 79.8123 41.8808 94.3663 39.0 17.0294 58.3095 82.0549 39.6611 24.1868 97.3293 46.2277 73.8241 0.0 67.6757 61.4003 104.0433 26.9072 94.1754 79.3788 21.6333 105.6882 37.3363 75.1332 94.0319 14.8661 41.0122 79.404 16.2788 71.5681 89.1572 65.2534 59.4811 67.4759 94.1116 48.8365 85.5102 64.1249 33.541 95.7079 32.0156 97.0824 59.6657 107.0187 33.9559 101.8332 18.3848 80.025 49.4975 31.3209 73.6614 73.4098 70.7107 8.0623 98.0816 45.0111 100.09 75.71 28.0713 92.8009 49.0408 61.2944 38.833 95.6713 35.1141 30.0832 51.4782 37.855 54.8179 86.5794 19.0263 26.4008 32.7567 48.8774 
89.6437 68.4763 53.3385 79.8123 44.4072 47.5079 28.3019 54.4885 67.4463 56.9386 28.4605 34.3657 36.6742 48.7955 6.3246 37.1214 48.5077 47.4236 28.4605 73.0616 75.6637 55.5788 17.088 19.2354 40.0 50.636 39.0 62.6259 80.1124 43.0465 84.5991 68.0147 68.2642 43.6005 78.721 73.6003 50.8035 78.7718 51.8652 67.6757 0.0 69.0652 82.1523 69.3397 28.6531 66.7608 48.3322 86.4523 55.1543 54.0833 26.4197 53.0 39.9249 12.3693 57.28 23.0217 77.4919 46.3249 43.382 19.105 37.6962 48.0521 60.8276 42.7551 34.7131 42.9418 39.0512 29.4109 24.0832 42.2966 85.703 34.2053 66.7083 43.2666 21.2132 38.9487 11.0454 13.6015 7.2111 59.6406 31.241 40.5216 37.0135 28.4253 54.9181 25.4558 25.632 67.0298 34.5254 29.6816 34.7131 46.0977 59.6825 89.0449 52.0865 41.0366 79.2086 47.1275 39.2046 64.5368 
53.0094 37.108 60.1082 46.3897 58.0517 43.2782 46.5725 48.9183 15.5242 60.959 81.6088 80.2309 70.2353 47.4236 67.6018 38.6264 88.3233 97.5756 67.082 7.2111 40.1123 80.1561 65.8027 67.9117 57.0088 77.0065 92.6121 26.0 30.2655 61.7171 38.3275 45.6946 3.1623 44.6878 31.0644 42.2019 58.7963 24.5153 28.2843 61.4003 69.0652 0.0 46.0109 36.6879 95.5249 22.561 63.8905 46.3897 25.4558 27.6586 86.0233 58.6941 34.176 73.5459 46.4004 52.4976 29.2746 100.6578 95.0789 83.6002 66.8506 90.4268 34.4384 29.1548 51.4296 63.8905 44.7772 90.1388 45.2769 86.6083 45.0444 94.8683 43.8634 42.638 68.4105 46.1411 80.025 62.5859 65.6201 57.8014 95.8019 31.0483 78.8923 51.4782 77.9872 89.4986 45.3982 2.2361 70.214 95.901 47.4236 72.4224 11.6619 45.3982 17.0 52.6308 53.3667 69.2026 43.4166 12.53 
99.0 14.1421 98.8433 92.2659 44.5533 81.4371 74.027 89.3197 61.2046 100.7224 105.5509 107.4895 101.0445 85.9069 77.4145 70.4911 119.2057 124.4829 63.0635 40.1123 7.2111 115.9655 69.4622 91.2853 47.2969 111.7721 85.2877 24.5967 76.0592 48.3735 84.0952 90.0278 49.0408 38.9102 77.0065 87.6926 40.05 70.1142 33.4215 104.0433 82.1523 46.0109 0.0 81.8841 99.3277 24.7386 100.3444 5.0 66.7608 31.4006 85.3756 97.509 66.7308 79.3095 87.9204 59.1692 17.2627 125.495 121.0165 100.9554 56.5685 120.4159 21.9317 44.8219 83.4865 50.2494 78.8923 89.0505 61.6198 75.0067 91.0055 92.3959 88.0738 38.9487 92.6553 80.2621 92.1792 69.7711 75.6637 98.7927 96.7729 62.2656 69.2604 54.1202 114.057 91.4822 69.4262 45.0999 100.1249 98.7623 79.3221 106.5082 53.1507 91.1373 49.3964 43.9659 98.8585 104.3072 77.5242 57.4282 
21.6333 71.0282 32.0156 12.083 80.6226 23.0868 41.0488 21.095 21.1896 31.0161 67.897 63.1269 51.0392 24.1868 71.218 32.6497 65.7647 78.1601 81.4002 43.6578 75.4255 52.811 74.9667 58.1893 77.8203 51.4198 103.9471 59.0085 15.8114 83.1925 16.2788 9.8995 33.5261 68.0074 13.6015 6.0828 83.8153 19.4165 55.7315 26.9072 69.3397 36.6879 81.8841 0.0 97.9439 57.3149 38.4708 82.7647 18.3848 56.4358 93.6056 30.8058 31.1448 78.8733 17.1172 64.2028 65.7343 83.006 77.0065 76.2168 85.235 68.593 66.1211 48.7032 37.0 84.9706 30.8707 97.3088 52.4976 101.8283 16.4012 102.3035 8.6023 65.7875 57.5674 31.3847 78.2943 70.0071 69.6563 26.4008 100.439 33.0151 94.2019 66.5733 50.5964 94.4034 44.6878 37.108 52.1536 99.0202 35.3412 48.5077 29.0172 19.7231 35.5106 74.3236 17.0294 44.5533 30.4138 24.5153 
118.0042 87.0976 79.3977 108.2266 55.5428 75.8024 56.9386 82.2192 95.5196 82.9759 44.0114 52.0 59.3633 76.6942 28.1603 65.7647 64.56 57.2189 36.4005 98.6154 93.8616 76.4853 31.0644 43.2782 52.2015 72.0069 24.1661 84.2912 108.6876 52.3259 113.2519 96.2133 95.1262 61.1882 107.3313 102.0784 61.2699 107.1541 74.0608 94.1754 28.6531 95.5249 99.3277 97.9439 0.0 89.1403 73.4098 104.1201 83.672 76.1052 15.0 79.3095 68.4471 22.0907 85.276 44.0114 98.732 53.0 53.3385 29.1548 44.2945 62.8172 80.2309 67.2681 62.482 51.0 67.424 12.8062 50.448 34.4093 114.2804 13.6015 95.0 61.8142 44.8219 67.2012 20.5183 33.1361 30.0832 86.3134 6.0828 68.7095 34.7131 47.1699 76.4788 8.0623 54.1295 93.3809 57.1402 2.0 63.0079 68.6003 87.0919 117.6605 78.8543 55.3624 107.1681 70.7248 67.6757 92.3472 
75.2396 14.5602 74.793 68.0074 41.6293 57.3062 52.4976 64.8845 37.0135 76.4788 86.2844 87.0057 79.2086 61.7738 63.3482 47.5079 97.6217 104.4031 55.5788 18.3576 18.1108 92.8009 58.0775 71.8679 42.0595 88.8651 80.8084 5.3852 52.7731 45.6946 60.8276 65.307 25.318 29.8329 53.4603 63.1981 40.4969 47.0744 15.1327 79.3788 66.7608 22.561 24.7386 57.3149 89.1403 0.0 76.844 26.4008 42.0595 13.0384 77.1038 73.4302 43.4166 67.3647 63.3246 45.3982 11.4018 106.2309 101.2571 84.309 52.4976 99.1564 13.4536 24.5967 60.8769 47.927 55.6058 81.1542 43.4626 72.7324 67.3647 85.3756 63.3482 28.4429 72.9452 57.0088 77.6209 56.5685 61.3922 74.3236 88.0057 39.0512 65.521 42.0119 90.802 82.0061 48.8262 21.2132 78.5684 89.0505 56.6392 83.7377 28.4429 67.897 25.0599 37.6431 74.3303 81.2158 54.2033 33.0151 
51.4198 86.7698 7.2801 43.2897 80.2247 20.6155 29.2746 17.4642 51.9711 10.2956 33.6155 26.9258 15.2643 16.6433 53.1413 29.9666 27.2947 40.0125 71.8471 70.8378 93.1504 16.2788 61.6117 30.2324 76.1052 13.4164 87.3212 75.8024 54.1295 81.0247 54.0833 31.0161 61.2209 71.5891 51.9711 39.0 85.5862 56.6127 67.5426 21.6333 48.3322 63.8905 100.3444 38.4708 73.4098 76.844 0.0 102.9272 38.6005 69.3181 74.686 8.0623 33.6155 60.5392 21.3776 57.0088 87.8009 45.2769 39.3192 46.0109 79.2275 30.1496 79.6241 56.4624 18.2483 82.0 21.4709 77.4145 46.1736 89.56 51.1566 81.9878 31.0161 69.857 28.6007 20.1246 53.0094 56.2939 52.4976 14.8661 77.666 38.0789 83.1986 62.0322 14.1421 72.7186 35.2278 63.0317 17.2047 75.0 21.8403 10.0499 52.4023 55.1453 52.0096 74.4312 38.6005 6.0828 22.8254 52.4309 
99.1262 18.0278 101.1187 92.7793 49.4975 83.6481 77.2334 91.2853 61.8142 102.8591 109.3435 111.036 104.2353 88.1192 81.8413 73.2393 122.4949 128.1444 67.9117 40.05 10.8167 118.7139 74.0945 95.0158 52.1728 114.6211 90.2718 27.2029 76.0263 53.3385 84.006 91.214 49.4975 43.4626 77.1038 88.459 45.0444 70.0071 36.7696 105.6882 86.4523 46.3897 5.0 82.7647 104.1201 26.4008 102.9272 0.0 68.352 34.6554 90.2441 99.7647 69.3397 83.9345 89.6939 63.5295 17.1172 129.3213 124.7397 105.1523 61.5224 123.7942 25.807 48.1041 86.4002 55.2268 81.5414 93.9415 65.437 80.0062 91.0879 97.3242 89.2861 43.382 96.3328 82.9277 96.6023 74.2496 80.0625 100.7224 101.6366 64.8999 74.2428 58.6003 116.7647 96.3016 72.8354 45.7056 103.3925 103.5809 82.201 109.4029 54.4059 91.0 51.4296 48.7647 99.6393 107.0747 80.1561 58.2495 
39.8246 54.7449 34.6554 30.4631 62.2415 18.0278 27.6586 23.6008 14.3178 35.609 60.2993 57.4891 46.4866 22.0227 55.9464 18.4391 63.9766 74.3303 63.7809 32.5576 59.9083 54.8179 58.258 48.0416 59.4811 51.8652 87.2067 42.7551 25.0599 64.846 30.4795 24.0 22.6716 49.6488 23.8537 24.3516 65.4599 23.7697 38.0526 37.3363 55.1543 25.4558 66.7608 18.3848 83.672 42.0595 38.6005 68.352 0.0 39.0 77.666 33.2415 15.2315 63.2851 21.4709 46.6905 51.8941 78.1025 72.2772 65.4905 67.1193 66.3099 49.0918 30.3645 28.4429 66.6483 21.3776 81.5414 35.4683 84.2912 33.6006 86.5332 22.0 47.4342 48.0 22.561 65.146 53.6004 54.2033 32.7567 85.4751 15.6205 76.5768 48.6004 52.6308 79.2591 29.5466 24.8395 46.8402 84.5281 25.0799 47.5079 14.4222 36.1248 18.0278 55.9464 34.5254 44.1022 20.2237 13.8924 
76.4003 17.4929 68.352 68.0661 30.8058 51.2445 42.638 59.6657 38.6264 70.5195 75.0 76.4199 69.6563 55.6597 50.448 39.3573 87.8635 93.6056 42.9535 26.6271 24.2074 84.7231 45.0444 60.6053 30.4138 80.455 68.4105 8.544 55.5428 34.6699 63.3246 63.0 29.4109 17.8885 55.7136 62.514 31.1448 50.5371 2.2361 75.1332 54.0833 27.6586 31.4006 56.4358 76.1052 13.0384 69.3181 34.6554 39.0 0.0 64.195 67.0671 35.8469 54.3323 58.8558 32.3883 23.4094 95.0 90.2718 72.0139 40.7185 89.1403 10.4403 13.4536 52.1536 36.8917 47.8539 68.2642 31.3847 60.9262 68.9638 72.5603 61.0 16.1555 61.8466 49.1935 64.846 43.566 48.5077 69.1231 75.0267 31.3847 53.4883 29.0 82.8553 69.0 38.1838 25.6125 68.7677 76.0263 48.0208 75.1665 28.1603 70.2282 21.0238 25.9422 73.2462 73.0616 46.5188 34.176 
114.5862 73.6817 79.7559 104.69 41.1096 72.9178 53.0377 80.4301 88.1192 83.3547 50.1597 57.5587 62.2977 74.6525 22.6716 60.959 71.2531 66.3702 22.3607 88.295 80.2309 80.7775 20.2485 44.9444 38.0789 75.9605 13.1529 72.0278 102.6255 37.6962 108.0046 93.3809 86.0349 48.0937 101.5135 98.3514 46.6154 100.3444 62.2896 94.0319 26.4197 86.0233 85.3756 93.6056 15.0 77.1038 74.686 90.2441 77.666 64.195 0.0 79.404 62.8013 14.8661 82.9759 33.5261 86.0523 63.1506 62.2896 36.0139 29.5466 70.0643 67.1863 57.0088 60.803 36.2491 64.4438 4.1231 42.5441 20.6155 109.9864 8.9443 91.9348 49.0102 46.8188 64.5368 24.0832 24.1868 24.0416 85.9826 11.4018 62.1289 19.799 35.3553 80.3617 7.0711 48.9183 83.8153 60.0833 13.8924 60.3075 71.7844 78.7909 113.0708 70.0071 41.5933 104.8046 73.1642 64.3817 84.5281 
