80
0.0 54.0833 73.437 64.56 37.6431 61.4654 41.1096 71.6938 32.9848 64.7765 67.9412 33.1361 63.3877 47.927 74.027 55.5788 61.6117 50.5964 74.2496 40.3113 20.2485 61.8466 100.005 42.0595 22.2036 63.0714 6.3246 70.6045 66.2118 75.6902 76.6942 96.6747 63.1981 43.2782 78.7718 47.634 39.0128 76.0592 54.2033 54.8179 55.0091 43.566 91.2634 82.0792 44.1475 47.4342 33.541 79.9812 86.2148 28.3019 101.8627 25.318 63.6396 53.0848 68.5055 20.0998 30.0 45.2769 23.5372 65.1153 80.2621 29.8329 32.573 18.0278 80.2621 66.4078 76.8505 53.3104 74.3303 46.5296 71.1969 64.0703 48.4149 51.6624 56.0357 73.1642 33.541 67.1863 45.1774 69.6563 
54.0833 0.0 80.6598 55.0 22.8035 7.8102 43.4166 53.2259 21.4709 76.4003 28.0179 23.4307 62.9365 41.2311 28.8617 10.7703 55.9732 3.6056 35.0143 17.0294 58.0086 55.3173 59.6657 43.909 32.6497 65.7951 47.7598 25.4951 13.4536 34.2345 57.3847 57.8705 71.8401 20.5913 26.9072 28.3196 20.8087 75.2861 30.8058 4.4721 19.4165 13.6015 57.0088 61.3514 11.3137 6.7082 21.6333 36.8782 50.04 27.1662 59.1354 55.4437 75.0 64.3506 20.8806 49.0408 27.0 53.3385 30.8707 60.3075 51.9711 59.0339 21.5407 36.0555 29.2062 54.0833 26.9258 3.6056 80.6226 12.083 19.6469 66.4831 17.6918 25.6125 33.8378 66.0303 21.2132 74.411 22.8035 26.1725 
73.437 80.6598 0.0 28.2312 61.4003 82.0061 39.9625 36.6742 76.3217 9.2195 63.9766 81.1234 18.0278 39.6232 71.3092 90.5207 25.5539 79.9062 63.2456 83.2346 54.0093 26.4197 73.0616 39.1152 76.1577 14.8661 72.3671 70.6824 81.5414 66.4078 37.054 69.029 10.4403 60.8769 84.5813 52.345 85.9826 11.4018 50.8035 84.8646 97.1854 83.4086 60.0333 39.1152 81.0555 78.5684 78.5493 69.6419 61.2046 66.242 78.0064 48.1664 10.0499 20.6155 73.8241 53.9351 63.6318 30.8707 74.7329 21.9317 49.163 44.0114 74.0945 71.5122 83.3847 30.6757 79.7057 77.1557 1.4142 85.276 98.4073 14.2127 62.9682 55.4437 48.2597 21.0238 69.3397 6.7082 93.4773 68.4471 
64.56 55.0 28.2312 0.0 39.5601 55.1543 23.5372 10.7703 55.7853 28.0713 35.7771 60.8769 11.0454 18.0278 43.0813 65.4599 4.4721 54.9181 35.171 61.0983 49.7393 3.6056 49.0408 22.561 59.1354 15.0333 61.1882 42.4853 54.037 38.3275 14.2127 44.9222 23.0217 37.1618 56.3649 27.7308 64.5136 20.5183 24.2074 59.4054 73.0616 60.4152 36.4005 19.105 57.6975 54.2033 57.9741 41.7732 35.5106 47.3814 53.3667 43.0465 27.0185 22.8473 45.793 44.9444 44.4072 21.4009 57.2189 6.3246 24.0416 41.4005 53.6004 56.0089 55.1543 3.1623 51.4782 51.4004 27.7308 61.7171 71.4493 15.1327 37.7359 29.4109 21.2603 11.1803 48.5077 23.5372 71.3092 40.2492 
37.6431 22.8035 61.4003 39.5601 0.0 28.0179 21.9317 42.0119 16.2788 55.8659 30.4138 21.3776 44.7772 22.3607 36.4005 30.5287 39.0 20.6155 37.0135 21.9545 36.3456 38.6264 63.2456 22.6274 22.1359 46.8722 31.8277 33.0151 31.257 38.2099 47.0 60.208 51.7397 5.6569 42.3792 13.0384 25.0799 58.1378 19.4165 26.0 36.0694 22.0227 55.9464 52.0384 19.799 18.3576 18.4391 42.4264 50.1199 10.2956 64.6607 33.0151 54.4518 43.1856 31.305 27.2947 7.8102 31.8904 19.9249 43.4626 46.5725 36.3456 14.1421 21.6333 43.4626 39.8121 39.8121 20.2237 61.6117 24.0416 42.45 47.7074 10.8167 15.2315 22.2036 50.5964 9.0554 54.8179 32.249 32.0156 
61.4654 7.8102 82.0061 55.1543 28.0179 0.0 46.8188 51.8652 29.1548 78.5493 24.0416 31.241 64.0312 43.4166 23.0217 15.1327 56.7274 11.4018 30.4138 24.7588 64.1249 55.9732 53.6004 47.1699 40.3113 67.2012 55.1543 20.025 5.831 29.0689 55.5698 52.1536 73.7835 24.5153 19.2094 30.4138 28.4253 75.6637 31.241 9.8489 24.0832 21.2603 52.2398 59.0339 19.105 14.4222 29.4109 31.0644 45.1774 33.9559 52.6308 61.0328 77.1751 67.082 15.0 55.0818 33.3766 56.4624 38.4708 60.8769 48.7032 64.2806 29.0689 43.4626 21.6333 53.8145 19.6977 8.2462 81.8352 19.4165 16.4012 67.8012 20.2485 26.6271 33.9706 65.8559 28.1603 76.0263 29.5466 21.2132 
41.1096 43.4166 39.9625 23.5372 21.9317 46.8188 0.0 30.8869 36.3593 33.9706 37.6563 41.1825 24.7386 7.8102 45.5412 52.2015 21.0238 41.8808 41.4367 43.4166 28.2843 21.095 63.8201 1.0 37.108 26.0 37.6563 43.1856 48.2701 43.9659 35.7771 60.0 30.0 22.8254 56.0089 17.1172 46.0435 38.3275 20.3961 47.1699 58.0 43.8634 53.0754 41.1461 41.7253 40.0 38.5876 48.3839 49.4065 26.4008 66.888 22.0227 32.5576 21.2603 44.0114 21.9545 23.7065 10.0 35.4401 25.02 41.0366 22.3607 34.1321 33.2415 56.0357 25.2982 52.0384 40.2492 40.3113 45.9674 62.6498 26.9258 26.5707 22.0227 20.2485 33.0 29.4109 33.2866 53.6004 41.3038 
71.6938 53.2259 36.6742 10.7703 42.0119 51.8652 30.8869 0.0 58.1378 38.0526 29.7321 63.1981 21.2132 23.7697 36.0555 63.9766 15.2315 53.8516 27.2947 62.1691 58.6003 14.3178 38.3275 30.0167 63.2851 25.1794 67.6757 36.2353 49.679 30.4138 5.099 34.2053 33.1361 38.3275 49.6488 29.0689 65.9242 26.9258 23.5372 57.6975 72.2357 60.8769 25.632 10.4403 57.9741 53.7587 60.208 33.2415 25.0799 51.1566 42.7551 52.0096 37.1214 33.6155 40.3113 52.8394 48.1664 31.1448 61.2046 16.1245 13.3417 50.9313 56.0803 61.0 48.0208 7.6158 44.6542 49.6588 35.9026 61.6847 67.624 25.0799 37.3631 28.8617 20.3961 16.1555 51.0392 33.0151 72.0347 34.0588 
32.9848 21.4709 76.3217 55.7853 16.2788 29.1548 36.3593 58.1378 0.0 70.0 42.0476 5.099 60.4152 38.2753 46.0435 23.0 55.0273 17.8885 49.2443 8.544 40.5216 54.7083 75.5844 37.2156 11.1803 62.1772 26.6833 42.4382 34.4093 49.6488 63.0714 73.0068 66.2873 20.025 47.634 29.0689 9.8995 73.9256 35.0143 21.8403 24.6982 11.0454 69.9214 68.0074 11.1803 14.7648 2.2361 53.3385 63.5689 10.6301 76.1577 39.8121 68.6003 57.0088 39.0512 32.311 12.8062 45.8039 9.4868 59.4643 61.6604 44.2945 2.2361 15.1327 49.5782 56.0892 46.669 21.4009 76.6616 14.0357 38.3275 63.0635 22.8035 30.1496 38.0 66.7608 7.2801 69.6419 17.6918 42.19 
64.7765 76.4003 9.2195 28.0713 55.8659 78.5493 33.9706 38.0526 70.0 0.0 62.6418 74.6324 17.0294 35.2278 70.342 85.7963 24.3311 75.2861 62.9682 77.3369 45.0999 25.318 75.9539 33.2415 68.884 13.0384 64.0312 69.2604 78.7147 66.0984 39.6232 71.8471 5.099 56.0803 83.1685 48.2597 79.8123 17.6918 47.8539 80.4301 91.9239 77.8332 62.9682 42.72 75.6637 73.6614 72.2011 69.7209 63.1269 59.6406 80.6226 39.4588 1.4142 13.0384 71.8679 45.607 57.2014 24.2074 67.6018 22.0 51.2445 35.1283 67.8012 63.9766 82.28 31.0161 78.4474 73.0068 10.4403 79.9062 94.8736 13.0 58.8218 51.9711 45.6946 24.3516 63.2535 5.831 87.4586 67.0522 
67.9412 28.0179 63.9766 35.7771 30.4138 24.0416 37.6563 29.7321 42.0476 62.6418 0.0 46.2385 46.2385 31.0644 8.0 38.3275 38.6264 30.0666 7.2801 42.2019 63.0714 37.6962 33.541 37.4833 51.3128 49.98 62.2254 6.7082 20.5913 7.8102 32.6497 31.0161 57.5674 24.7588 20.6155 21.9317 46.3249 55.7584 17.2627 32.1403 47.2652 39.6232 29.0689 35.5106 36.6742 31.4006 43.4626 12.0416 22.2036 40.4599 34.4093 57.9396 61.4003 53.4603 10.6301 54.5894 38.2099 45.0111 49.0918 42.0476 24.6982 59.4811 40.7063 51.8556 19.6469 33.6155 15.8114 25.02 63.5059 39.2046 38.5876 50.3289 20.0 17.0 18.0 45.2217 36.8917 58.8727 50.2494 4.4721 
33.1361 23.4307 81.1234 60.8769 21.3776 31.241 41.1825 63.1981 5.099 74.6324 46.2385 0.0 65.3911 43.3244 49.7393 22.561 60.0833 19.8494 53.4883 7.2801 43.0813 59.7746 79.7057 42.0595 11.0 67.082 27.0185 46.1411 36.7967 53.7122 68.1175 77.2528 71.0211 25.0 50.2096 34.1321 6.3246 78.924 40.0 22.8254 22.3607 10.7703 74.4648 73.0274 12.2066 16.9706 3.0 57.2451 68.0074 15.0 80.0625 43.0465 73.2393 61.6117 42.4382 35.3553 17.4929 50.4777 10.198 64.5136 66.4831 47.7074 7.2801 16.2788 52.345 61.1882 49.679 24.0832 81.4923 13.6015 38.3275 67.9779 27.4591 35.0571 43.0116 71.8401 12.3693 74.4312 13.8924 46.0652 
63.3877 62.9365 18.0278 11.0454 44.7772 64.0312 24.7386 21.2132 60.4152 17.0294 46.2385 65.3911 0.0 22.4722 53.7587 73.0 7.6158 62.3699 46.0977 66.7308 46.1736 8.544 59.439 23.7697 61.8466 4.0 61.0082 52.9245 63.5138 49.2443 23.4094 55.3173 12.0 43.6005 66.8506 34.7131 69.7711 13.6015 32.8024 67.2086 80.0 66.5733 46.5725 27.2947 64.0703 61.2209 62.6498 52.7731 46.2709 50.9215 63.9531 39.5601 16.0 14.1421 55.9017 43.2897 48.1041 18.1108 60.1664 5.099 34.5254 36.7696 58.1808 57.8705 65.7875 14.0 62.0322 59.397 17.8045 68.2422 80.4301 4.1231 45.2769 37.5366 30.2324 10.8167 53.2259 12.6491 77.026 50.6952 
47.927 41.2311 39.6232 18.0278 22.3607 43.4166 7.8102 23.7697 38.2753 35.2278 31.0644 43.3244 22.4722 0.0 39.0512 50.9117 16.7631 40.3113 34.2053 44.2945 36.0694 16.4924 56.0357 7.2111 41.1096 24.8395 43.9659 37.0135 44.0114 36.8782 28.7924 52.2015 30.6105 21.2603 50.3587 13.0384 47.4236 35.7771 14.0357 45.3431 57.6281 44.1022 45.2769 34.176 41.6173 38.9487 40.4969 41.2311 41.6173 29.4279 59.1692 29.8329 33.8378 23.7697 38.4708 29.4109 26.4764 14.0357 39.2046 21.1896 33.3017 30.0167 36.0555 38.0526 50.0899 19.105 46.0977 37.8021 39.6989 45.8039 59.6825 25.6125 23.6008 17.088 13.1529 28.6356 31.0161 33.2415 54.5894 35.0 
74.027 28.8617 71.3092 43.0813 36.4005 23.0217 45.5412 36.0555 46.0435 70.342 8.0 49.7393 53.7587 39.0512 0.0 38.1182 46.1736 31.6228 9.2195 44.7772 70.3847 45.2217 30.8058 45.3982 56.0803 57.5674 68.1175 3.6056 18.1108 6.7082 38.2884 29.1548 65.2534 30.8058 13.6015 29.4109 48.8467 62.6498 25.1794 32.3883 47.0956 41.7852 29.6142 40.3609 39.0 33.6155 47.1699 8.0623 22.561 46.0109 30.4631 65.4599 69.1231 61.4003 8.0623 61.7414 44.0454 53.0094 53.9073 49.3964 28.6007 67.1863 45.0 57.28 12.083 40.7185 8.6023 26.5707 70.7743 40.8044 35.1141 57.8705 25.6125 24.3516 26.0 51.9711 41.7732 66.4078 51.6624 4.4721 
55.5788 10.7703 90.5207 65.4599 30.5287 15.1327 52.2015 63.9766 23.0 85.7963 38.3275 22.561 73.0 50.9117 38.1182 0.0 66.2193 10.6301 45.0999 15.2971 62.9682 65.6049 68.7314 52.8015 33.3766 75.6902 49.366 35.0143 20.6155 44.0 68.1542 67.2681 81.3941 29.7321 33.1059 38.2884 17.4642 85.6037 41.3401 6.3246 9.0 12.0416 67.0671 72.111 12.1655 12.2066 22.0907 46.1736 60.0333 31.7805 67.6831 61.4003 84.386 73.4098 30.0666 54.3415 32.573 62.2013 32.1403 70.6045 62.5859 65.4599 24.0832 38.0526 35.8469 64.6607 34.4819 14.3178 90.5539 9.0554 15.8114 76.4199 27.8029 36.0555 44.4185 76.5506 25.9615 84.1487 15.6205 36.0139 
61.6117 55.9732 25.5539 4.4721 39.0 56.7274 21.0238 15.2315 55.0273 24.3311 38.6264 60.0833 7.6158 16.7631 46.1736 66.2193 0.0 55.6058 38.6394 60.8358 46.0652 1.0 53.4509 20.025 57.5587 11.4018 58.5491 45.31 56.0357 41.7732 18.6011 49.3356 19.2354 37.2156 59.2368 28.0179 64.0781 19.4165 25.4951 60.3075 73.4983 60.4152 40.8534 23.3452 57.8014 54.6443 57.2451 45.3982 39.8121 46.0977 57.7235 39.3573 23.1948 18.3848 48.3011 41.7612 43.1741 17.4929 55.7315 4.4721 28.4605 37.4433 52.811 54.0833 58.1893 7.6158 54.4243 52.4023 25.2389 61.9112 73.1095 11.7047 38.4187 30.4138 22.8035 12.0416 47.7598 20.2485 71.1126 43.0813 
50.5964 3.6056 79.9062 54.9181 20.6155 11.4018 41.8808 53.8516 17.8885 75.2861 30.0666 19.8494 62.3699 40.3113 31.6228 10.6301 55.6058 0.0 37.2156 13.6015 55.0818 55.0 62.3618 42.4382 29.0689 65.0692 44.2719 28.1603 16.9706 36.6742 58.1893 60.4152 70.8378 19.2094 30.4138 27.6586 17.4929 75.0 30.8869 5.3852 18.3848 10.2956 59.1354 62.3618 7.8102 3.1623 18.0278 39.5601 52.2398 24.0208 62.0322 52.7731 73.8783 63.0079 23.7697 46.1736 24.0832 51.8652 27.313 60.0 53.4603 56.5155 18.0278 32.573 32.6497 54.2033 30.2324 5.099 79.9312 9.2195 22.2036 65.7951 17.2047 25.5539 34.0 66.0379 18.0278 73.5527 20.2237 28.6356 
74.2496 35.0143 63.2456 35.171 37.0135 30.4138 41.4367 27.2947 49.2443 62.9682 7.2801 53.4883 46.0977 34.2053 9.2195 45.0999 38.6394 37.2156 0.0 49.4773 68.0955 37.6563 26.4197 41.1096 58.3095 50.01 68.6804 10.7703 26.2488 3.1623 29.2062 23.7697 57.8705 31.4006 22.6716 27.2029 53.6004 54.1295 21.4709 39.0128 54.0833 46.8722 22.0 31.1448 43.9318 38.6394 50.6952 7.0711 15.0333 47.2017 27.6586 62.6099 61.8142 55.0 15.8114 59.9083 44.8219 47.676 56.0803 41.4849 19.4165 63.6946 47.8539 58.6003 20.8087 32.573 17.6918 32.1403 62.6259 46.3897 43.8634 50.2195 26.9258 22.6716 21.1896 43.382 43.909 58.6941 57.4282 9.2195 
40.3113 17.0294 83.2346 61.0983 21.9545 24.7588 43.4166 62.1691 8.544 77.3369 42.2019 7.2801 66.7308 44.2945 44.7772 15.2971 60.8358 13.6015 49.4773 0.0 49.0408 60.4152 75.2728 44.2041 18.1108 68.7968 34.1321 41.2311 30.4795 49.3356 66.9104 73.0821 73.4098 24.0416 43.9318 33.5261 4.1231 80.0625 38.6394 15.8114 16.1555 3.6056 71.0211 71.5681 5.831 11.1803 7.0711 52.5547 64.3273 18.868 75.2396 48.3322 75.9276 64.4438 37.1214 40.8534 20.6155 53.1507 17.0 65.307 64.0078 52.7731 10.2956 23.0217 46.2277 61.0328 43.8292 18.3576 83.4865 6.3246 31.0483 69.6419 25.0799 33.3766 41.7732 72.2357 14.1421 76.6094 10.2956 41.4367 
20.2485 58.0086 54.0093 49.7393 36.3456 64.1249 28.2843 58.6003 40.5216 45.0999 63.0714 43.0813 46.1736 36.0694 70.3847 62.9682 46.0652 55.0818 68.0955 49.0408 0.0 46.5296 91.8314 29.0 33.121 45.1221 21.4009 67.4166 67.6018 70.2353 63.2456 88.0909 44.0454 41.0 78.339 41.1461 49.3964 57.8705 46.6476 60.208 65.146 51.4198 81.3449 68.5055 50.8035 52.1536 42.0595 74.7061 77.4661 31.257 94.6256 6.7082 44.0454 34.2345 66.7608 9.0554 31.0161 28.6356 33.1059 48.8467 69.3109 10.0 39.0512 27.2947 79.1202 52.1536 75.2861 56.0357 55.0 54.3415 77.2334 46.0977 46.3249 46.0977 47.4342 56.648 37.2156 48.0416 56.8595 65.9242 
61.8466 55.3173 26.4197 3.6056 38.6264 55.9732 21.095 14.3178 54.7083 25.318 37.6962 59.7746 8.544 16.4924 45.2217 65.6049 1.0 55.0 37.6563 60.4152 46.5296 0.0 52.4976 20.0998 57.4282 12.3693 58.6941 44.3847 55.2178 40.7922 17.8045 48.3839 20.2237 36.7151 58.3095 27.4591 63.6946 20.0 24.7588 59.6657 72.9452 59.9416 39.9249 22.6274 57.3062 54.0833 56.921 44.4072 38.833 45.8912 56.7539 39.8246 24.1868 19.3132 47.4131 42.0595 42.9535 18.0278 55.5788 5.0 27.5136 38.0132 52.4976 54.037 57.2451 6.7082 53.4883 51.7397 26.0768 61.4003 72.3464 12.6491 37.8021 29.7321 22.0227 12.1655 47.4342 21.1896 70.6824 42.1545 
100.005 59.6657 73.0616 49.0408 63.2456 53.6004 63.8201 38.3275 75.5844 75.9539 33.541 79.7057 59.439 56.0357 30.8058 68.7314 53.4509 62.3618 26.4197 75.2728 91.8314 52.4976 0.0 63.2456 84.7231 63.3482 94.6414 34.2053 48.2597 26.0 36.3456 4.1231 71.1969 57.6888 38.2099 52.4023 79.3788 62.0 45.9674 63.1506 77.6466 72.4224 13.0384 34.0 69.5701 64.195 76.9675 22.8035 14.4222 73.4983 5.3852 85.8021 75.1332 71.7844 38.833 84.2912 71.0282 67.5352 82.4924 54.3415 25.0 85.9826 74.2428 84.8764 35.2278 45.8803 35.0 57.28 72.0278 71.5681 63.1981 63.1506 53.3385 48.4149 44.5982 52.1536 70.3278 70.5762 82.4621 33.8378 
42.0595 43.909 39.1152 22.561 22.6274 47.1699 1.0 30.0167 37.2156 33.2415 37.4833 42.0595 23.7697 7.2111 45.3982 52.8015 20.025 42.4382 41.1096 44.2041 29.0 20.0998 63.2456 0.0 38.0789 25.0799 38.6394 43.1045 48.5077 43.6807 34.8855 59.4054 29.2062 23.3238 56.0357 17.2627 46.8722 37.3631 20.2237 47.7074 58.6941 44.5982 52.4023 40.2492 42.4264 40.6079 39.4462 48.0833 48.8262 27.313 66.3702 22.6716 31.8277 20.6155 44.0454 22.8254 24.5967 9.434 36.4005 24.0208 40.3113 22.8254 34.9857 34.2345 56.0089 24.3516 52.0096 40.7063 39.4462 46.669 63.0714 26.0 26.9258 22.0907 19.9249 32.0 30.2324 32.45 54.4059 41.1947 
22.2036 32.6497 76.1577 59.1354 22.1359 40.3113 37.108 63.2851 11.1803 68.884 51.3128 11.0 61.8466 41.1096 56.0803 33.3766 57.5587 29.0689 58.3095 18.1108 33.121 57.4282 84.7231 38.0789 0.0 62.9365 16.0312 52.4976 45.4863 59.0762 68.3593 81.8841 65.7951 27.313 58.6003 34.9285 17.1172 75.4321 41.4849 32.8938 33.2415 21.3776 78.0 73.5527 22.1359 25.9422 11.4018 63.0079 72.0139 12.1655 85.703 34.0588 67.5352 55.9017 49.4975 26.2488 15.1327 45.31 2.2361 61.8142 68.6804 38.9487 11.4018 5.831 60.4401 60.0083 57.3847 32.45 76.6942 24.3311 49.0306 63.8905 31.3847 37.3363 44.1475 69.5845 14.4222 69.4622 24.0416 52.0096 
63.0714 65.7951 14.8661 15.0333 46.8722 67.2012 26.0 25.1794 62.1772 13.0384 49.98 67.082 4.0 24.8395 57.5674 75.6902 11.4018 65.0692 50.01 68.7968 45.1221 12.3693 63.3482 25.0799 62.9365 0.0 61.0737 56.648 66.888 53.1507 27.2029 59.2284 8.0 46.0977 70.5762 37.4833 71.6938 13.0 36.0555 70.0071 82.4621 68.8186 50.448 30.8707 66.4003 63.7809 64.4127 56.7186 50.2494 52.3927 67.897 38.6394 12.0 11.6619 59.5063 43.0116 49.6588 18.1108 61.3514 9.0554 38.4708 35.4401 59.9416 58.6941 69.5701 18.0 65.7875 62.2896 14.8661 70.6045 83.6002 1.0 48.1041 40.6079 33.6155 13.4536 55.0727 8.9443 79.0759 54.4243 
6.3246 47.7598 72.3671 61.1882 31.8277 55.1543 37.6563 67.6757 26.6833 64.0312 62.2254 27.0185 61.0082 43.9659 68.1175 49.366 58.5491 44.2719 68.6804 34.1321 21.4009 58.6941 94.6414 38.6394 16.0312 61.0737 0.0 64.6607 59.9333 70.0071 72.7324 91.4002 61.9839 37.4833 72.5603 42.4382 33.0151 74.0608 49.0918 48.5077 49.0918 37.3363 86.2844 78.1089 37.855 41.1096 27.2947 74.2496 81.0247 22.2036 96.3328 25.0799 62.8172 51.788 62.426 18.4391 24.0832 43.0116 17.2627 62.2896 75.591 29.9666 26.2488 11.7047 74.0945 62.8172 70.7248 47.0106 73.1642 40.3113 64.9384 62.0725 42.5206 46.2277 51.1077 70.3491 27.2947 65.9242 39.4588 63.7809 
70.6045 25.4951 70.6824 42.4853 33.0151 20.025 43.1856 36.2353 42.4382 69.2604 6.7082 46.1411 52.9245 37.0135 3.6056 35.0143 45.31 28.1603 10.7703 41.2311 67.4166 44.3847 34.2053 43.1045 52.4976 56.648 64.6607 0.0 15.5242 9.0554 38.8973 32.3883 64.195 27.4591 13.9284 26.6833 45.31 62.434 23.0 29.1548 44.0114 38.2753 32.249 41.4005 35.4683 30.0832 43.566 11.4018 25.1794 42.5206 34.0147 62.6418 68.0074 59.8415 5.099 58.6941 40.6079 51.0392 50.3289 48.7545 30.0167 64.5368 41.4005 53.7587 13.1529 40.3113 9.2195 23.0868 70.214 37.3631 33.1059 57.0088 22.2036 21.587 24.1868 51.8652 38.2099 65.5515 48.2701 2.2361 
66.2118 13.4536 81.5414 54.037 31.257 5.831 48.2701 49.679 34.4093 78.7147 20.5913 36.7967 63.5138 44.0114 18.1108 20.6155 56.0357 16.9706 26.2488 30.4795 67.6018 55.2178 48.2597 48.5077 45.4863 66.888 59.9333 15.5242 0.0 24.5153 53.0094 47.0106 73.8241 27.0 13.4536 31.3209 34.2053 74.5185 30.8869 15.6525 29.4279 27.0185 47.676 56.0803 24.7588 19.8494 34.8281 26.0192 40.6079 38.2753 47.0744 64.0703 77.3692 67.7791 10.4403 58.5491 37.3631 57.5674 43.566 60.0 45.1885 67.0075 34.1321 48.3011 15.8114 52.4023 13.9284 13.0384 81.2712 25.2389 18.0278 67.4166 22.0907 26.9258 33.2866 64.3817 32.6956 75.8024 35.3412 17.088 
75.6902 34.2345 66.4078 38.3275 38.2099 29.0689 43.9659 30.4138 49.6488 66.0984 7.8102 53.7122 49.2443 36.8782 6.7082 44.0 41.7732 36.6742 3.1623 49.3356 70.2353 40.7922 26.0 43.6807 59.0762 53.1507 70.0071 9.0554 24.5153 0.0 32.2025 23.7697 61.0 32.5576 19.799 29.1548 53.4509 57.2713 23.7697 38.0526 53.0 46.5725 23.1948 33.9411 43.6807 38.3275 50.9902 4.4721 16.1245 48.2701 26.6271 64.8845 64.9384 58.0086 14.1421 61.9112 46.0109 50.4876 56.8595 44.643 22.0227 66.1287 48.3735 59.6657 17.8045 35.7351 14.8661 31.5753 65.7875 45.8912 41.7852 53.3667 27.8029 24.4131 23.7697 46.5188 44.6542 61.8466 56.8859 8.0623 
76.6942 57.3847 37.054 14.2127 47.0 55.5698 35.7771 5.099 63.0714 39.6232 32.6497 68.1175 23.4094 28.7924 38.2884 68.1542 18.6011 58.1893 29.2062 66.9104 63.2456 17.8045 36.3456 34.8855 68.3593 27.2029 72.7324 38.8973 53.0094 32.2025 0.0 32.249 34.9285 43.1856 51.8556 34.0147 70.7107 26.4764 28.2843 61.8466 76.5506 65.5134 23.3452 5.3852 62.5859 58.2409 65.123 34.4819 24.1868 56.2228 41.1096 56.6127 38.833 36.7151 43.2782 57.7062 53.2353 35.3836 66.2722 18.3848 12.1655 55.3173 61.0328 66.0984 50.0 11.3137 46.8615 53.8516 36.1248 66.2193 71.0282 26.9258 41.9762 33.541 25.1794 16.0312 56.0089 34.2345 76.6877 36.7967 
96.6747 57.8705 69.029 44.9222 60.208 52.1536 60.0 34.2053 73.0068 71.8471 31.0161 77.2528 55.3173 52.2015 29.1548 67.2681 49.3356 60.4152 23.7697 73.0821 88.0909 48.3839 4.1231 59.4054 81.8841 59.2284 91.4002 32.3883 47.0106 23.7697 32.249 0.0 67.082 54.7083 37.855 49.0408 77.201 58.0086 42.5206 61.5224 76.2365 70.342 9.0 30.0167 67.4463 62.0967 74.4648 21.095 10.6301 70.4911 9.0554 82.0061 71.0211 67.6757 37.2156 80.6598 67.9559 63.5295 79.6492 50.2195 20.8806 82.0975 71.5891 81.8352 34.9285 41.7612 34.2345 55.3173 68.0074 69.6348 62.6498 59.0339 50.5371 45.2217 41.0122 48.0937 67.5352 66.4831 80.604 31.7805 
63.1981 71.8401 10.4403 23.0217 51.7397 73.7835 30.0 33.1361 66.2873 5.099 57.5674 71.0211 12.0 30.6105 65.2534 81.3941 19.2354 70.8378 57.8705 73.4098 44.0454 20.2237 71.1969 29.2062 65.7951 8.0 61.9839 64.195 73.8241 61.0 34.9285 67.082 0.0 51.6624 78.1089 43.6005 76.0263 15.2643 42.9418 75.9276 87.7268 73.7564 58.2495 38.2753 71.5052 69.3109 68.5055 64.6297 58.2151 56.0803 75.8024 38.0132 4.0 10.198 66.8506 43.566 53.535 20.5913 64.405 17.0294 46.3897 34.0588 64.0703 61.0983 77.201 26.0 73.3757 68.4105 11.1803 75.743 90.1388 8.0623 54.2033 47.1699 40.7185 20.1246 59.4054 4.0 83.6002 61.9839 
43.2782 20.5913 60.8769 37.1618 5.6569 24.5153 22.8254 38.3275 20.025 56.0803 24.7588 25.0 43.6005 21.2603 30.8058 29.7321 37.2156 19.2094 31.4006 24.0416 41.0 36.7151 57.6888 23.3238 27.313 46.0977 37.4833 27.4591 27.0 32.5576 43.1856 54.7083 51.6624 0.0 37.3631 9.4868 27.6586 56.6039 15.0 24.4131 36.4005 23.2594 50.6952 48.0416 20.5913 17.6918 22.0 36.7696 44.7214 15.8114 59.0339 37.1214 54.6717 43.8292 26.0 32.0156 13.4536 32.7567 25.0799 41.6773 41.7732 40.0125 18.1108 27.2029 38.2753 37.0 34.5398 17.4642 60.959 24.6982 39.9249 46.8615 5.3852 10.198 18.0278 48.3322 13.3417 54.4518 34.176 26.4008 
78.7718 26.9072 84.5813 56.3649 42.3792 19.2094 56.0089 49.6488 47.634 83.1685 20.6155 50.2096 66.8506 50.3587 13.6015 33.1059 59.2368 30.4138 22.6716 43.9318 78.339 58.3095 38.2099 56.0357 58.6003 70.5762 72.5603 13.9284 13.4536 19.799 51.8556 37.855 78.1089 37.3631 0.0 39.0128 47.634 76.1577 36.3456 28.8444 41.4367 40.4599 40.7185 53.7401 38.2099 33.2415 48.1664 18.868 34.0 50.5371 36.0139 74.1485 81.9085 73.5459 12.0 69.3758 49.2443 64.3817 56.6127 62.6498 41.7732 76.531 47.2017 61.0574 3.0 54.1202 5.0 26.2488 84.0952 38.6005 25.02 70.9366 32.0156 34.0 37.855 65.5134 45.2769 79.4796 48.3735 16.1555 
47.634 28.3196 52.345 27.7308 13.0384 30.4138 17.1172 29.0689 29.0689 48.2597 21.9317 34.1321 34.7131 13.0384 29.4109 38.2884 28.0179 27.6586 27.2029 33.5261 41.1461 27.4591 52.4023 17.2627 34.9285 37.4833 42.4382 26.6833 31.3209 29.1548 34.0147 49.0408 43.6005 9.4868 39.0128 0.0 37.108 47.4342 6.7082 32.5269 45.4863 32.6956 43.909 39.0128 29.9666 26.6271 31.1448 33.6155 38.6005 22.8035 54.4885 36.0555 46.8722 36.6742 27.0185 32.7567 19.9249 26.2488 32.7567 32.45 33.8378 37.855 27.0185 33.6155 39.2046 27.5136 35.2278 24.8395 52.3259 34.0 46.6476 38.1838 10.6301 5.099 9.2195 38.9102 22.0 46.0977 43.6578 25.0 
39.0128 20.8087 85.9826 64.5136 25.0799 28.4253 46.0435 65.9242 9.8995 79.8123 46.3249 6.3246 69.7711 47.4236 48.8467 17.4642 64.0781 17.4929 53.6004 4.1231 49.3964 63.6946 79.3788 46.8722 17.1172 71.6938 33.0151 45.31 34.2053 53.4509 70.7107 77.201 76.0263 27.6586 47.634 37.108 0.0 83.1925 42.4264 19.105 16.1245 7.2111 75.1332 75.4255 9.8489 15.2315 7.8102 56.648 68.4471 20.5183 79.3095 49.2443 78.4092 66.8431 41.1461 41.5933 22.6716 55.6058 16.4924 68.542 68.0294 53.8516 12.0416 22.561 50.0 64.56 47.7074 22.3607 86.2844 9.2195 33.2415 72.5603 29.0172 37.2156 45.5412 75.6108 16.6433 79.3221 7.8102 45.5412 
76.0592 75.2861 11.4018 20.5183 58.1378 75.6637 38.3275 26.9258 73.9256 17.6918 55.7584 78.924 13.6015 35.7771 62.6498 85.6037 19.4165 75.0 54.1295 80.0625 57.8705 20.0 62.0 37.3631 75.4321 13.0 74.0608 62.434 74.5185 57.2713 26.4764 58.0086 15.2643 56.6039 76.1577 47.4342 83.1925 0.0 44.5982 79.6492 92.9139 79.7559 49.0102 28.0 77.1751 74.0608 76.1577 60.1664 50.636 64.5136 67.0298 51.4782 17.6918 23.7697 66.0303 56.0089 61.6847 31.0644 73.7631 15.0 38.6394 48.0521 71.6938 71.3863 74.7061 22.2036 71.1969 71.7008 10.198 81.3019 91.9674 12.0 57.8014 49.679 41.7253 10.7703 66.7083 12.0416 90.3549 60.208 
54.2033 30.8058 50.8035 24.2074 19.4165 31.241 20.3961 23.5372 35.0143 47.8539 17.2627 40.0 32.8024 14.0357 25.1794 41.3401 25.4951 30.8869 21.4709 38.6394 46.6476 24.7588 45.9674 20.2237 41.4849 36.0555 49.0918 23.0 30.8869 23.7697 28.2843 42.5206 42.9418 15.0 36.3456 6.7082 42.4264 44.5982 0.0 35.2278 49.1935 37.3631 37.2156 33.0606 34.4819 30.4631 37.0 28.2312 32.0156 29.4109 48.2701 41.1461 46.5188 37.3631 24.5153 38.6005 26.5707 28.0713 39.2938 29.6985 27.2029 42.3792 33.0606 40.3113 36.0555 23.3238 32.0624 27.2029 50.6063 38.2753 47.634 36.6197 13.9284 5.3852 3.1623 35.2278 28.1603 44.9444 48.5077 21.0238 
54.8179 4.4721 84.8646 59.4054 26.0 9.8489 47.1699 57.6975 21.8403 80.4301 32.1403 22.8254 67.2086 45.3431 32.3883 6.3246 60.3075 5.3852 39.0128 15.8114 60.208 59.6657 63.1506 47.7074 32.8938 70.0071 48.5077 29.1548 15.6525 38.0526 61.8466 61.5224 75.9276 24.4131 28.8444 32.5269 19.105 79.6492 35.2278 0.0 15.1327 12.2066 61.0082 65.7875 10.7703 8.0623 21.5407 40.4475 54.0 29.0172 62.3618 58.0517 79.0253 68.2422 24.3311 51.3517 29.2746 57.1402 31.3209 64.6607 56.2939 61.8466 22.3607 36.8782 31.3847 58.5235 29.5466 8.0623 84.8528 9.8995 17.0294 70.7107 21.9317 30.0 38.2753 70.4557 23.0217 78.5684 19.6977 30.0167 
55.0091 19.4165 97.1854 73.0616 36.0694 24.0832 58.0 72.2357 24.6982 91.9239 47.2652 22.3607 80.0 57.6281 47.0956 9.0 73.4983 18.3848 54.0833 16.1555 65.146 72.9452 77.6466 58.6941 33.2415 82.4621 49.0918 44.0114 29.4279 53.0 76.5506 76.2365 87.7268 36.4005 41.4367 45.4863 16.1245 92.9139 49.1935 15.1327 0.0 14.4222 76.0592 80.6536 16.2788 18.868 23.0868 55.1453 69.029 34.8855 76.4853 64.4748 90.5097 79.2465 39.0512 57.0088 36.3593 67.9412 32.5576 77.9359 71.3863 68.8767 26.4008 38.6394 44.2719 72.4707 43.1741 22.8035 97.3088 12.0416 20.5183 83.2406 35.3553 43.8292 52.3259 84.22 29.6816 90.6863 10.4403 45.0111 
43.566 13.6015 83.4086 60.4152 22.0227 21.2603 43.8634 60.8769 11.0454 77.8332 39.6232 10.7703 66.5733 44.1022 41.7852 12.0416 60.4152 10.2956 46.8722 3.6056 51.4198 59.9416 72.4224 44.5982 21.3776 68.8186 37.3363 38.2753 27.0185 46.5725 65.5134 70.342 73.7564 23.2594 40.4599 32.6956 7.2111 79.7559 37.3631 12.2066 14.4222 0.0 68.593 70.0357 3.0 8.2462 10.0499 49.6488 61.8142 20.6155 72.2357 50.3289 76.4199 65.0538 34.0147 43.0116 21.9545 53.7401 20.0998 64.8845 62.0322 54.626 12.3693 26.0192 42.8019 60.1664 40.4969 15.2315 83.6002 3.0 27.6586 69.6348 23.5372 32.0156 40.5216 71.5891 15.2643 76.8375 11.1803 38.6005 
91.2634 57.0088 60.0333 36.4005 55.9464 52.2398 53.0754 25.632 69.9214 62.9682 29.0689 74.4648 46.5725 45.2769 29.6142 67.0671 40.8534 59.1354 22.0 71.0211 81.3449 39.9249 13.0384 52.4023 78.0 50.448 86.2844 32.249 47.676 23.1948 23.3452 9.0 58.2495 50.6952 40.7185 43.909 75.1332 49.0102 37.2156 61.0082 76.0592 68.593 0.0 21.0238 65.6201 60.407 71.5681 22.1359 7.0711 66.2118 18.0278 75.0733 62.1691 59.2368 37.3363 74.3303 63.5059 55.7584 75.7694 41.4849 12.53 74.8131 68.3081 77.3692 38.0132 33.2415 36.4005 54.0833 59.0085 68.2642 64.56 50.2195 47.1275 40.7185 35.2278 39.1152 63.9062 57.5587 79.3095 31.0644 
82.0792 61.3514 39.1152 19.105 52.0384 59.0339 41.1461 10.4403 68.0074 42.72 35.5106 73.0274 27.2947 34.176 40.3609 72.111 23.3452 62.3618 31.1448 71.5681 68.5055 22.6274 34.0 40.2492 73.5527 30.8707 78.1089 41.4005 56.0803 33.9411 5.3852 30.0167 38.2753 48.0416 53.7401 39.0128 75.4255 28.0 33.0606 65.7875 80.6536 70.0357 21.0238 0.0 67.082 62.5859 70.0286 35.609 23.4094 61.4003 39.0512 61.8547 42.0595 41.0488 46.0435 63.0635 58.4209 40.4599 71.4493 22.4722 12.2066 60.4401 66.0 71.3863 51.6624 16.4012 48.7955 57.8705 38.0526 70.6116 74.0945 30.4631 46.5296 38.2099 30.0167 18.4391 61.0082 37.108 81.2158 39.4081 
44.1475 11.3137 81.0555 57.6975 19.799 19.105 41.7253 57.9741 11.1803 75.6637 36.6742 12.2066 64.0703 41.6173 39.0 12.1655 57.8014 7.8102 43.9318 5.831 50.8035 57.3062 69.5701 42.4264 22.1359 66.4003 37.855 35.4683 24.7588 43.6807 62.5859 67.4463 71.5052 20.5913 38.2099 29.9666 9.8489 77.1751 34.4819 10.7703 16.2788 3.0 65.6201 67.082 0.0 5.3852 10.7703 46.8188 58.8558 19.6469 69.4622 49.3356 74.2496 62.9682 31.305 42.2019 20.6155 51.6624 20.6155 62.2656 59.0339 53.4883 12.0 26.3059 40.4599 57.3847 38.0132 12.53 81.2158 4.2426 27.1662 67.2012 20.6155 29.1204 37.6431 68.8767 13.9284 74.5185 14.1421 35.7351 
47.4342 6.7082 78.5684 54.2033 18.3576 14.4222 40.0 53.7587 14.7648 73.6614 31.4006 16.9706 61.2209 38.9487 33.6155 12.2066 54.6443 3.1623 38.6394 11.1803 52.1536 54.0833 64.195 40.6079 25.9422 63.7809 41.1096 30.0832 19.8494 38.3275 58.2409 62.0967 69.3109 17.6918 33.2415 26.6271 15.2315 74.0608 30.4631 8.0623 18.868 8.2462 60.407 62.5859 5.3852 0.0 15.0 41.4367 53.6004 21.0 64.0781 50.01 72.2496 61.2209 25.9422 43.2897 21.2132 50.0 24.1661 59.0762 54.1479 53.8516 14.8661 29.4109 35.3836 53.6656 32.8024 7.2111 78.6448 8.0623 25.0799 64.5368 16.5529 25.0799 33.6155 65.3682 15.0 72.1388 19.0 30.3645 
33.541 21.6333 78.5493 57.9741 18.4391 29.4109 38.5876 60.208 2.2361 72.2011 43.4626 3.0 62.6498 40.4969 47.1699 22.0907 57.2451 18.0278 50.6952 7.0711 42.0595 56.921 76.9675 39.4462 11.4018 64.4127 27.2947 43.566 34.8281 50.9902 65.123 74.4648 68.5055 22.0 48.1664 31.1448 7.8102 76.1577 37.0 21.5407 23.0868 10.0499 71.5681 70.0286 10.7703 15.0 0.0 54.5894 65.146 12.7279 77.4145 41.5933 70.8025 59.203 40.0 34.0147 15.0 48.0104 10.0499 61.6847 63.5059 46.1411 4.4721 16.0 50.2096 58.2495 47.4236 21.9317 78.8923 13.0384 37.6563 65.2993 24.5153 32.0624 40.0125 68.9638 9.4868 71.8679 15.6205 43.4166 
79.9812 36.8782 69.6419 41.7732 42.4264 31.0644 48.3839 33.2415 53.3385 69.7209 12.0416 57.2451 52.7731 41.2311 8.0623 46.1736 45.3982 39.5601 7.0711 52.5547 74.7061 44.4072 22.8035 48.0833 63.0079 56.7186 74.2496 11.4018 26.0192 4.4721 34.4819 21.095 64.6297 36.7696 18.868 33.6155 56.648 60.1664 28.2312 40.4475 55.1453 49.6488 22.1359 35.609 46.8188 41.4367 54.5894 0.0 15.2315 52.4023 22.8254 69.3542 68.593 62.0081 16.1245 66.3702 50.2096 54.7449 60.803 48.0521 23.4307 70.5762 52.1536 63.7809 16.4012 39.0512 14.3178 34.4819 68.9638 48.7647 42.45 56.8859 31.8904 28.8444 28.1603 49.3964 48.6004 65.307 59.6657 11.1803 
86.2148 50.04 61.2046 35.5106 50.1199 45.1774 49.4065 25.0799 63.5689 63.1269 22.2036 68.0074 46.2709 41.6173 22.561 60.0333 39.8121 52.2398 15.0333 64.3273 77.4661 38.833 14.4222 48.8262 72.0139 50.2494 81.0247 25.1794 40.6079 16.1245 24.1868 10.6301 58.2151 44.7214 34.0 38.6005 68.4471 50.636 32.0156 54.0 69.029 61.8142 7.0711 23.4094 58.8558 53.6004 65.146 15.2315 0.0 60.4152 18.0278 71.4003 62.2013 57.9741 30.2655 70.0357 57.8014 53.2259 69.7782 41.1947 12.0416 71.5612 62.0322 71.6938 31.3847 32.3883 29.5466 47.1699 60.2993 61.4003 57.5674 50.1597 40.8534 34.9857 30.4138 40.1995 57.7754 58.0086 72.4431 24.0208 
28.3019 27.1662 66.242 47.3814 10.2956 33.9559 26.4008 51.1566 10.6301 59.6406 40.4599 15.0 50.9215 29.4279 46.0109 31.7805 46.0977 24.0208 47.2017 18.868 31.257 45.8912 73.4983 27.313 12.1655 52.3927 22.2036 42.5206 38.2753 48.2701 56.2228 70.4911 56.0803 15.8114 50.5371 22.8035 20.5183 64.5136 29.4109 29.0172 34.8855 20.6155 66.2118 61.4003 19.6469 21.0 12.7279 52.4023 60.4152 0.0 74.8131 29.7321 58.2495 46.6154 40.2244 22.561 3.0 35.5106 10.0499 50.448 56.6127 34.0147 8.6023 11.4018 51.9711 48.0937 48.5489 25.7099 66.6483 23.4094 46.0435 53.3104 20.5183 25.4951 32.0156 58.0517 6.0 59.5399 28.3196 41.7253 
101.8627 59.1354 78.0064 53.3667 64.6607 52.6308 66.888 42.7551 76.1577 80.6226 34.4093 80.0625 63.9531 59.1692 30.4631 67.6831 57.7235 62.0322 27.6586 75.2396 94.6256 56.7539 5.3852 66.3702 85.703 67.897 96.3328 34.0147 47.0744 26.6271 41.1096 9.0554 75.8024 59.0339 36.0139 54.4885 79.3095 67.0298 48.2701 62.3618 76.4853 72.2357 18.0278 39.0512 69.4622 64.0781 77.4145 22.8254 18.0278 74.8131 0.0 88.7525 79.7621 75.9605 38.2753 86.8332 72.4707 71.1758 83.4865 58.8558 29.4279 89.1852 74.9466 86.2148 33.0151 50.2195 33.3766 57.0088 77.0 71.1688 61.0 67.7422 54.4059 50.2096 47.2017 57.0351 71.2811 75.326 81.9085 34.0 
25.318 55.4437 48.1664 43.0465 33.0151 61.0328 22.0227 52.0096 39.8121 39.4588 57.9396 43.0465 39.5601 29.8329 65.4599 61.4003 39.3573 52.7731 62.6099 48.3322 6.7082 39.8246 85.8021 22.6716 34.0588 38.6394 25.0799 62.6418 64.0703 64.8845 56.6127 82.0061 38.0132 37.1214 74.1485 36.0555 49.2443 51.4782 41.1461 58.0517 64.4748 50.3289 75.0733 61.8547 49.3356 50.01 41.5933 69.3542 71.4003 29.7321 88.7525 0.0 38.3275 28.0179 62.3699 7.8102 28.8617 21.9317 33.6006 42.1545 62.9365 5.0 38.0789 28.3196 74.7329 45.4863 70.8308 53.1507 49.0918 53.1413 74.9667 39.6232 42.2966 41.1096 41.6773 49.98 35.4401 42.0119 56.9386 61.0328 
63.6396 75.0 10.0499 27.0185 54.4518 77.1751 32.5576 37.1214 68.6003 1.4142 61.4003 73.2393 16.0 33.8378 69.1231 84.386 23.1948 73.8783 61.8142 75.9276 44.0454 24.1868 75.1332 31.8277 67.5352 12.0 62.8172 68.0074 77.3692 64.9384 38.833 71.0211 4.0 54.6717 81.9085 46.8722 78.4092 17.6918 46.5188 79.0253 90.5097 76.4199 62.1691 42.0595 74.2496 72.2496 70.8025 68.593 62.2013 58.2495 79.7621 38.3275 0.0 11.6619 70.5762 44.3847 55.8032 22.8035 66.242 21.0238 50.3587 34.0588 66.4003 62.6498 81.0432 30.0 77.201 71.6101 11.1803 78.492 93.4933 12.0416 57.4282 50.6063 44.3847 23.7697 61.8466 5.6569 86.0523 65.8027 
53.0848 64.3506 20.6155 22.8473 43.1856 67.082 21.2603 33.6155 57.0088 13.0384 53.4603 61.6117 14.1421 23.7697 61.4003 73.4098 18.3848 63.0079 55.0 64.4438 34.2345 19.3132 71.7844 20.6155 55.9017 11.6619 51.788 59.8415 67.7791 58.0086 36.7151 67.6757 10.198 43.8292 73.5459 36.6742 66.8431 23.7697 37.3631 68.2422 79.2465 65.0538 59.2368 41.0488 62.9682 61.2209 59.203 62.0081 57.9741 46.6154 75.9605 28.0179 11.6619 0.0 61.8466 33.3766 44.2041 11.3137 54.5894 18.6011 46.8188 24.3311 54.8179 51.0784 72.9932 26.0 69.0507 61.0574 21.3776 67.2086 83.2406 12.53 47.0106 40.8534 35.6931 24.8395 50.3289 14.1421 74.5185 57.7062 
68.5055 20.8806 73.8241 45.793 31.305 15.0 44.0114 40.3113 39.0512 71.8679 10.6301 42.4382 55.9017 38.4708 8.0623 30.0666 48.3011 23.7697 15.8114 37.1214 66.7608 47.4131 38.833 44.0454 49.4975 59.5063 62.426 5.099 10.4403 14.1421 43.2782 37.2156 66.8506 26.0 12.0 27.0185 41.1461 66.0303 24.5153 24.3311 39.0512 34.0147 37.3363 46.0435 31.305 25.9422 40.0 16.1245 30.2655 40.2244 38.2753 62.3699 70.5762 61.8466 0.0 57.8705 38.5876 52.469 47.3814 51.9711 34.8855 64.6297 38.2099 51.225 12.3693 43.8292 8.544 18.7883 73.4302 32.8938 28.178 59.9333 20.6155 22.0 26.2488 55.6058 35.4683 68.4471 43.6807 6.7082 
20.0998 49.0408 53.9351 44.9444 27.2947 55.0818 21.9545 52.8394 32.311 45.607 54.5894 35.3553 43.2897 29.4109 61.7414 54.3415 41.7612 46.1736 59.9083 40.8534 9.0554 42.0595 84.2912 22.8254 26.2488 43.0116 18.4391 58.6941 58.5491 61.9112 57.7062 80.6598 43.566 32.0156 69.3758 32.7567 41.5933 56.0089 38.6005 51.3517 57.0088 43.0116 74.3303 63.0635 42.2019 43.2897 34.0147 66.3702 70.0357 22.561 86.8332 7.8102 44.3847 33.3766 57.8705 0.0 22.0907 25.1794 25.807 45.1221 62.6259 12.7279 30.6757 20.5183 70.214 47.0106 66.4078 47.0106 54.7449 45.8803 68.3593 44.0114 37.3631 37.5899 39.6989 53.1507 28.4429 47.5184 49.2443 57.2713 
30.0 27.0 63.6318 44.4072 7.8102 33.3766 23.7065 48.1664 12.8062 57.2014 38.2099 17.4929 48.1041 26.4764 44.0454 32.573 43.1741 24.0832 44.8219 20.6155 31.0161 42.9535 71.0282 24.5967 15.1327 49.6588 24.0832 40.6079 37.3631 46.0109 53.2353 67.9559 53.535 13.4536 49.2443 19.9249 22.6716 61.6847 26.5707 29.2746 36.3593 21.9545 63.5059 58.4209 20.6155 21.2132 15.0 50.2096 57.8014 3.0 72.4707 28.8617 55.8032 44.2041 38.5876 22.0907 0.0 33.0151 13.0384 47.5395 53.7587 32.8938 10.6301 13.8924 50.5371 45.0999 47.0106 25.1794 64.0078 24.5967 46.2709 50.5668 18.4391 22.8254 29.1204 55.109 6.7082 56.9386 30.4138 39.6989 
45.2769 53.3385 30.8707 21.4009 31.8904 56.4624 10.0 31.1448 45.8039 24.2074 45.0111 50.4777 18.1108 14.0357 53.0094 62.2013 17.4929 51.8652 47.676 53.1507 28.6356 18.0278 67.5352 9.434 45.31 18.1108 43.0116 51.0392 57.5674 50.4876 35.3836 63.5295 20.5913 32.7567 64.3817 26.2488 55.6058 31.0644 28.0713 57.1402 67.9412 53.7401 55.7584 40.4599 51.6624 50.0 48.0104 54.7449 53.2259 35.5106 71.1758 21.9317 22.8035 11.3137 52.469 25.1794 33.0151 0.0 43.8634 20.2485 43.2666 20.0 43.6005 40.8044 64.1249 24.0832 60.1332 50.1199 31.3847 55.9017 72.45 19.105 36.2491 30.8058 27.0185 28.1603 39.0512 24.1661 63.2535 49.0102 
23.5372 30.8707 74.7329 57.2189 19.9249 38.4708 35.4401 61.2046 9.4868 67.6018 49.0918 10.198 60.1664 39.2046 53.9073 32.1403 55.7315 27.313 56.0803 17.0 33.1059 55.5788 82.4924 36.4005 2.2361 61.3514 17.2627 50.3289 43.566 56.8595 66.2722 79.6492 64.405 25.0799 56.6127 32.7567 16.4924 73.7631 39.2938 31.3209 32.5576 20.0998 75.7694 71.4493 20.6155 24.1661 10.0499 60.803 69.7782 10.0499 83.4865 33.6006 66.242 54.5894 47.3814 25.807 13.0384 43.8634 0.0 60.0167 66.4831 38.4187 9.434 6.0828 58.4123 58.0345 55.3173 30.5287 75.2396 23.0868 47.676 62.2977 29.1548 35.1141 41.9762 67.7422 12.2066 68.0294 23.7697 49.8197 
65.1153 60.3075 21.9317 6.3246 43.4626 60.8769 25.02 16.1245 59.4643 22.0 42.0476 64.5136 5.099 21.1896 49.3964 70.6045 4.4721 60.0 41.4849 65.307 48.8467 5.0 54.3415 24.0208 61.8142 9.0554 62.2896 48.7545 60.0 44.643 18.3848 50.2195 17.0294 41.6773 62.6498 32.45 68.542 15.0 29.6985 64.6607 77.9359 64.8845 41.4849 22.4722 62.2656 59.0762 61.6847 48.0521 41.1947 50.448 58.8558 42.1545 21.0238 18.6011 51.9711 45.1221 47.5395 20.2485 60.0167 0.0 29.4279 39.8246 57.2451 58.2151 61.4654 9.0554 57.7754 56.7274 21.4709 66.3702 77.2334 9.0 42.8019 34.7131 26.9072 8.0623 52.2015 17.2627 75.5844 46.5188 
80.2621 51.9711 49.163 24.0416 46.5725 48.7032 41.0366 13.3417 61.6604 51.2445 24.6982 66.4831 34.5254 33.3017 28.6007 62.5859 28.4605 53.4603 19.4165 64.0078 69.3109 27.5136 25.0 40.3113 68.6804 38.4708 75.591 30.0167 45.1885 22.0227 12.1655 20.8806 46.3897 41.7732 41.7732 33.8378 68.0294 38.6394 27.2029 56.2939 71.3863 62.0322 12.53 12.2066 59.0339 54.1479 63.5059 23.4307 12.0416 56.6127 29.4279 62.9365 50.3587 46.8188 34.8855 62.6259 53.7587 43.2666 66.4831 29.4279 0.0 62.482 59.8415 67.4166 39.598 20.8806 36.8782 48.6621 48.2597 62.2013 63.0635 38.3275 39.1152 31.5753 24.6982 28.1603 55.109 46.0435 73.1095 28.178 
29.8329 59.0339 44.0114 41.4005 36.3456 64.2806 22.3607 50.9313 44.2945 35.1283 59.4811 47.7074 36.7696 30.0167 67.1863 65.4599 37.4433 56.5155 63.6946 52.7731 10.0 38.0132 85.9826 22.8254 38.9487 35.4401 29.9666 64.5368 67.0075 66.1287 55.3173 82.0975 34.0588 40.0125 76.531 37.855 53.8516 48.0521 42.3792 61.8466 68.8767 54.626 74.8131 60.4401 53.4883 53.8516 46.1411 70.5762 71.5612 34.0147 89.1852 5.0 34.0588 24.3311 64.6297 12.7279 32.8938 20.0 38.4187 39.8246 62.482 0.0 42.4853 33.2415 76.9415 44.0454 72.9932 56.5685 45.0 57.3847 78.6448 36.4005 45.0111 42.9535 42.5441 47.4236 39.5601 38.0526 61.5873 62.8172 
32.573 21.5407 74.0945 53.6004 14.1421 29.0689 34.1321 56.0803 2.2361 67.8012 40.7063 7.2801 58.1808 36.0555 45.0 24.0832 52.811 18.0278 47.8539 10.2956 39.0512 52.4976 74.2428 34.9857 11.4018 59.9416 26.2488 41.4005 34.1321 48.3735 61.0328 71.5891 64.0703 18.1108 47.2017 27.0185 12.0416 71.6938 33.0606 22.3607 26.4008 12.3693 68.3081 66.0 12.0 14.8661 4.4721 52.1536 62.0322 8.6023 74.9466 38.0789 66.4003 54.8179 38.2099 30.6757 10.6301 43.6005 9.434 57.2451 59.8415 42.4853 0.0 14.5602 49.0408 53.9351 46.0109 21.095 74.4312 15.2971 39.1152 60.8276 21.1896 28.2843 36.0139 64.56 5.099 67.4166 19.799 41.0488 
18.0278 36.0555 71.5122 56.0089 21.6333 43.4626 33.2415 61.0 15.1327 63.9766 51.8556 16.2788 57.8705 38.0526 57.28 38.0526 54.0833 32.573 58.6003 23.0217 27.2947 54.037 84.8764 34.2345 5.831 58.6941 11.7047 53.7587 48.3011 59.6657 66.0984 81.8352 61.0983 27.2029 61.0574 33.6155 22.561 71.3863 40.3113 36.8782 38.6394 26.0192 77.3692 71.3863 26.3059 29.4109 16.0 63.7809 71.6938 11.4018 86.2148 28.3196 62.6498 51.0784 51.225 20.5183 13.8924 40.8044 6.0828 58.2151 67.4166 33.2415 14.5602 0.0 62.6817 57.1402 59.4054 35.3412 72.111 29.0172 53.4603 59.6657 31.8904 36.7151 42.72 66.1211 15.8114 64.846 29.7321 53.0377 
