10
0.0 6.4031 5.831 4.2426 10.0 8.0623 2.2361 4.1231 5.0 2.2361 
6.4031 0.0 7.0 7.2801 3.6056 5.831 7.2111 3.1623 2.0 8.4853 
5.831 7.0 0.0 2.0 9.4868 3.6056 4.1231 4.1231 7.2801 6.0828 
4.2426 7.2801 2.0 0.0 10.2956 5.3852 2.2361 4.1231 7.0 4.1231 
10.0 3.6056 9.4868 10.2956 0.0 7.0 10.6301 6.4031 5.3852 12.0416 
8.0623 5.831 3.6056 5.3852 7.0 0.0 7.0711 4.4721 7.0711 9.0554 
2.2361 7.2111 4.1231 2.2361 10.6301 7.0711 0.0 4.2426 6.3246 2.0 
4.1231 3.1623 4.1231 4.1231 6.4031 4.4721 4.2426 0.0 3.1623 5.831 
5.0 2.0 7.2801 7.0 5.3852 7.0711 6.3246 3.1623 0.0 7.2111 
2.2361 8.4853 6.0828 4.1231 12.0416 9.0554 2.0 5.831 7.2111 0.0 
