20
0.0 11.7047 14.3178 7.8102 17.6918 15.6205 13.0384 4.4721 5.6569 5.831 5.099 10.2956 7.2111 21.9317 5.0 16.0312 21.2132 19.105 5.0 16.2788 
11.7047 0.0 10.198 18.868 16.1245 14.0357 5.3852 7.2801 7.0 6.0828 15.0 9.2195 18.0278 20.3961 14.0 23.3238 19.4165 17.2627 7.2111 24.4131 
14.3178 10.198 0.0 18.0 6.0 4.1231 5.0 12.0416 13.4536 12.0416 14.0357 4.1231 17.0 10.198 18.868 17.2047 9.2195 7.0711 10.0 18.868 
7.8102 18.868 18.0 0.0 18.9737 17.4642 18.6815 12.0416 13.4536 13.4536 4.1231 14.0357 1.0 22.3607 10.198 10.7703 21.9317 20.2485 11.6619 10.198 
17.6918 16.1245 6.0 18.9737 0.0 2.2361 11.0 16.6433 18.3576 17.0 15.6525 8.0623 18.0278 4.4721 22.6274 14.5602 3.6056 1.4142 14.4222 16.4924 
15.6205 14.0357 4.1231 17.4642 2.2361 0.0 9.0554 14.4222 16.1245 14.7648 13.9284 5.831 16.4924 6.7082 20.5183 14.3178 5.831 3.6056 12.2066 16.1555 
13.0384 5.3852 5.0 18.6815 11.0 9.0554 0.0 9.4868 10.2956 8.9443 14.5602 5.6569 17.72 15.1327 16.7631 20.5183 14.1421 12.0416 8.0623 21.9317 
4.4721 7.2801 12.0416 12.0416 16.6433 14.4222 9.4868 0.0 2.0 1.4142 8.6023 8.6023 11.3137 21.095 7.2801 18.6815 20.2485 18.0278 2.2361 19.3132 
5.6569 7.0 13.4536 13.4536 18.3576 16.1245 10.2956 2.0 0.0 1.4142 10.2956 10.2956 12.8062 22.8254 7.0 20.6155 21.9545 19.7231 4.1231 21.1896 
5.831 6.0828 12.0416 13.4536 17.0 14.7648 8.9443 1.4142 1.4142 0.0 10.0 8.9443 12.7279 21.4709 8.0623 19.9249 20.5913 18.3576 3.0 20.6155 
5.099 15.0 14.0357 4.1231 15.6525 13.9284 14.5602 8.6023 10.2956 10.0 0.0 10.0 3.1623 19.4165 9.2195 11.0 18.868 17.0 7.8102 11.1803 
10.2956 9.2195 4.1231 14.0357 8.0623 5.831 5.6569 8.6023 10.2956 8.9443 10.0 0.0 13.0384 12.53 15.0 14.8661 11.6619 9.434 6.4031 16.2788 
7.2111 18.0278 17.0 1.0 18.0278 16.4924 17.72 11.3137 12.8062 12.7279 3.1623 13.0384 0.0 21.4709 10.0499 10.4403 21.0238 19.3132 10.8167 10.0499 
21.9317 20.3961 10.198 22.3607 4.4721 6.7082 15.1327 21.095 22.8254 21.4709 19.4165 12.53 21.4709 0.0 26.9072 16.0 1.0 3.1623 18.868 18.0 
5.0 14.0 18.868 10.198 22.6274 20.5183 16.7631 7.2801 7.0 8.0623 9.2195 15.0 10.0499 26.9072 0.0 20.0998 26.1725 24.0416 8.9443 20.0 
16.0312 23.3238 17.2047 10.7703 14.5602 14.3178 20.5183 18.6815 20.6155 19.9249 11.0 14.8661 10.4403 16.0 20.0998 0.0 16.0312 15.2971 17.088 2.0 
21.2132 19.4165 9.2195 21.9317 3.6056 5.831 14.1421 20.2485 21.9545 20.5913 18.868 11.6619 21.0238 1.0 26.1725 16.0312 0.0 2.2361 18.0278 18.0278 
19.105 17.2627 7.0711 20.2485 1.4142 3.6056 12.0416 18.0278 19.7231 18.3576 17.0 9.434 19.3132 3.1623 24.0416 15.2971 2.2361 0.0 15.8114 17.2627 
5.0 7.2111 10.0 11.6619 14.4222 12.2066 8.0623 2.2361 4.1231 3.0 7.8102 6.4031 10.8167 18.868 8.9443 17.088 18.0278 15.8114 0.0 17.8885 
16.2788 24.4131 18.868 10.198 16.4924 16.1555 21.9317 19.3132 21.1896 20.6155 11.1803 16.2788 10.0499 18.0 20.0 2.0 18.0278 17.2627 17.8885 0.0 
