10
0.0 9.0554 6.4031 4.4721 10.2956 5.831 4.0 4.0 5.831 1.0 
9.0554 0.0 6.4031 5.831 4.0 7.2111 5.099 10.2956 4.4721 8.0623 
6.4031 6.4031 0.0 2.2361 9.8489 9.2195 4.1231 5.0 7.0 5.6569 
4.4721 5.831 2.2361 0.0 8.6023 7.0711 2.0 4.4721 5.099 3.6056 
10.2956 4.0 9.8489 8.6023 0.0 6.0 7.0711 12.7279 4.4721 9.434 
5.831 7.2111 9.2195 7.0711 6.0 0.0 5.099 9.4868 2.8284 5.3852 
4.0 5.099 4.1231 2.0 7.0711 5.099 0.0 5.6569 3.1623 3.0 
4.0 10.2956 5.0 4.4721 12.7279 9.4868 5.6569 0.0 8.6023 4.1231 
5.831 4.4721 7.0 5.099 4.4721 2.8284 3.1623 8.6023 0.0 5.0 
1.0 8.0623 5.6569 3.6056 9.434 5.3852 3.0 4.1231 5.0 0.0 
