40
0.0 19.2354 21.5407 15.8114 19.4165 8.4853 25.2982 29.1548 3.6056 30.8058 29.0 10.2956 13.4164 29.0689 27.7849 12.7279 6.0828 28.8617 29.0689 17.0294 7.0711 9.4868 14.2127 6.7082 14.3178 25.2389 25.807 25.0799 26.6833 30.4138 9.0554 28.6531 21.0238 7.0711 12.0416 10.8167 12.8062 13.8924 9.2195 11.1803 
19.2354 0.0 38.2884 23.4094 25.7099 11.4018 7.0711 36.4966 22.8254 34.0147 29.2746 26.3059 32.6497 28.4429 45.2769 26.0 25.0799 38.3275 40.8534 8.0 12.6491 26.6833 32.8024 12.53 12.3693 30.1496 24.3311 13.6015 36.6879 30.4138 24.0832 34.1321 29.1204 12.8062 20.1246 8.544 21.0238 16.7631 23.0868 28.8617 
21.5407 38.2884 0.0 18.3848 19.4165 29.5296 42.5206 20.2485 18.6815 26.4764 29.0 25.02 14.5602 30.0167 7.2111 29.0172 19.105 17.0 13.4536 32.6497 28.178 23.0217 9.0554 26.9258 27.8029 22.0227 29.4279 37.5899 15.2315 30.0167 14.2127 22.561 17.0294 25.807 19.4165 31.0644 18.868 23.8537 27.074 22.2036 
15.8114 23.4094 18.3848 0.0 3.6056 19.2354 25.807 14.1421 16.2788 15.0 13.8924 25.4558 22.1359 14.3178 25.4951 28.4253 19.2094 15.1327 17.4642 16.1245 18.4391 24.0832 18.1108 16.2788 11.1803 9.434 12.1655 19.4165 13.3417 15.2643 8.9443 13.0 6.0 14.1421 4.1231 19.0 3.1623 6.7082 25.0 25.0 
19.4165 25.7099 19.4165 3.6056 0.0 22.561 27.2947 11.0 19.799 11.4018 10.7703 29.0 25.0799 11.4018 26.2488 32.0156 22.6716 12.6491 15.8114 18.0278 21.8403 27.5862 20.6155 19.6469 13.3417 5.831 10.0499 19.799 11.1803 12.083 12.2066 9.4868 3.6056 17.4642 7.6158 22.0907 6.7082 9.0554 28.6007 28.4253 
8.4853 11.4018 29.5296 19.2354 22.561 0.0 18.1108 33.3766 12.0416 33.2415 30.0167 15.0333 21.6333 29.6816 36.0555 15.2971 13.8924 34.0147 35.2278 12.083 1.4142 15.2971 22.6716 3.0 12.0416 28.1603 25.807 20.6155 32.0 31.3847 15.8114 32.0156 25.1794 5.099 15.1327 3.0 16.1245 14.3178 12.0416 17.4642 
25.2982 7.0711 42.5206 25.807 27.2947 18.1108 0.0 37.3363 28.7924 33.541 28.1603 33.1361 38.6264 27.074 49.679 33.0151 31.3209 39.8121 43.0465 9.8995 19.2354 33.3766 38.0789 18.6815 14.8661 30.6757 23.1948 10.0499 38.4708 29.0689 28.6007 34.4819 30.8869 18.3848 23.3452 15.1327 24.0832 19.2094 30.0167 35.5106 
29.1548 36.4966 20.2485 14.1421 11.0 33.3766 37.3363 0.0 28.6531 7.2801 12.2066 37.7359 31.1448 13.6015 25.1794 41.1825 31.0644 4.1231 9.2195 28.6356 32.5576 36.0555 25.6125 30.4138 24.1868 6.7082 15.6205 28.6531 5.099 12.53 20.5913 3.6056 8.2462 28.2843 18.2483 33.0606 17.2627 20.025 38.0132 36.4005 
3.6056 22.8254 18.6815 16.2788 19.799 12.0416 28.7924 28.6531 0.0 31.1448 30.0 9.2195 9.8489 30.2324 24.5967 12.53 3.1623 27.8568 27.4591 20.2237 10.6301 7.8102 10.8167 10.2956 17.0294 25.4951 27.2947 28.0 25.632 31.4006 8.0623 28.6007 20.8087 10.4403 13.0384 14.4222 13.6015 15.8114 9.4868 8.9443 
30.8058 34.0147 26.4764 15.0 11.4018 33.2415 33.541 7.2801 31.1448 0.0 5.831 40.3609 35.5106 7.2111 32.0156 43.4166 33.9411 11.4018 16.4924 26.0192 32.6956 38.8973 30.4138 30.4631 22.3607 5.6569 10.4403 24.0416 12.0416 5.6569 23.3452 4.0 10.8167 28.2312 18.868 32.28 18.0278 18.9737 40.0 39.6232 
29.0 29.2746 29.0 13.8924 10.7703 30.0167 28.1603 12.2066 30.0 5.831 0.0 39.0512 35.8469 1.4142 35.2278 41.7253 33.0151 16.1245 21.0238 21.3776 29.6816 37.8021 31.3209 27.4591 18.3848 7.0711 5.0 18.4391 16.1555 1.4142 22.8254 8.6023 12.0416 25.2389 17.0294 28.6356 16.4012 15.8114 38.1838 38.833 
10.2956 26.3059 25.02 25.4558 29.0 15.0333 33.1361 37.7359 9.2195 40.3609 39.0512 0.0 11.4018 39.2046 29.4279 4.0 6.7082 36.6742 35.7351 26.3059 14.0 2.0 16.0 15.1327 24.3516 34.7131 36.0555 34.7131 34.4384 40.4599 17.2047 37.8021 30.0 16.4924 22.0227 18.0278 22.6716 24.1868 3.6056 3.6056 
13.4164 32.6497 14.5602 22.1359 25.0799 21.6333 38.6264 31.1448 9.8489 35.5106 35.8469 11.4018 0.0 36.4005 18.1108 15.2971 7.8102 29.0689 26.9258 29.8329 20.2485 9.4868 5.831 20.1246 26.1725 30.0167 34.2053 37.2156 26.9072 37.1618 13.3417 32.2025 24.6982 20.2485 20.2237 24.1868 20.3961 24.0208 14.3178 8.0623 
29.0689 28.4429 30.0167 14.3178 11.4018 29.6816 27.074 13.6015 30.2324 7.2111 1.4142 39.2046 36.4005 0.0 36.3456 41.7732 33.2866 17.4929 22.3607 20.6155 29.4109 38.0132 32.0156 27.2029 17.8885 8.2462 4.1231 17.2627 17.4642 2.0 23.2594 10.0 13.0 25.0 17.2047 28.178 16.6433 15.6205 38.2099 39.1152 
27.7849 45.2769 7.2111 25.4951 26.2488 36.0555 49.679 25.1794 24.5967 32.0156 35.2278 29.4279 18.1108 36.3456 0.0 33.3766 24.3516 21.3776 16.7631 39.8246 34.6699 27.4591 13.9284 33.6006 35.0 28.1603 36.1386 44.7772 20.0998 36.1248 21.2132 28.0179 23.5372 32.6497 26.6271 37.8021 26.0768 31.0644 32.0156 26.1725 
12.7279 26.0 29.0172 28.4253 32.0156 15.2971 33.0151 41.1825 12.53 43.4166 41.7253 4.0 15.2971 41.7732 33.3766 0.0 10.4403 40.3113 39.5601 27.2029 14.5602 6.0 20.0 16.1555 25.9422 37.8021 38.4187 35.7351 38.0789 43.1393 20.5913 41.0488 33.2866 17.8885 24.7588 18.2483 25.4951 26.4008 3.6056 7.2801 
6.0828 25.0799 19.105 19.2094 22.6716 13.8924 31.3209 31.0644 3.1623 33.9411 33.0151 6.7082 7.8102 33.2866 24.3516 10.4403 0.0 29.9666 29.1204 23.0868 12.53 5.0 10.4403 12.6491 20.0998 28.2843 30.4138 31.0161 27.7308 34.4093 10.6301 31.241 23.4307 13.1529 16.1245 16.5529 16.6433 18.9737 8.0 5.831 
28.8617 38.3275 17.0 15.1327 12.6491 34.0147 39.8121 4.1231 27.8568 11.4018 16.1245 36.6742 29.0689 17.4929 21.3776 40.3113 29.9666 0.0 5.099 30.6757 33.0606 34.8855 23.3452 31.0161 25.9615 9.8995 19.105 31.6228 2.2361 16.5529 19.9249 7.6158 9.2195 29.0 19.0263 34.0588 18.0278 21.587 37.3363 34.9857 
29.0689 40.8534 13.4536 17.4642 15.8114 35.2278 43.0465 9.2195 27.4591 16.4924 21.0238 35.7351 26.9258 22.3607 16.7631 39.5601 29.1204 5.099 0.0 33.541 34.1321 33.8378 21.095 32.249 28.6356 14.4222 23.6008 35.4683 5.0 21.5407 20.025 12.6491 12.2066 30.4138 20.8806 35.6931 19.9249 24.1661 36.8782 33.6155 
17.0294 8.0 32.6497 16.1245 18.0278 12.083 9.8995 28.6356 20.2237 26.0192 21.3776 26.3059 29.8329 20.6155 39.8246 27.2029 23.0868 30.6757 33.541 0.0 12.6491 26.0768 28.6356 11.1803 5.0 22.2036 16.4924 8.544 29.1548 22.561 18.868 26.1725 21.5407 10.0 13.4536 9.434 14.2127 9.434 23.7697 28.0179 
7.0711 12.6491 28.178 18.4391 21.8403 1.4142 19.2354 32.5576 10.6301 32.6956 29.6816 14.0 20.2485 29.4109 34.6699 14.5602 12.53 33.0606 34.1321 12.6491 0.0 14.1421 21.2603 2.2361 12.0416 27.5136 25.6125 21.1896 31.0161 31.0644 14.5602 31.3209 24.3311 4.4721 14.3178 4.1231 15.2971 13.8924 11.1803 16.2788 
9.4868 26.6833 23.0217 24.0832 27.5862 15.2971 33.3766 36.0555 7.8102 38.8973 37.8021 2.0 9.4868 38.0132 27.4591 6.0 5.0 34.8855 33.8378 26.0768 14.1421 0.0 14.0 15.0 23.7697 33.2415 34.9857 34.3657 32.6497 39.2046 15.6205 36.2353 28.4253 16.1245 20.8087 18.2483 21.4009 23.2594 5.0 2.2361 
14.2127 32.8024 9.0554 18.1108 20.6155 22.6716 38.0789 25.6125 10.8167 30.4138 31.3209 16.0 5.831 32.0156 13.9284 20.0 10.4403 23.3452 21.095 28.6356 21.2603 14.0 0.0 20.5183 24.3516 25.0799 30.2655 35.171 21.2132 32.573 10.198 26.9258 19.6977 20.0 17.1172 24.7588 17.0294 21.3776 18.2483 13.1529 
6.7082 12.53 26.9258 16.2788 19.6469 3.0 18.6815 30.4138 10.2956 30.4631 27.4591 15.1327 20.1246 27.2029 33.6006 16.1555 12.6491 31.0161 32.249 11.1803 2.2361 15.0 20.5183 0.0 10.0 25.2982 23.4307 19.6469 29.0 28.8444 13.0 29.1204 22.2036 2.2361 12.1655 4.2426 13.1529 11.6619 12.6491 17.0294 
14.3178 12.3693 27.8029 11.1803 13.3417 12.0416 14.8661 24.1868 17.0294 22.3607 18.3848 24.3516 26.1725 17.8885 35.0 25.9422 20.0998 25.9615 28.6356 5.0 12.0416 23.7697 24.3516 10.0 0.0 18.0 13.8924 11.0454 24.3516 19.6977 14.3178 22.0 16.7631 8.0623 8.4853 10.2956 9.2195 4.4721 22.3607 25.4951 
25.2389 30.1496 22.0227 9.434 5.831 28.1603 30.6757 6.7082 25.4951 5.6569 7.0711 34.7131 30.0167 8.2462 28.1603 37.8021 28.2843 9.8995 14.4222 22.2036 27.5136 33.2415 25.0799 25.2982 18.0 0.0 9.2195 21.9545 9.434 8.0 17.6918 4.0 5.3852 23.0868 13.4164 27.4591 12.53 14.1421 34.4093 33.9706 
25.807 24.3311 29.4279 12.1655 10.0499 25.807 23.1948 15.6205 27.2947 10.4403 5.0 36.0555 34.2053 4.1231 36.1386 38.4187 30.4138 19.105 23.6008 16.4924 25.6125 34.9857 30.2655 23.4307 13.8924 9.2195 0.0 13.6015 18.6011 6.0828 20.8806 12.2066 12.6491 21.2603 14.3178 24.1868 13.9284 12.0416 34.8281 36.2353 
25.0799 13.6015 37.5899 19.4165 19.799 20.6155 10.0499 28.6531 28.0 24.0416 18.4391 34.7131 37.2156 17.2627 44.7772 35.7351 31.0161 31.6228 35.4683 8.544 21.1896 34.3657 35.171 19.6469 11.0454 21.9545 13.6015 0.0 30.6105 19.2354 25.0 25.4951 23.3452 18.2483 18.3848 17.8885 18.7883 13.9284 32.28 36.2215 
26.6833 36.6879 15.2315 13.3417 11.1803 32.0 38.4708 5.099 25.632 12.0416 16.1555 34.4384 26.9072 17.4642 20.0998 38.0789 27.7308 2.2361 5.0 29.1548 31.0161 32.6497 21.2132 29.0 24.3516 9.434 18.6011 30.6105 0.0 16.7631 17.72 8.0623 7.6158 27.0185 17.1172 32.1403 16.1245 19.9249 35.1141 32.7567 
30.4138 30.4138 30.0167 15.2643 12.083 31.3847 29.0689 12.53 31.4006 5.6569 1.4142 40.4599 37.1618 2.0 36.1248 43.1393 34.4093 16.5529 21.5407 22.561 31.0644 39.2046 32.573 28.8444 19.6977 8.0 6.0828 19.2354 16.7631 0.0 24.1868 8.9443 13.1529 26.6271 18.4391 29.9666 17.8045 17.2047 39.598 40.2244 
9.0554 24.0832 14.2127 8.9443 12.2066 15.8114 28.6007 20.5913 8.0623 23.3452 22.8254 17.2047 13.3417 23.2594 21.2132 20.5913 10.6301 19.9249 20.025 18.868 14.5602 15.6205 10.198 13.0 14.3178 17.6918 20.8806 25.0 17.72 24.1868 0.0 20.6155 12.8062 11.6619 7.0 17.0 7.0711 11.1803 17.4642 16.2788 
28.6531 34.1321 22.561 13.0 9.4868 32.0156 34.4819 3.6056 28.6007 4.0 8.6023 37.8021 32.2025 10.0 28.0179 41.0488 31.241 7.6158 12.6491 26.1725 31.3209 36.2353 26.9258 29.1204 22.0 4.0 12.2066 25.4951 8.0623 8.9443 20.6155 0.0 7.8102 26.9258 17.088 31.4006 16.1555 18.1108 37.7359 36.7967 
21.0238 29.1204 17.0294 6.0 3.6056 25.1794 30.8869 8.2462 20.8087 10.8167 12.0416 30.0 24.6982 13.0 23.5372 33.2866 23.4307 9.2195 12.2066 21.5407 24.3311 28.4253 19.6977 22.2036 16.7631 5.3852 12.6491 23.3452 7.6158 13.1529 12.8062 7.8102 0.0 20.0998 10.0499 25.0 9.0554 12.3693 30.0167 29.0 
7.0711 12.8062 25.807 14.1421 17.4642 5.099 18.3848 28.2843 10.4403 28.2312 25.2389 16.4924 20.2485 25.0 32.6497 17.8885 13.1529 29.0 30.4138 10.0 4.4721 16.1245 20.0 2.2361 8.0623 23.0868 21.2603 18.2483 27.0185 26.6271 11.6619 26.9258 20.0998 0.0 10.0499 5.3852 11.0454 9.434 14.3178 18.0278 
12.0416 20.1246 19.4165 4.1231 7.6158 15.1327 23.3452 18.2483 13.0384 18.868 17.0294 22.0227 20.2237 17.2047 26.6271 24.7588 16.1245 19.0263 20.8806 13.4536 14.3178 20.8087 17.1172 12.1655 8.4853 13.4164 14.3178 18.3848 17.1172 18.4391 7.0 17.088 10.0499 10.0499 0.0 15.0333 1.0 4.4721 21.2603 21.9545 
10.8167 8.544 31.0644 19.0 22.0907 3.0 15.1327 33.0606 14.4222 32.28 28.6356 18.0278 24.1868 28.178 37.8021 18.2483 16.5529 34.0588 35.6931 9.434 4.1231 18.2483 24.7588 4.2426 10.2956 27.4591 24.1868 17.8885 32.1403 29.9666 17.0 31.4006 25.0 5.3852 15.0333 0.0 16.0312 13.3417 15.0333 20.3961 
12.8062 21.0238 18.868 3.1623 6.7082 16.1245 24.0832 17.2627 13.6015 18.0278 16.4012 22.6716 20.3961 16.6433 26.0768 25.4951 16.6433 18.0278 19.9249 14.2127 15.2971 21.4009 17.0294 13.1529 9.2195 12.53 13.9284 18.7883 16.1245 17.8045 7.0711 16.1555 9.0554 11.0454 1.0 16.0312 0.0 5.0 22.0227 22.4722 
13.8924 16.7631 23.8537 6.7082 9.0554 14.3178 19.2094 20.025 15.8114 18.9737 15.8114 24.1868 24.0208 15.6205 31.0644 26.4008 18.9737 21.587 24.1661 9.434 13.8924 23.2594 21.3776 11.6619 4.4721 14.1421 12.0416 13.9284 19.9249 17.2047 11.1803 18.1108 12.3693 9.434 4.4721 13.3417 5.0 0.0 22.8035 24.6982 
9.2195 23.0868 27.074 25.0 28.6007 12.0416 30.0167 38.0132 9.4868 40.0 38.1838 3.6056 14.3178 38.2099 32.0156 3.6056 8.0 37.3363 36.8782 23.7697 11.1803 5.0 18.2483 12.6491 22.3607 34.4093 34.8281 32.28 35.1141 39.598 17.4642 37.7359 30.0167 14.3178 21.2603 15.0333 22.0227 22.8035 0.0 7.0711 
11.1803 28.8617 22.2036 25.0 28.4253 17.4642 35.5106 36.4005 8.9443 39.6232 38.833 3.6056 8.0623 39.1152 26.1725 7.2801 5.831 34.9857 33.6155 28.0179 16.2788 2.2361 13.1529 17.0294 25.4951 33.9706 36.2353 36.2215 32.7567 40.2244 16.2788 36.7967 29.0 18.0278 21.9545 20.3961 22.4722 24.6982 7.0711 0.0 
