70
0.0 51.0784 41.8808 53.0848 36.7151 55.9017 33.2415 16.9706 38.5876 17.8885 51.0882 53.1507 17.2627 44.5982 32.2025 55.4707 11.7047 12.2066 57.7062 24.7588 33.541 18.2483 27.5862 42.107 19.9249 10.0 24.0832 24.7386 5.0 29.8329 44.5533 28.3196 35.0143 22.3607 19.105 14.0357 24.3516 43.8634 46.5296 24.1868 27.2029 19.2354 19.2354 32.5576 38.6005 61.8466 16.2788 22.0907 37.2156 9.0 42.4264 53.7587 48.1664 26.2488 27.7849 33.2415 7.0711 35.8469 12.8062 27.6586 33.0606 22.2036 47.0425 51.614 8.0 44.0114 21.4009 42.0476 22.0 58.1378 
51.0784 0.0 60.0083 18.0278 40.8534 58.3095 17.8885 47.4236 59.4811 64.1327 23.3452 10.2956 34.4819 55.6597 59.0762 46.0435 51.788 41.2311 47.1699 47.0106 74.9533 37.0135 47.4342 76.0263 65.8027 42.72 29.2746 26.9258 55.7136 22.2036 54.4059 26.0192 22.4722 37.0 49.0102 46.3897 58.0517 7.2801 42.4264 27.2029 52.2015 44.0114 41.7253 30.0167 45.8803 59.0085 48.1664 33.3017 71.4003 59.4643 52.811 37.2156 24.0208 59.5483 33.2415 64.405 44.5982 58.6686 58.2495 46.0435 26.0768 60.8276 18.0 50.2494 48.5077 7.2111 30.8058 39.0512 47.0425 64.6297 
41.8808 60.0083 0.0 48.4149 19.2354 18.2483 47.676 25.4951 3.6056 58.0517 42.5206 54.3783 38.4708 7.2801 10.8167 27.5136 53.3385 47.7598 29.1204 18.6815 29.0689 32.3883 16.2788 21.1896 33.121 46.2385 51.2445 41.0122 44.8219 42.4264 8.544 54.037 37.9473 56.5155 59.5063 53.7122 19.2094 55.6597 22.2036 47.0425 14.7648 57.5847 26.6833 30.3645 14.4222 25.318 25.9422 33.0151 19.105 47.4236 8.6023 33.2866 39.8246 18.0278 59.6825 14.3178 43.8634 6.4031 54.2033 17.1172 34.4819 23.8537 44.1022 19.6469 48.7647 54.0833 48.3735 22.6716 61.4654 17.4929 
53.0848 18.0278 48.4149 0.0 29.6985 42.72 23.7697 43.6578 48.8365 69.1809 6.3246 8.0623 36.0 42.72 50.448 29.2746 57.5587 46.5296 30.0666 40.3113 69.1158 35.5106 39.6611 67.2681 62.9682 47.2652 37.3363 29.1548 58.0775 24.3311 41.3401 35.7771 18.1108 46.2385 57.28 53.1507 51.9711 19.8494 27.7308 33.2415 44.6542 52.4976 37.9473 22.8473 34.0588 42.2966 44.5982 31.4006 63.2535 62.0725 40.2244 20.0998 8.6023 53.0 44.2945 56.2228 48.0416 48.7955 63.1981 38.2753 20.6155 55.9017 6.0828 34.7851 53.2353 17.6918 37.3631 25.807 56.3028 49.3356 
36.7151 40.8534 19.2354 29.6985 0.0 21.9317 30.0167 20.8806 19.2094 54.5894 24.2074 35.2278 25.807 15.1327 21.095 18.7883 46.2277 37.5366 21.0238 14.0357 40.8534 20.5183 12.0416 37.6431 38.0132 36.7696 36.7696 25.2982 41.1461 25.1794 14.0357 38.6005 19.2354 43.909 50.2494 44.5533 24.5153 36.8782 9.8489 31.9531 16.4924 47.0106 17.4929 12.0 5.099 26.4008 21.8403 18.868 33.8378 44.7772 12.1655 19.0263 21.2603 25.0 45.6946 26.9258 35.4683 19.105 49.3964 11.0 16.0312 29.2746 25.0 15.6205 41.2311 35.171 34.4384 6.0 51.225 26.6833 
55.9017 58.3095 18.2483 42.72 21.9317 0.0 50.9902 38.9487 21.587 73.2462 36.4005 50.2195 47.5079 12.083 28.4605 14.4222 66.5282 58.8218 14.8661 31.1448 47.2652 41.8808 28.3196 38.2099 50.6952 57.8014 58.6941 47.1699 59.6657 46.5725 11.6619 60.407 39.4588 65.7647 71.4003 65.6049 36.2491 56.0089 16.0 53.8516 29.6816 68.5055 37.6431 33.2415 18.0278 7.0711 39.6989 40.7063 37.0135 62.8013 13.6015 23.2594 34.7131 35.4683 67.624 32.5576 56.0803 24.0416 68.6804 28.2843 36.8782 41.2311 40.4475 8.0623 61.6198 54.0 56.3649 20.2237 72.6705 6.7082 
33.2415 17.8885 47.676 23.7697 30.0167 50.9902 0.0 30.6105 46.3249 47.1699 25.0 21.0238 16.6433 45.0111 44.3847 42.0476 35.0143 24.0832 43.8292 31.7805 58.258 19.8494 32.8938 60.8276 48.2701 25.318 13.6015 9.2195 37.9473 5.3852 44.0 12.2066 11.7047 22.4722 33.7343 30.0666 41.8808 10.8167 35.4401 10.0 37.1618 28.8617 25.2389 18.0278 35.0 53.7587 31.241 16.6433 55.9464 41.7612 42.0119 35.2278 23.3452 43.566 20.8087 49.1935 26.9258 44.9222 41.1947 31.6228 14.1421 44.0454 18.868 43.4166 31.257 10.7703 14.0357 30.8058 32.573 56.4358 
16.9706 47.4236 25.4951 43.6578 20.8806 38.9487 30.6105 0.0 22.4722 34.4093 40.025 46.1411 15.8114 27.6586 17.1172 39.5601 28.0179 22.561 41.7852 7.8102 27.6586 10.8167 10.6301 31.3209 19.3132 20.8806 28.6356 21.6333 20.8087 25.4951 27.5862 32.28 26.4197 32.0624 34.0147 28.2312 11.7047 41.0366 30.6757 25.632 10.7703 32.28 5.831 20.8806 21.9545 45.0 1.0 14.1421 26.2488 24.1868 25.4558 39.3192 36.8782 13.6015 36.0555 20.2237 18.3848 19.9249 29.7321 10.8167 23.2594 13.4536 37.6962 34.9857 23.3238 40.3113 25.4951 26.6833 36.0555 41.2311 
38.5876 59.4811 3.6056 48.8365 19.2094 21.587 46.3249 22.4722 0.0 54.5619 43.1393 54.4059 36.1248 10.0 7.2111 29.8329 50.1199 44.9222 31.5753 16.1245 26.0 30.0666 14.0 19.2354 29.5296 43.3244 49.0408 39.2046 41.4005 41.0 11.0454 52.0096 37.1618 53.9351 56.4624 50.6952 15.6205 54.7814 23.7065 45.0111 11.7047 54.7083 24.1868 29.5466 14.8661 28.6356 22.8473 31.0644 16.4924 43.9318 10.4403 34.8855 40.3113 14.4222 57.3149 11.0454 40.8534 2.8284 50.8035 15.0333 33.6155 20.2485 44.2041 22.2036 45.618 53.3104 46.0977 23.4307 58.5235 21.095 
17.8885 64.1327 58.0517 69.1809 54.5894 73.2462 47.1699 34.4093 54.5619 0.0 67.897 68.0661 33.3766 61.6198 47.634 73.3553 12.3693 23.0868 75.591 42.2019 42.2019 35.7351 45.0 53.4883 28.7924 22.0 34.9285 40.05 13.6015 45.0111 61.7171 38.6005 51.4782 28.6356 17.8045 18.0278 39.2046 56.8859 64.4127 37.2156 43.8634 21.9545 37.1214 50.0 56.3028 79.404 33.6006 39.2938 49.2443 10.6301 59.6657 71.5122 65.1153 40.8044 34.0 47.1699 21.2132 51.7397 6.0 45.2217 50.01 35.5106 63.2851 69.3397 16.0 57.5587 33.3766 59.9333 21.2603 74.9667 
51.0882 23.3452 42.5206 6.3246 24.2074 36.4005 25.0 40.025 43.1393 67.897 0.0 14.0357 34.5254 36.6197 45.2217 23.0868 56.7539 45.8803 24.0 35.8469 64.4127 33.0 34.8855 61.8466 59.203 46.3249 38.0789 28.4605 56.0803 24.1661 35.2278 37.2022 16.4924 47.0106 57.3847 52.811 47.4236 23.7065 21.4709 33.541 39.8246 52.8015 34.5254 19.2354 28.2843 36.1248 41.0 29.0172 58.0086 60.075 34.2053 14.0 3.1623 48.3011 45.8039 51.0392 46.6905 43.2782 61.9839 33.541 18.0278 51.6236 6.4031 28.4605 52.1728 21.4709 37.5766 19.8494 56.7979 43.0116 
53.1507 10.2956 54.3783 8.0623 35.2278 50.2195 21.0238 46.1411 54.4059 68.0661 14.0357 0.0 35.9026 49.1935 55.1725 37.1214 56.0 45.0111 38.0132 44.0454 72.8011 36.7696 43.8634 72.1803 65.2993 46.0977 34.3657 28.4429 58.0517 23.3452 47.8539 32.0156 19.7231 42.9535 54.5894 51.0882 55.6058 13.8924 34.7851 31.0161 48.8365 49.6488 40.3113 26.2488 39.9625 50.1597 47.0106 32.6956 67.8823 61.9839 46.5296 28.0179 15.5242 56.8507 40.1622 60.8112 47.3814 54.037 62.0725 42.45 23.0217 59.0762 10.2956 42.2019 52.0865 12.083 35.0571 32.2025 53.1507 56.7539 
17.2627 34.4819 38.4708 36.0 25.807 47.5079 16.6433 15.8114 36.1248 33.3766 34.5254 35.9026 0.0 38.2753 32.1403 43.1856 22.4722 12.2066 45.3431 20.025 42.72 6.0828 22.2036 47.1275 31.8277 12.083 13.0384 7.6158 22.2036 12.6491 37.6962 16.4924 18.1108 18.3848 24.8395 19.4165 27.5136 27.4591 34.6554 9.8489 25.02 21.2603 12.0 17.4929 29.5296 52.2015 16.1555 7.0711 42.0595 26.1725 35.4683 39.4462 31.7805 29.4109 21.2132 35.9026 12.1655 34.0147 27.4591 21.3776 16.7631 28.6531 30.0167 41.4005 17.72 27.2947 10.0 29.6985 25.4951 51.4782 
44.5982 55.6597 7.2801 42.72 15.1327 12.083 45.0111 27.6586 10.0 61.6198 36.6197 49.1935 38.2753 0.0 16.4924 20.2485 55.6058 48.7647 21.8403 20.0 36.0 32.311 17.2047 28.4605 38.6264 47.5079 50.448 39.4588 48.1041 40.0125 1.4142 52.7731 34.3657 56.648 61.0574 55.2268 24.1661 51.9711 15.5563 45.8912 17.8045 58.5918 27.2947 27.074 10.0499 18.9737 28.3196 32.0156 26.3059 51.0882 3.0 26.4008 34.1321 23.4094 59.203 21.0238 45.4863 12.1655 57.28 17.4929 31.1448 29.1548 38.9102 12.3693 50.8035 50.2195 47.8017 17.0 62.6498 13.6015 
32.2025 59.0762 10.8167 50.448 21.095 28.4605 44.3847 17.1172 7.2111 47.634 45.2217 55.1725 32.1403 16.4924 0.0 35.1283 43.8634 39.6232 37.054 12.6491 20.3961 26.3059 11.6619 17.0294 22.3607 37.855 45.1774 36.4005 34.6699 39.0 17.2627 48.5077 36.6197 49.163 50.5964 44.9222 8.4853 53.7122 27.8927 41.5933 7.2801 49.2443 20.2237 29.2062 18.0278 35.4401 17.2627 28.1603 12.8062 37.0135 16.0312 38.8973 42.2019 7.2111 53.0 5.831 35.171 4.4721 44.1022 13.0384 33.0151 13.0384 45.2769 28.0179 39.5601 52.4786 42.107 26.4008 52.8867 28.3019 
55.4707 46.0435 27.5136 29.2746 18.7883 14.4222 42.0476 39.5601 29.8329 73.3553 23.0868 37.1214 43.1856 20.2485 35.1283 0.0 64.6375 55.3173 2.2361 32.28 55.4437 38.6005 29.8329 48.7032 55.4437 54.8179 52.2015 40.6079 59.9333 38.5876 18.9737 53.0 30.4138 60.3075 68.0147 62.482 41.1096 44.911 8.9443 47.2017 33.2415 64.3506 36.2353 26.2488 18.2483 13.0384 40.4969 36.1248 46.3249 63.561 19.4165 9.2195 22.0227 41.0122 61.0328 40.4475 53.8238 31.4006 68.0955 29.1204 28.8444 46.1736 28.0713 8.0623 59.6406 42.7551 50.448 13.6015 68.593 21.095 
11.7047 51.788 53.3385 57.5587 46.2277 66.5282 35.0143 28.0179 50.1199 12.3693 56.7539 56.0 22.4722 55.6058 43.8634 64.6375 0.0 11.0454 66.8506 35.609 44.0454 26.0768 38.4187 53.4603 30.0666 10.4403 22.561 28.4429 11.0454 33.2415 55.4437 26.2488 40.2616 16.6433 8.2462 5.831 36.0555 44.5533 55.8032 25.02 38.5876 10.6301 29.0 39.8121 48.7955 72.1388 27.4591 29.0689 48.6621 12.083 53.2635 61.7171 54.1202 37.9473 22.2036 44.9222 10.8167 47.4131 6.7082 38.2884 39.2173 33.7343 51.788 61.6198 5.0 45.2769 21.095 51.0392 11.7047 69.2026 
12.2066 41.2311 47.7598 46.5296 37.5366 58.8218 24.0832 22.561 44.9222 23.0868 45.8803 45.0111 12.2066 48.7647 39.6232 55.3173 11.0454 0.0 57.4891 29.1548 44.9222 17.0294 31.7805 52.1536 31.7805 2.2361 12.53 17.4642 15.6205 22.2036 48.3735 16.6433 29.4109 10.4403 12.7279 7.2111 33.0151 33.9559 46.6905 14.1421 33.2415 9.8489 21.4709 29.6816 40.8044 63.8905 22.3607 19.2094 47.0956 18.868 46.1411 51.6236 43.3244 35.0143 15.6525 42.0476 5.3852 42.45 17.1172 31.305 28.6356 32.249 40.7922 53.1507 7.2801 34.5254 10.4403 41.7732 13.8924 62.2656 
57.7062 47.1699 29.1204 30.0666 21.0238 14.8661 43.8292 41.7852 31.5753 75.591 24.0 38.0132 45.3431 21.8403 37.054 2.2361 66.8506 57.4891 0.0 34.4819 57.3149 40.8044 32.0156 50.2892 57.5587 57.0088 54.2033 42.638 62.1691 40.4969 20.6155 54.9181 32.249 62.3699 70.1783 64.6607 43.1856 46.3249 11.1803 49.2037 35.3553 66.4831 38.4708 28.3196 20.3961 12.3693 42.72 38.2884 48.0521 65.7951 21.2132 10.0 23.1948 43.0465 63.0079 42.2966 56.0357 33.2415 70.3278 31.3209 30.8058 48.2597 29.2746 9.4868 61.8547 44.1475 52.4976 15.8114 70.7248 21.4009 
24.7588 47.0106 18.6815 40.3113 14.0357 31.1448 31.7805 7.8102 16.1245 42.2019 35.8469 44.0454 20.025 20.0 12.6491 32.28 35.609 29.1548 34.4819 0.0 28.8444 14.0 2.8284 29.1548 24.0832 27.7308 33.0 23.7697 28.6007 26.4008 19.8494 36.1248 24.7588 37.855 41.1825 35.3553 11.6619 41.3401 23.5372 29.1548 5.3852 39.0 8.0623 17.8045 14.3178 37.2022 8.6023 15.5242 24.4131 31.9061 17.6918 33.0 32.6956 12.8062 41.1947 17.4929 25.5539 14.0 37.5366 3.1623 21.2132 15.8114 34.6699 27.2947 30.8058 40.2244 30.0167 20.025 42.9535 33.6006 
33.541 74.9533 29.0689 69.1158 40.8534 47.2652 58.258 27.6586 26.0 42.2019 64.4127 72.8011 42.72 36.0 20.3961 55.4437 44.0454 44.9222 57.3149 28.8444 0.0 38.4187 29.5296 12.7279 14.0 42.72 54.5619 49.2037 33.0151 53.1507 37.0135 58.5918 53.2635 55.3624 52.1536 47.5184 17.2047 68.6804 48.2701 52.4786 24.5967 52.7731 33.2415 46.6154 38.3275 54.3323 27.0185 41.7732 10.7703 33.1361 36.1248 59.203 61.2944 16.1245 60.407 15.0333 39.5601 24.0832 41.1947 30.8869 49.8197 14.2127 63.5138 48.0937 41.4367 67.897 51.4296 46.4866 55.3263 45.3542 
18.2483 37.0135 32.3883 35.5106 20.5183 41.8808 19.8494 10.8167 30.0666 35.7351 33.0 36.7696 6.0828 32.311 26.3059 38.6005 26.0768 17.0294 40.8044 14.0 38.4187 0.0 16.1245 41.7852 28.8444 16.2788 19.0 10.8167 23.1948 14.8661 31.7805 22.2036 17.4642 24.3516 29.7321 24.0416 22.3607 30.4138 29.8329 15.2971 19.105 26.6271 6.0828 14.3178 23.8537 46.8615 11.4018 4.1231 36.7696 27.1662 29.5466 35.8469 30.0167 24.1661 27.2947 30.3645 15.2643 28.0 30.0832 15.2971 15.0333 24.2074 29.4279 36.1248 21.095 29.8329 16.0312 25.0 30.8058 45.618 
27.5862 47.4342 16.2788 39.6611 12.0416 28.3196 32.8938 10.6301 14.0 45.0 34.8855 43.8634 22.2036 17.2047 11.6619 29.8329 38.4187 31.7805 32.0156 2.8284 29.5296 16.1245 0.0 28.6007 26.0 30.4138 35.0571 25.318 31.4006 27.5136 17.0294 38.0132 25.0 40.2616 43.909 38.0789 12.6491 42.0595 21.2132 31.0161 5.0 41.6293 10.4403 17.6918 11.7047 34.4093 11.4018 17.1172 24.0832 34.6699 14.8661 31.0644 31.7648 13.4164 43.4166 17.0294 28.3019 12.1655 40.3609 1.4142 21.4009 17.2627 34.2053 24.5967 33.6006 40.8167 32.1403 18.0278 45.618 30.8058 
42.107 76.0263 21.1896 67.2681 37.6431 38.2099 60.8276 31.3209 19.2354 53.4883 61.8466 72.1803 47.1275 28.4605 17.0294 48.7032 53.4603 52.1536 50.2892 29.1548 12.7279 41.7852 28.6007 0.0 24.6982 50.0899 59.9083 52.3927 42.7551 55.4707 29.7321 63.6003 53.6004 62.3939 61.2046 56.0357 19.6469 70.4911 42.9418 56.921 23.8537 61.0 35.8469 46.2277 33.8378 45.0999 31.0483 44.2832 5.099 43.6807 29.5466 54.1202 58.8982 17.72 66.9104 11.6619 47.0425 18.6011 51.6624 30.0 50.0 20.0 62.2254 40.8044 50.0899 69.3397 56.7539 42.4382 64.0703 35.0571 
19.9249 65.8027 33.121 62.9682 38.0132 50.6952 48.2701 19.3132 29.5296 28.7924 59.203 65.2993 31.8277 38.6264 22.3607 55.4437 30.0666 31.7805 57.5587 24.0832 14.0 28.8444 26.0 24.6982 0.0 29.5466 42.4382 39.0512 19.0263 43.6005 39.2173 46.6154 45.618 42.1545 38.2099 33.7343 14.5602 59.0339 47.0956 41.1096 22.2036 39.0512 25.0799 40.1622 37.2156 57.5847 18.3848 32.7567 20.5913 19.2354 37.6431 57.0351 56.0446 15.2315 47.4236 19.8494 26.4008 26.8328 27.2947 27.0185 42.5441 9.4868 57.0088 49.2443 27.6586 58.6003 39.4081 44.0114 41.4367 50.6063 
10.0 42.72 46.2385 47.2652 36.7696 57.8014 25.318 20.8806 43.3244 22.0 46.3249 46.0977 12.083 47.5079 37.855 54.8179 10.4403 2.2361 57.0088 27.7308 42.72 16.2788 30.4138 50.0899 29.5466 0.0 14.4222 18.1108 13.6015 23.0217 47.1699 18.6011 29.8329 12.6491 13.6015 7.8102 31.0644 35.4401 46.0977 15.5242 31.6228 11.4018 20.2485 29.5296 39.8246 63.0317 20.6155 18.868 45.0444 17.0 44.9444 51.4782 43.6807 33.0606 17.8885 40.1123 3.1623 40.8044 16.0 30.0167 28.7924 30.1496 41.4367 52.345 6.0 35.9026 12.083 41.2311 15.2315 61.0574 
24.0832 29.2746 51.2445 37.3363 36.7696 58.6941 13.6015 28.6356 49.0408 34.9285 38.0789 34.3657 13.0384 50.448 45.1774 52.2015 22.561 12.53 54.2033 33.0 54.5619 19.0 35.0571 59.9083 42.4382 14.4222 0.0 11.6619 28.0179 14.2127 49.7293 4.2426 22.6716 8.9443 20.2237 17.1172 40.2616 22.0907 44.4185 5.0 38.0526 15.2971 25.02 26.0768 41.1096 62.6498 28.8617 18.4391 54.8179 31.3847 47.5395 46.669 36.0555 42.2019 8.9443 48.8365 17.0294 47.0 29.1204 34.1321 23.4307 40.8534 32.2025 51.8845 19.6977 23.0 3.1623 39.4462 18.9737 63.2456 
24.7386 26.9258 41.0122 29.1548 25.2982 47.1699 9.2195 21.6333 39.2046 40.05 28.4605 28.4429 7.6158 39.4588 36.4005 40.6079 28.4429 17.4642 42.638 23.7697 49.2037 10.8167 25.318 52.3927 39.0512 18.1108 11.6619 0.0 29.6142 5.099 38.6394 13.3417 12.083 19.799 29.0689 24.3516 33.121 20.0 32.7567 6.7082 29.1204 24.6982 16.5529 14.4222 29.8329 51.0 22.2036 8.2462 47.4236 33.541 36.4966 35.4683 26.0 34.8855 20.5913 40.8534 19.0263 37.4833 34.0588 24.1868 12.0416 35.0 23.3452 40.2492 24.0832 19.7231 9.8995 27.7849 28.8444 51.923 
5.0 55.7136 44.8219 58.0775 41.1461 59.6657 37.9473 20.8087 41.4005 13.6015 56.0803 58.0517 22.2036 48.1041 34.6699 59.9333 11.0454 15.6205 62.1691 28.6007 33.0151 23.1948 31.4006 42.7551 19.0263 13.6015 28.0179 29.6142 0.0 34.7131 48.1664 32.2025 40.0125 25.0 19.2354 15.2315 26.4197 48.4665 50.9902 28.6356 30.4138 20.6155 23.7697 37.4833 42.72 65.8027 20.0 27.074 38.0789 4.0 46.0977 58.5235 53.1507 28.178 30.6105 34.9285 11.1803 38.6005 9.434 31.6228 38.0526 23.4094 52.0384 55.7584 9.434 48.7032 25.5539 46.6154 22.561 61.5224 
29.8329 22.2036 42.4264 24.3311 25.1794 46.5725 5.3852 25.4951 41.0 45.0111 24.1661 23.3452 12.6491 40.0125 39.0 38.5876 33.2415 22.2036 40.4969 26.4008 53.1507 14.8661 27.5136 55.4707 43.6005 23.0217 14.2127 5.099 34.7131 0.0 39.0512 14.4222 8.4853 23.0217 33.2415 28.8617 36.6197 15.5563 31.3847 9.434 31.7805 28.6356 20.0 13.3417 30.0666 49.7695 26.1725 11.4018 50.6063 38.6394 37.0135 32.5576 21.9545 38.2753 22.6716 43.8292 24.0832 39.5601 39.0128 26.2488 9.8489 38.9487 18.6815 39.2173 29.0172 15.0 13.4164 26.5707 32.6497 51.788 
44.5533 54.4059 8.544 41.3401 14.0357 11.6619 44.0 27.5862 11.0454 61.7171 35.2278 47.8539 37.6962 1.4142 17.2627 18.9737 55.4437 48.3735 20.6155 19.8494 37.0135 31.7805 17.0294 29.7321 39.2173 47.1699 49.7293 38.6394 48.1664 39.0512 0.0 51.9711 33.2415 56.0803 60.7454 54.9181 24.6982 50.8035 14.1421 45.1221 18.0278 58.1808 26.9258 26.0192 9.0 18.3848 28.2843 31.3209 27.4591 51.225 2.2361 25.0 32.7567 24.0416 58.5235 22.0 45.2217 13.0384 57.28 17.2047 30.0666 29.7321 37.5766 11.1803 50.6063 49.0306 47.1275 15.6525 62.2656 13.8924 
28.3196 26.0192 54.037 35.7771 38.6005 60.407 12.2066 32.28 52.0096 38.6005 37.2022 32.0156 16.4924 52.7731 48.5077 53.0 26.2488 16.6433 54.9181 36.1248 58.5918 22.2036 38.0132 63.6003 46.6154 18.6011 4.2426 13.3417 32.2025 14.4222 51.9711 0.0 22.8035 11.0454 23.0 20.6155 43.9659 19.0263 45.618 7.0 41.3038 18.0 28.2843 27.313 43.1741 63.9766 32.573 21.0238 58.5235 35.5106 49.8197 46.8615 35.4683 45.8803 8.6023 52.3927 21.2603 50.0899 32.8938 37.0 24.1868 44.7772 31.0644 53.3104 23.7065 20.2237 7.2111 40.7185 21.2132 65.2534 
35.0143 22.4722 37.9473 18.1108 19.2354 39.4588 11.7047 26.4197 37.1618 51.4782 16.4924 19.7231 18.1108 34.3657 36.6197 30.4138 40.2616 29.4109 32.249 24.7588 53.2635 17.4642 25.0 53.6004 45.618 29.8329 22.6716 12.083 40.0125 8.4853 33.2415 22.8035 0.0 31.4006 41.1461 36.4005 36.1248 17.72 23.7697 17.8045 29.8329 36.7151 20.5913 7.6158 24.3311 42.0595 27.2947 13.3417 49.0408 44.0114 31.4006 24.0832 13.9284 37.4833 31.1448 42.0119 30.2655 36.2353 45.5412 23.6008 3.6056 39.4081 12.0416 31.7805 35.6931 16.1555 21.6333 19.2354 40.8167 45.0999 
22.3607 37.0 56.5155 46.2385 43.909 65.7647 22.4722 32.0624 53.9351 28.6356 47.0106 42.9535 18.3848 56.648 49.163 60.3075 16.6433 10.4403 62.3699 37.855 55.3624 24.3516 40.2616 62.3939 42.1545 12.6491 8.9443 19.799 25.0 23.0217 56.0803 11.0454 31.4006 0.0 12.0416 10.8167 43.0465 30.0666 52.2015 13.6015 42.4264 7.0711 29.8329 34.0588 47.8539 70.1783 32.0156 25.0599 57.3149 27.5862 53.8516 55.2268 44.9444 45.0444 5.6569 52.0096 15.8114 51.6236 23.3238 39.5601 31.8277 42.5793 41.1461 59.3633 15.6205 31.257 9.8995 47.2017 10.198 69.857 
19.105 49.0102 59.5063 57.28 50.2494 71.4003 33.7343 34.0147 56.4624 17.8045 57.3847 54.5894 24.8395 61.0574 50.5964 68.0147 8.2462 12.7279 70.1783 41.1825 52.1536 29.7321 43.909 61.2046 38.2099 13.6015 20.2237 29.0689 19.2354 33.2415 60.7454 23.0 41.1461 12.0416 0.0 5.831 43.1741 42.0119 59.4138 24.0416 44.7772 5.0 33.8378 42.2019 53.4135 76.5768 33.6155 31.8904 56.3205 20.2485 58.5235 64.0703 55.0364 45.1221 16.7631 52.1728 15.6525 53.8516 13.6015 43.566 40.8167 41.3038 51.8652 65.8559 11.1803 43.1045 19.9249 54.4885 3.6056 74.6257 
14.0357 46.3897 53.7122 53.1507 44.5533 65.6049 30.0666 28.2312 50.6952 18.0278 52.811 51.0882 19.4165 55.2268 44.9222 62.482 5.831 7.2111 64.6607 35.3553 47.5184 24.0416 38.0789 56.0357 33.7343 7.8102 17.1172 24.3516 15.2315 28.8617 54.9181 20.6155 36.4005 10.8167 5.831 0.0 37.6563 39.2046 53.8145 20.0998 39.0 5.3852 28.0179 36.8917 47.634 70.8378 27.8568 26.4008 51.0882 17.2047 52.6972 58.8303 50.3289 39.6232 16.4012 46.6905 9.8489 48.1041 12.53 37.7359 35.7771 36.0555 47.5395 60.1415 6.0828 40.05 16.0312 48.9183 8.0623 68.7968 
24.3516 58.0517 19.2094 51.9711 24.5153 36.2491 41.8808 11.7047 15.6205 39.2046 47.4236 55.6058 27.5136 24.1661 8.4853 41.1096 36.0555 33.0151 43.1856 11.6619 17.2047 22.3607 12.6491 19.6469 14.5602 31.0644 40.2616 33.121 26.4197 36.6197 24.6982 43.9659 36.1248 43.0465 43.1741 37.6563 0.0 52.0096 33.0151 37.3363 8.0623 42.2966 16.6433 29.4109 23.0 43.0813 11.4018 25.2389 14.5602 28.6007 23.0868 43.4166 44.2832 2.0 47.3814 9.0554 28.1603 12.8062 35.8469 13.9284 32.6497 5.099 46.3249 34.7131 32.0156 51.0882 37.108 30.4138 45.7056 36.6197 
43.8634 7.2801 55.6597 19.8494 36.8782 56.0089 10.8167 41.0366 54.7814 56.8859 23.7065 13.8924 27.4591 51.9711 53.7122 44.911 44.5533 33.9559 46.3249 41.3401 68.6804 30.4138 42.0595 70.4911 59.0339 35.4401 22.0907 20.0 48.4665 15.5563 50.8035 19.0263 17.72 30.0666 42.0119 39.2046 52.0096 0.0 40.0125 19.9249 46.6476 37.0135 35.4683 25.2982 41.9762 57.5587 41.7253 26.9072 65.7343 52.2015 49.0306 36.6879 23.4094 53.6004 26.6833 58.8303 37.3363 53.7122 50.9902 40.7063 21.1896 54.4885 17.4642 48.0416 41.2311 2.2361 23.5372 36.0555 40.1995 62.0322 
46.5296 42.4264 22.2036 27.7308 9.8489 16.0 35.4401 30.6757 23.7065 64.4127 21.4709 34.7851 34.6554 15.5563 27.8927 8.9443 55.8032 46.6905 11.1803 23.5372 48.2701 29.8329 21.2132 42.9418 47.0956 46.0977 44.4185 32.7567 50.9902 31.3847 14.1421 45.618 23.7697 52.2015 59.4138 53.8145 33.0151 40.0125 0.0 39.4462 25.0 55.9017 27.2947 18.3576 10.0499 18.3848 31.6228 27.5862 39.9249 54.626 13.6015 11.1803 19.3132 33.1361 53.3385 33.5261 45.0 24.6982 59.1692 20.3961 21.5407 38.0 24.7386 8.0623 50.8035 38.0 42.4382 5.0 60.1415 22.2036 
24.1868 27.2029 47.0425 33.2415 31.9531 53.8516 10.0 25.632 45.0111 37.2156 33.541 31.0161 9.8489 45.8912 41.5933 47.2017 25.02 14.1421 49.2037 29.1548 52.4786 15.2971 31.0161 56.921 41.1096 15.5242 5.0 6.7082 28.6356 9.434 45.1221 7.0 17.8045 13.6015 24.0416 20.0998 37.3363 19.9249 39.4462 0.0 34.3657 19.3132 21.3776 21.095 36.4005 57.7062 26.0 14.0357 51.8652 32.311 42.9535 41.7253 31.3847 39.2173 13.8924 45.607 17.4642 43.1045 31.257 30.0 18.4391 38.4708 27.8568 46.9574 21.3776 20.3961 4.1231 34.4819 23.2594 58.5235 
27.2029 52.2015 14.7648 44.6542 16.4924 29.6816 37.1618 10.7703 11.7047 43.8634 39.8246 48.8365 25.02 17.8045 7.2801 33.2415 38.5876 33.2415 35.3553 5.3852 24.5967 19.105 5.0 23.8537 22.2036 31.6228 38.0526 29.1204 30.4138 31.7805 18.0278 41.3038 29.8329 42.4264 44.7772 39.0 8.0623 46.6476 25.0 34.3657 0.0 43.0116 13.0384 22.6274 15.0333 36.2353 11.1803 20.8806 19.2094 33.3017 16.1245 35.3553 36.7151 8.544 46.0435 12.2066 29.1548 9.2195 39.6989 6.4031 26.2488 13.0 39.2046 27.2029 34.0 45.4863 35.0143 22.3607 46.8188 31.1127 
19.2354 44.0114 57.5847 52.4976 47.0106 68.5055 28.8617 32.28 54.7083 21.9545 52.8015 49.6488 21.2603 58.5918 49.2443 64.3506 10.6301 9.8489 66.4831 39.0 52.7731 26.6271 41.6293 61.0 39.0512 11.4018 15.2971 24.6982 20.6155 28.6356 58.1808 18.0 36.7151 7.0711 5.0 5.3852 42.2966 37.0135 55.9017 19.3132 43.0116 0.0 31.305 38.2884 50.4777 73.4098 32.0156 28.3196 56.0089 22.4722 55.9464 60.0 50.5371 44.2832 12.083 51.3517 14.1421 52.2015 17.0294 41.1461 36.6197 41.0 47.1699 62.6259 11.4018 38.1182 15.2315 50.9313 4.2426 72.0694 
19.2354 41.7253 26.6833 37.9473 17.4929 37.6431 25.2389 5.831 24.1868 37.1214 34.5254 40.3113 12.0 27.2947 20.2237 36.2353 29.0 21.4709 38.4708 8.0623 33.2415 6.0828 10.4403 35.8469 25.0799 20.2485 25.02 16.5529 23.7697 20.0 26.9258 28.2843 20.5913 29.8329 33.8378 28.0179 16.6433 35.4683 27.2947 21.3776 13.0384 31.305 0.0 15.2971 19.799 43.1393 6.7082 8.6023 30.8707 27.5136 24.6982 34.9285 31.4006 18.3576 33.1361 24.3516 18.4391 22.0227 31.9061 9.8489 17.4642 19.105 31.9531 32.6497 24.0416 34.6554 22.0 22.8473 35.3553 40.8167 
32.5576 30.0167 30.3645 22.8473 12.0 33.2415 18.0278 20.8806 29.5466 50.0 19.2354 26.2488 17.4929 27.074 29.2062 26.2488 39.8121 29.6816 28.3196 17.8045 46.6154 14.3178 17.6918 46.2277 40.1622 29.5296 26.0768 14.4222 37.4833 13.3417 26.0192 27.313 7.6158 34.0588 42.2019 36.8917 29.4109 25.2982 18.3576 21.095 22.6274 38.2884 15.2971 0.0 17.0294 36.6742 21.8403 10.7703 41.7732 41.4367 24.0832 21.9545 16.1245 30.6105 34.9857 34.7131 29.1548 28.6531 44.2719 16.2788 4.1231 33.121 17.0 26.0 34.9285 23.7697 24.2074 13.4164 42.5206 38.4708 
38.6005 45.8803 14.4222 34.0588 5.099 18.0278 35.0 21.9545 14.8661 56.3028 28.2843 39.9625 29.5296 10.0499 18.0278 18.2483 48.7955 40.8044 20.3961 14.3178 38.3275 23.8537 11.7047 33.8378 37.2156 39.8246 41.1096 29.8329 42.72 30.0666 9.0 43.1741 24.3311 47.8539 53.4135 47.634 23.0 41.9762 10.0499 36.4005 15.0333 50.4777 19.799 17.0294 0.0 23.3452 22.8254 22.8473 30.4138 46.1411 7.0711 20.8806 25.4951 23.0868 49.98 23.7697 38.2099 15.2643 51.4004 11.1803 21.095 28.0179 29.6816 13.0384 43.8406 40.2616 38.6264 8.6023 54.6443 22.1359 
61.8466 59.0085 25.318 42.2966 26.4008 7.0711 53.7587 45.0 28.6356 79.404 36.1248 50.1597 52.2015 18.9737 35.4401 13.0384 72.1388 63.8905 12.3693 37.2022 54.3323 46.8615 34.4093 45.0999 57.5847 63.0317 62.6498 51.0 65.8027 49.7695 18.3848 63.9766 42.0595 70.1783 76.5768 70.8378 43.0813 57.5587 18.3848 57.7062 36.2353 73.4098 43.1393 36.6742 23.3452 0.0 45.8039 45.2217 44.0454 69.0652 20.1246 22.2036 35.0 42.3792 71.5891 39.6232 61.5224 31.0483 74.6525 34.2053 39.9249 48.1041 41.0122 10.8167 67.1789 55.4437 60.5392 23.2594 77.6209 11.1803 
16.2788 48.1664 25.9422 44.5982 21.8403 39.6989 31.241 1.0 22.8473 33.6006 41.0 47.0106 16.1555 28.3196 17.2627 40.4969 27.4591 22.3607 42.72 8.6023 27.0185 11.4018 11.4018 31.0483 18.3848 20.6155 28.8617 22.2036 20.0 26.1725 28.2843 32.573 27.2947 32.0156 33.6155 27.8568 11.4018 41.7253 31.6228 26.0 11.1803 32.0156 6.7082 21.8403 22.8254 45.8039 0.0 14.8661 25.9615 23.3238 26.1725 40.3113 37.855 13.3417 36.1248 20.0998 18.0278 20.2485 29.0 11.6619 24.1661 12.8062 38.6264 35.8469 22.8254 41.0366 25.7099 27.6586 35.7351 41.8688 
22.0907 33.3017 33.0151 31.4006 18.868 40.7063 16.6433 14.1421 31.0644 39.2938 29.0172 32.6956 7.0711 32.0156 28.1603 36.1248 29.0689 19.2094 38.2884 15.5242 41.7732 4.1231 17.1172 44.2832 32.7567 18.868 18.4391 8.2462 27.074 11.4018 31.3209 21.0238 13.3417 25.0599 31.8904 26.4008 25.2389 26.9072 27.5862 14.0357 20.8806 28.3196 8.6023 10.7703 22.8473 45.2217 14.8661 0.0 39.3573 31.0644 29.1204 32.6497 26.0768 26.9258 27.2029 32.6956 18.3848 29.2746 33.5261 16.0312 11.0 27.5862 25.318 34.4093 24.1661 26.1725 15.8114 22.6274 32.5576 44.9444 
37.2156 71.4003 19.105 63.2535 33.8378 37.0135 55.9464 26.2488 16.4924 49.2443 58.0086 67.8823 42.0595 26.3059 12.8062 46.3249 48.6621 47.0956 48.0521 24.4131 10.7703 36.7696 24.0832 5.099 20.5913 45.0444 54.8179 47.4236 38.0789 50.6063 27.4591 58.5235 49.0408 57.3149 56.3205 51.0882 14.5602 65.7343 39.9249 51.8652 19.2094 56.0089 30.8707 41.7732 30.4138 44.0454 25.9615 39.3573 0.0 39.2173 26.9258 51.0784 55.0 12.6491 61.8142 7.0711 42.0119 15.2315 47.1275 25.4951 45.4533 15.0333 58.0517 38.6394 45.1774 64.6375 51.6624 38.9487 59.1354 34.7131 
9.0 59.4643 47.4236 62.0725 44.7772 62.8013 41.7612 24.1868 43.9318 10.6301 60.075 61.9839 26.1725 51.0882 37.0135 63.561 12.083 18.868 65.7951 31.9061 33.1361 27.1662 34.6699 43.6807 19.2354 17.0 31.3847 33.541 4.0 38.6394 51.225 35.5106 44.0114 27.5862 20.2485 17.2047 28.6007 52.2015 54.626 32.311 33.3017 22.4722 27.5136 41.4367 46.1411 69.0652 23.3238 31.0644 39.2173 0.0 49.2037 62.3618 57.1402 30.2324 33.2415 36.7151 14.8661 41.1096 8.0623 34.9857 42.0476 25.0599 56.0357 59.1692 12.0416 52.4976 29.0689 50.3289 23.7697 64.3817 
42.4264 52.811 8.6023 40.2244 12.1655 13.6015 42.0119 25.4558 10.4403 59.6657 34.2053 46.5296 35.4683 3.0 16.0312 19.4165 53.2635 46.1411 21.2132 17.6918 36.1248 29.5466 14.8661 29.5466 37.6431 44.9444 47.5395 36.4966 46.0977 37.0135 2.2361 49.8197 31.4006 53.8516 58.5235 52.6972 23.0868 49.0306 13.6015 42.9535 16.1245 55.9464 24.6982 24.0832 7.0711 20.1246 26.1725 29.1204 26.9258 49.2037 0.0 24.6982 31.6228 22.561 56.3205 21.095 43.0116 12.0416 55.1725 15.0 28.1603 28.1603 36.2353 12.0 48.4149 47.2969 44.9222 14.4222 60.0333 16.1245 
53.7587 37.2156 33.2866 20.0998 19.0263 23.2594 35.2278 39.3192 34.8855 71.5122 14.0 28.0179 39.4462 26.4008 38.8973 9.2195 61.7171 51.6236 10.0 33.0 59.203 35.8469 31.0644 54.1202 57.0351 51.4782 46.669 35.4683 58.5235 32.5576 25.0 46.8615 24.0832 55.2268 64.0703 58.8303 43.4166 36.6879 11.1803 41.7253 35.3553 60.0 34.9285 21.9545 20.8806 22.2036 40.3113 32.6497 51.0784 62.3618 24.6982 0.0 13.3417 43.7379 55.2268 44.5982 50.9902 35.8469 65.9242 30.0167 23.4307 48.2597 19.4165 15.8114 56.7979 34.4819 45.3431 13.0384 64.2028 29.9666 
48.1664 24.0208 39.8246 8.6023 21.2603 34.7131 23.3452 36.8782 40.3113 65.1153 3.1623 15.5242 31.7805 34.1321 42.2019 22.0227 54.1202 43.3244 23.1948 32.6956 61.2944 30.0167 31.7648 58.8982 56.0446 43.6807 36.0555 26.0 53.1507 21.9545 32.7567 35.4683 13.9284 44.9444 55.0364 50.3289 44.2832 23.4094 19.3132 31.3847 36.7151 50.5371 31.4006 16.1245 25.4951 35.0 37.855 26.0768 55.0 57.1402 31.6228 13.3417 0.0 45.1774 44.0454 48.0104 43.9318 40.3609 59.2284 30.4138 15.1327 48.4665 6.0828 26.6833 49.4773 21.1896 35.3553 17.2047 54.5894 41.2311 
26.2488 59.5483 18.0278 53.0 25.0 35.4683 43.566 13.6015 14.4222 40.8044 48.3011 56.8507 29.4109 23.4094 7.2111 41.0122 37.9473 35.0143 43.0465 12.8062 16.1245 24.1661 13.4164 17.72 15.2315 33.0606 42.2019 34.8855 28.178 38.2753 24.0416 45.8803 37.4833 45.0444 45.1221 39.6232 2.0 53.6004 33.1361 39.2173 8.544 44.2832 18.3576 30.6105 23.0868 42.3792 13.3417 26.9258 12.6491 30.2324 22.561 43.7379 45.1774 0.0 49.366 7.0711 30.1496 11.6619 37.5899 14.7648 33.9706 5.831 47.4342 34.3657 33.9559 52.6308 39.0512 30.8058 47.676 35.5106 
27.7849 33.2415 59.6825 44.2945 45.6946 67.624 20.8087 36.0555 57.3149 34.0 45.8039 40.1622 21.2132 59.203 53.0 61.0328 22.2036 15.6525 63.0079 41.1947 60.407 27.2947 43.4166 66.9104 47.4236 17.8885 8.9443 20.5913 30.6105 22.6716 58.5235 8.6023 31.1448 5.6569 16.7631 16.4012 47.3814 26.6833 53.3385 13.8924 46.0435 12.083 33.1361 34.9857 49.98 71.5891 36.1248 27.2029 61.8142 33.2415 56.3205 55.2268 44.0454 49.366 0.0 56.2228 21.0238 55.1453 28.8444 42.5793 32.2025 47.2969 39.6611 60.8276 21.2603 28.1603 11.4018 48.3735 14.1421 72.111 
33.2415 64.405 14.3178 56.2228 26.9258 32.5576 49.1935 20.2237 11.0454 47.1699 51.0392 60.8112 35.9026 21.0238 5.831 40.4475 44.9222 42.0476 42.2966 17.4929 15.0333 30.3645 17.0294 11.6619 19.8494 40.1123 48.8365 40.8534 34.9285 43.8292 22.0 52.3927 42.0119 52.0096 52.1728 46.6905 9.0554 58.8303 33.5261 45.607 12.2066 51.3517 24.3516 34.7131 23.7697 39.6232 20.0998 32.6956 7.0711 36.7151 21.095 44.5982 48.0104 7.0711 56.2228 0.0 37.2156 9.0554 44.2832 18.4391 38.4187 11.6619 50.9902 33.0606 41.0 57.6888 45.7056 32.2025 54.7449 31.3847 
7.0711 44.5982 43.8634 48.0416 35.4683 56.0803 26.9258 18.3848 40.8534 21.2132 46.6905 47.3814 12.1655 45.4863 35.171 53.8238 10.8167 5.3852 56.0357 25.5539 39.5601 15.2643 28.3019 47.0425 26.4008 3.1623 17.0294 19.0263 11.1803 24.0832 45.2217 21.2603 30.2655 15.8114 15.6525 9.8489 28.1603 37.3363 45.0 17.4642 29.1548 14.1421 18.4391 29.1548 38.2099 61.5224 18.0278 18.3848 42.0119 14.8661 43.0116 50.9902 43.9318 30.1496 21.0238 37.2156 0.0 38.2753 15.2971 28.0179 28.8617 27.074 42.107 50.9313 5.831 37.6431 14.4222 40.2244 17.72 59.0762 
35.8469 58.6686 6.4031 48.7955 19.105 24.0416 44.9222 19.9249 2.8284 51.7397 43.2782 54.037 34.0147 12.1655 4.4721 31.4006 47.4131 42.45 33.2415 14.0 24.0832 28.0 12.1655 18.6011 26.8328 40.8044 47.0 37.4833 38.6005 39.5601 13.0384 50.0899 36.2353 51.6236 53.8516 48.1041 12.8062 53.7122 24.6982 43.1045 9.2195 52.2015 22.0227 28.6531 15.2643 31.0483 20.2485 29.2746 15.2315 41.1096 12.0416 35.8469 40.3609 11.6619 55.1453 9.0554 38.2753 0.0 48.0104 13.3417 32.6497 17.4929 43.9318 24.0208 42.9535 52.3259 44.0114 23.8537 55.9732 23.8537 
12.8062 58.2495 54.2033 63.1981 49.3964 68.6804 41.1947 29.7321 50.8035 6.0 61.9839 62.0725 27.4591 57.28 44.1022 68.0955 6.7082 17.1172 70.3278 37.5366 41.1947 30.0832 40.3609 51.6624 27.2947 16.0 29.1204 34.0588 9.434 39.0128 57.28 32.8938 45.5412 23.3238 13.6015 12.53 35.8469 50.9902 59.1692 31.257 39.6989 17.0294 31.9061 44.2719 51.4004 74.6525 29.0 33.5261 47.1275 8.0623 55.1725 65.9242 59.2284 37.5899 28.8444 44.2832 15.2971 48.0104 0.0 40.4599 44.1475 32.6956 57.3149 64.405 10.0 51.6236 27.4591 54.5894 17.2047 70.7672 
27.6586 46.0435 17.1172 38.2753 11.0 28.2843 31.6228 10.8167 15.0333 45.2217 33.541 42.45 21.3776 17.4929 13.0384 29.1204 38.2884 31.305 31.3209 3.1623 30.8869 15.2971 1.4142 30.0 27.0185 30.0167 34.1321 24.1868 31.6228 26.2488 17.2047 37.0 23.6008 39.5601 43.566 37.7359 13.9284 40.7063 20.3961 30.0 6.4031 41.1461 9.8489 16.2788 11.1803 34.2053 11.6619 16.0312 25.4951 34.9857 15.0 30.0167 30.4138 14.7648 42.5793 18.4391 28.0179 13.3417 40.4599 0.0 20.0 18.4391 32.8024 24.1868 33.4215 39.4462 31.257 17.0 45.1774 31.0644 
33.0606 26.0768 34.4819 20.6155 16.0312 36.8782 14.1421 23.2594 33.6155 50.01 18.0278 23.0217 16.7631 31.1448 33.0151 28.8444 39.2173 28.6356 30.8058 21.2132 49.8197 15.0333 21.4009 50.0 42.5441 28.7924 23.4307 12.0416 38.0526 9.8489 30.0666 24.1868 3.6056 31.8277 40.8167 35.7771 32.6497 21.1896 21.5407 18.4391 26.2488 36.6197 17.4642 4.1231 21.095 39.9249 24.1661 11.0 45.4533 42.0476 28.1603 23.4307 15.1327 33.9706 32.2025 38.4187 28.8617 32.6497 44.1475 20.0 0.0 36.0555 14.5602 29.4109 34.4819 19.6977 21.9317 16.7631 40.8044 42.2966 
22.2036 60.8276 23.8537 55.9017 29.2746 41.2311 44.0454 13.4536 20.2485 35.5106 51.6236 59.0762 28.6531 29.1548 13.0384 46.1736 33.7343 32.249 48.2597 15.8114 14.2127 24.2074 17.2627 20.0 9.4868 30.1496 40.8534 35.0 23.4094 38.9487 29.7321 44.7772 39.4081 42.5793 41.3038 36.0555 5.099 54.4885 38.0 38.4708 13.0 41.0 19.105 33.121 28.0179 48.1041 12.8062 27.5862 15.0333 25.0599 28.1603 48.2597 48.4665 5.831 47.2969 11.6619 27.074 17.4929 32.6956 18.4391 36.0555 0.0 50.1199 39.8121 30.1496 53.7401 37.6962 35.2278 44.1022 41.3401 
47.0425 18.0 44.1022 6.0828 25.0 40.4475 18.868 37.6962 44.2041 63.2851 6.4031 10.2956 30.0167 38.9102 45.2769 28.0713 51.788 40.7922 29.2746 34.6699 63.5138 29.4279 34.2053 62.2254 57.0088 41.4367 32.2025 23.3452 52.0384 18.6815 37.5766 31.0644 12.0416 41.1461 51.8652 47.5395 46.3249 17.4642 24.7386 27.8568 39.2046 47.1699 31.9531 17.0 29.6816 41.0122 38.6264 25.318 58.0517 56.0357 36.2353 19.4165 6.0828 47.4342 39.6611 50.9902 42.107 43.9318 57.3149 32.8024 14.5602 50.1199 0.0 32.3883 47.3814 15.2315 31.9531 21.9317 51.0784 46.8722 
51.614 50.2494 19.6469 34.7851 15.6205 8.0623 43.4166 34.9857 22.2036 69.3397 28.4605 42.2019 41.4005 12.3693 28.0179 8.0623 61.6198 53.1507 9.4868 27.2947 48.0937 36.1248 24.5967 40.8044 49.2443 52.345 51.8845 40.2492 55.7584 39.2173 11.1803 53.3104 31.7805 59.3633 65.8559 60.1415 34.7131 48.0416 8.0623 46.9574 27.2029 62.6259 32.6497 26.0 13.0384 10.8167 35.8469 34.4093 38.6394 59.1692 12.0 15.8114 26.6833 34.3657 60.8276 33.0606 50.9313 24.0208 64.405 24.1868 29.4109 39.8121 32.3883 0.0 56.6392 46.0109 49.7393 12.6491 66.8431 14.5602 
8.0 48.5077 48.7647 53.2353 41.2311 61.6198 31.257 23.3238 45.618 16.0 52.1728 52.0865 17.72 50.8035 39.5601 59.6406 5.0 7.2801 61.8547 30.8058 41.4367 21.095 33.6006 50.0899 27.6586 6.0 19.6977 24.0832 9.434 29.0172 50.6063 23.7065 35.6931 15.6205 11.1803 6.0828 32.0156 41.2311 50.8035 21.3776 34.0 11.4018 24.0416 34.9285 43.8406 67.1789 22.8254 24.1661 45.1774 12.0416 48.4149 56.7979 49.4773 33.9559 21.2603 41.0 5.831 42.9535 10.0 33.4215 34.4819 30.1496 47.3814 56.6392 0.0 41.7732 17.72 46.0435 14.0 64.405 
44.0114 7.2111 54.0833 17.6918 35.171 54.0 10.7703 40.3113 53.3104 57.5587 21.4709 12.083 27.2947 50.2195 52.4786 42.7551 45.2769 34.5254 44.1475 40.2244 67.897 29.8329 40.8167 69.3397 58.6003 35.9026 23.0 19.7231 48.7032 15.0 49.0306 20.2237 16.1555 31.257 43.1045 40.05 51.0882 2.2361 38.0 20.3961 45.4863 38.1182 34.6554 23.7697 40.2616 55.4437 41.0366 26.1725 64.6375 52.4976 47.2969 34.4819 21.1896 52.6308 28.1603 57.6888 37.6431 52.3259 51.6236 39.4462 19.6977 53.7401 15.2315 46.0109 41.7732 0.0 24.1868 34.1321 41.4367 60.075 
21.4009 30.8058 48.3735 37.3631 34.4384 56.3649 14.0357 25.4951 46.0977 33.3766 37.5766 35.0571 10.0 47.8017 42.107 50.448 21.095 10.4403 52.4976 30.0167 51.4296 16.0312 32.1403 56.7539 39.4081 12.083 3.1623 9.8995 25.5539 13.4164 47.1275 7.2111 21.6333 9.8995 19.9249 16.0312 37.108 23.5372 42.4382 4.1231 35.0143 15.2315 22.0 24.2074 38.6264 60.5392 25.7099 15.8114 51.6624 29.0689 44.9222 45.3431 35.3553 39.0512 11.4018 45.7056 14.4222 44.0114 27.4591 31.257 21.9317 37.6962 31.9531 49.7393 17.72 24.1868 0.0 37.4433 19.2354 60.7454 
42.0476 39.0512 22.6716 25.807 6.0 20.2237 30.8058 26.6833 23.4307 59.9333 19.8494 32.2025 29.6985 17.0 26.4008 13.6015 51.0392 41.7732 15.8114 20.025 46.4866 25.0 18.0278 42.4382 44.0114 41.2311 39.4462 27.7849 46.6154 26.5707 15.6525 40.7185 19.2354 47.2017 54.4885 48.9183 30.4138 36.0555 5.0 34.4819 22.3607 50.9313 22.8473 13.4164 8.6023 23.2594 27.6586 22.6274 38.9487 50.3289 14.4222 13.0384 17.2047 30.8058 48.3735 32.2025 40.2244 23.8537 54.5894 17.0 16.7631 35.2278 21.9317 12.6491 46.0435 34.1321 37.4433 0.0 55.1725 26.0 
22.0 47.0425 61.4654 56.3028 51.225 72.6705 32.573 36.0555 58.5235 21.2603 56.7979 53.1507 25.4951 62.6498 52.8867 68.593 11.7047 13.8924 70.7248 42.9535 55.3263 30.8058 45.618 64.0703 41.4367 15.2315 18.9737 28.8444 22.561 32.6497 62.2656 21.2132 40.8167 10.198 3.6056 8.0623 45.7056 40.1995 60.1415 23.2594 46.8188 4.2426 35.3553 42.5206 54.6443 77.6209 35.7351 32.5576 59.1354 23.7697 60.0333 64.2028 54.5894 47.676 14.1421 54.7449 17.72 55.9732 17.2047 45.1774 40.8044 44.1022 51.0784 66.8431 14.0 41.4367 19.2354 55.1725 0.0 76.1577 
58.1378 64.6297 17.4929 49.3356 26.6833 6.7082 56.4358 41.2311 21.095 74.9667 43.0116 56.7539 51.4782 13.6015 28.3019 21.095 69.2026 62.2656 21.4009 33.6006 45.3542 45.618 30.8058 35.0571 50.6063 61.0574 63.2456 51.923 61.5224 51.788 13.8924 65.2534 45.0999 69.857 74.6257 68.7968 36.6197 62.0322 22.2036 58.5235 31.1127 72.0694 40.8167 38.4708 22.1359 11.1803 41.8688 44.9444 34.7131 64.3817 16.1245 29.9666 41.2311 35.5106 72.111 31.3847 59.0762 23.8537 70.7672 31.0644 42.2966 41.3401 46.8722 14.5602 64.405 60.075 60.7454 26.0 76.1577 0.0 
