60
0.0 39.3192 34.0147 55.0818 35.0 12.2066 37.5766 48.2597 24.0416 61.6117 42.2019 48.1041 33.6155 57.3847 58.7282 18.7883 14.4222 21.4009 17.1172 47.8539 34.0588 40.1123 26.8328 46.4004 39.5601 46.5725 9.2195 19.2354 37.0135 21.5407 42.3792 17.72 32.249 49.0306 22.2036 23.5372 26.4764 16.0 46.4004 37.9473 44.2041 16.7631 34.176 5.831 39.0 22.4722 33.3766 24.2074 8.0623 52.811 22.8035 44.0454 51.4004 12.1655 48.2701 48.0104 59.6657 50.9608 54.9181 42.2019 
39.3192 0.0 49.4065 17.2047 29.2062 35.3412 12.083 13.4536 20.0 32.8938 46.2277 30.5941 36.7696 38.0132 35.2278 25.5539 31.7805 23.4094 43.0465 42.0476 27.0185 50.2096 33.0151 23.0868 43.2782 18.0278 37.2156 37.2022 51.225 19.2354 19.0263 36.0555 7.0711 17.4929 29.0689 16.0 16.4012 40.5216 33.8378 41.1096 22.3607 25.0799 38.1838 36.0 20.2237 30.4138 6.0 22.3607 42.0595 16.2788 22.8473 8.6023 36.8782 27.8927 10.0 23.0 33.7343 21.4709 21.2132 32.2025 
34.0147 49.4065 0.0 57.2451 22.8035 44.7214 39.3573 62.6259 47.5079 51.0392 13.0384 34.0147 14.3178 40.025 44.4072 45.6946 23.7697 27.6586 51.0882 23.7697 24.3516 7.2111 16.4012 38.4708 12.6491 65.0538 25.1794 51.9711 3.0 33.4215 63.1269 18.0278 44.5982 65.8559 21.2603 37.6431 47.4342 18.0278 29.1548 13.1529 36.6742 42.5441 13.1529 29.2746 61.4003 19.8494 44.6878 27.5862 42.0 53.7587 27.5862 57.6281 32.7567 38.2753 53.2259 40.4475 47.1699 69.3109 70.4344 26.0 
55.0818 17.2047 57.2451 0.0 34.5398 52.3546 19.0263 20.6155 37.2022 21.2132 50.2494 28.2843 43.0813 31.7648 26.9258 42.72 45.0999 36.0555 60.208 42.5206 32.8938 55.9017 41.9762 20.6155 47.8853 28.1603 51.3517 54.4059 58.3095 33.7343 31.7805 48.0416 23.7065 25.4951 40.1123 31.6228 33.6006 53.0094 33.3017 46.0652 21.6333 42.0595 44.3847 50.9902 34.4819 41.1947 22.3607 34.0 58.6941 3.6056 35.0143 19.2354 34.0588 44.3847 7.2111 19.105 24.0416 29.2746 25.02 33.8378 
35.0 29.2062 22.8035 34.5398 0.0 40.4969 17.6918 42.638 35.0571 30.0832 17.0294 13.8924 8.544 22.6716 25.0599 36.2215 20.6155 15.5242 48.8467 15.0 2.2361 21.6333 9.8489 16.0 14.1421 46.6476 26.8701 46.5725 23.7697 20.025 46.0977 19.4165 26.4008 46.6154 12.8062 23.0868 33.3766 24.1868 11.4018 12.0416 14.0357 33.3766 9.8489 29.2062 45.5412 12.7279 25.9422 13.1529 42.19 31.0161 14.3178 37.8021 16.4012 31.3209 31.0644 18.0 26.9258 50.4777 50.3289 7.2111 
12.2066 35.3412 44.7214 52.3546 40.4969 0.0 37.4833 41.3038 16.2788 62.9682 51.0882 51.9711 41.4367 61.4003 61.6117 10.198 22.0227 25.0799 8.6023 54.8179 39.0 50.1597 34.3657 48.4149 48.1664 38.0526 19.6469 7.2801 47.676 22.2036 33.2415 27.074 28.6531 41.0 28.6356 21.9317 19.6469 26.9258 51.4782 46.2709 46.4004 10.2956 42.2966 15.5242 29.4279 29.4279 30.0167 27.7308 8.2462 50.774 26.4008 37.855 56.3649 9.434 45.1774 49.679 61.8466 42.19 47.0 47.5395 
37.5766 12.083 39.3573 19.0263 17.6918 37.4833 0.0 25.2389 25.4951 25.6125 34.6554 19.0263 25.807 27.2947 25.632 29.4109 26.3059 17.2627 45.9674 29.9666 15.6205 39.2046 23.4094 12.3693 31.8277 30.0832 32.7567 41.4005 40.8167 16.1245 30.5941 29.0172 12.1655 29.5296 21.095 15.5563 22.4722 34.0 21.8403 29.7321 11.0454 27.6586 27.2029 32.8938 31.0644 22.2036 11.0454 15.0333 42.4382 16.0312 16.1245 20.5913 25.1794 28.4253 13.9284 13.0 25.0599 33.541 32.8024 20.1246 
48.2597 13.4536 62.6259 20.6155 42.638 41.3038 25.2389 0.0 25.0799 41.0488 59.6657 42.72 50.2096 49.0306 45.2769 31.1448 43.4626 35.8469 47.5395 55.0727 40.4599 63.6396 46.2277 34.7851 56.7274 7.6158 48.0833 40.8044 64.5368 30.8707 12.0416 48.3011 18.3576 5.0 41.8808 26.9258 22.0 52.3927 46.5188 54.5619 34.5398 32.0 51.6236 46.0977 15.6205 43.2666 18.0278 35.2278 49.0918 22.0907 35.5106 5.0 49.0408 36.1248 16.0312 34.2053 43.0465 9.0554 7.8102 45.2769 
24.0416 20.0 47.5079 37.2022 35.0571 16.2788 25.4951 25.0799 0.0 50.774 49.7293 43.1741 39.2938 52.2015 51.0784 6.0828 24.2074 20.8806 23.2594 50.04 33.0151 51.0784 32.8938 37.6962 46.5725 22.561 26.4008 17.2047 50.1199 15.2971 18.3848 30.0 14.2127 25.1794 26.9258 12.0 3.6056 32.5269 44.2832 44.3847 36.0555 7.2801 40.5216 23.3238 15.2643 28.2312 15.6205 22.3607 24.0208 36.1248 21.587 21.587 48.6621 12.083 30.0 38.4838 50.5371 26.9258 31.1448 41.0488 
61.6117 32.8938 51.0392 21.2132 30.0832 62.9682 25.6125 41.0488 50.774 0.0 40.3113 17.0294 37.3363 13.8924 8.0623 55.0 48.3735 40.2244 71.5052 29.8329 29.7321 47.1699 39.8497 15.2643 39.0512 48.2597 55.0727 67.0075 51.0098 41.0366 50.9902 48.8467 36.7151 46.0435 41.1461 41.1096 47.5079 53.8516 22.0227 38.0 17.4929 53.2635 38.2099 56.3028 52.8867 41.6293 35.3553 37.4433 67.3573 19.0 38.833 38.4708 19.6469 53.7401 25.1794 13.6015 4.4721 50.01 46.1736 25.0799 
42.2019 46.2277 13.0384 50.2494 17.0294 51.0882 34.6554 59.6657 49.7293 40.3113 0.0 23.7697 10.4403 28.0713 33.0151 49.4975 29.0689 28.8617 58.5491 11.1803 19.2094 7.0711 17.1172 29.9666 3.1623 63.5138 32.9848 58.0086 11.7047 34.4819 62.6498 24.5153 43.0465 63.6003 23.1948 38.2753 48.7032 26.9258 18.4391 5.3852 28.6531 46.3897 9.2195 36.6742 61.7414 22.0907 42.72 27.5136 50.2195 46.6476 28.1603 54.8179 21.0 43.0465 47.634 31.7805 36.1248 67.424 67.3573 16.5529 
48.1041 30.5941 34.0147 28.2843 13.8924 51.9711 19.0263 42.72 43.1741 17.0294 23.7697 0.0 20.3961 9.434 11.1803 45.8803 33.9706 27.2029 60.5392 14.4222 14.2127 30.4138 23.7065 8.0623 22.2036 48.5077 40.4599 57.2713 34.0588 29.9666 49.4975 33.2866 31.0161 47.4342 26.2488 31.6228 40.6079 38.0789 5.3852 21.0238 8.2462 43.4626 21.2132 42.4264 50.0899 26.4008 30.0 24.4131 54.8179 24.7588 25.807 38.6005 6.3246 42.5441 27.7849 9.2195 13.3417 51.5461 49.6588 8.0623 
33.6155 36.7696 14.3178 43.0813 8.544 41.4367 25.807 50.2096 39.2938 37.3363 10.4403 20.3961 0.0 27.7308 31.3209 39.2046 19.6469 18.4391 49.2443 14.4222 10.2956 13.4536 7.0711 24.1868 7.2801 53.6004 24.5967 48.1664 15.2315 24.0416 52.4786 16.1245 33.0151 53.9073 13.0 27.8568 38.2753 19.8494 16.1555 5.099 22.3607 36.1248 1.4142 27.8568 51.4296 12.0416 32.8024 17.088 41.4367 39.5601 17.72 45.2769 20.5913 33.0151 39.4462 26.1725 33.7343 57.6281 57.9828 12.3693 
57.3847 38.0132 40.025 31.7648 22.6716 61.4003 27.2947 49.0306 52.2015 13.8924 28.0713 9.434 27.7308 0.0 5.831 55.1543 43.1393 36.6197 69.9714 17.0 23.3452 35.1283 32.2025 15.0333 27.4591 55.4437 49.5177 66.6408 39.4588 39.3573 57.0351 42.0119 39.4588 53.9351 35.3553 40.8534 49.4773 46.6154 11.6619 26.9258 16.2788 52.8015 28.2312 51.6624 58.0345 35.3836 38.3275 33.8378 64.2028 28.6356 35.2278 45.3982 7.2801 51.9711 33.2415 15.0333 9.434 58.0517 55.3624 15.8114 
58.7282 35.2278 44.4072 26.9258 25.0599 61.6117 25.632 45.2769 51.0784 8.0623 33.0151 11.1803 31.3209 5.831 0.0 54.5894 44.8219 37.4833 70.214 22.2036 25.2389 40.0 34.8855 13.4164 32.0624 52.0384 51.4004 66.3702 44.1022 39.4081 54.0833 44.4185 37.6431 50.2494 37.2022 40.3113 48.1041 49.2443 15.2971 31.257 15.2643 52.4786 32.0156 53.1507 55.4437 37.4433 36.4005 34.6554 65.1153 24.0416 36.0694 42.0119 12.0416 52.2015 29.2746 12.6491 3.6056 54.3323 51.1957 18.9737 
18.7883 25.5539 45.6946 42.72 36.2215 10.198 29.4109 31.1448 6.0828 55.0 49.4975 45.8803 39.2046 55.1543 54.5894 0.0 21.9317 21.0 17.4929 51.1566 34.3657 50.0 32.3883 41.1825 46.3897 28.2843 22.6716 12.0416 48.4665 16.2788 23.7697 27.7308 19.2094 31.0644 26.3059 14.3178 9.4868 29.4109 46.3249 44.2832 39.3573 3.1623 40.3113 19.105 20.2485 27.4591 20.6155 23.0868 18.0 41.4005 22.0227 27.6586 50.9608 7.8102 35.5106 42.19 54.3783 32.5576 37.054 42.7551 
14.4222 31.7805 23.7697 45.0999 20.6155 22.0227 26.3059 43.4626 24.2074 48.3735 29.0689 33.9706 19.6469 43.1393 44.8219 21.9317 0.0 9.0554 29.6142 33.6155 19.799 28.4429 12.6491 33.121 26.1725 44.1022 6.7082 29.0172 26.5707 12.6491 41.2311 5.831 25.2982 45.6508 7.8102 16.5529 24.7588 8.9443 32.0156 24.3311 30.8869 18.7883 20.3961 8.6023 38.8973 8.0623 25.9615 11.4018 21.9317 42.2966 10.198 38.6264 37.0135 14.5602 39.0128 34.8855 46.0435 48.5489 50.9902 27.8029 
21.4009 23.4094 27.6586 36.0555 15.5242 25.0799 17.2627 35.8469 20.8806 40.2244 28.8617 27.2029 18.4391 36.6197 37.4833 21.0 9.0554 0.0 33.541 30.2655 13.9284 30.4138 12.083 25.0 25.7099 37.5366 15.5242 31.0483 30.0 5.831 35.4683 12.6491 17.4929 38.6005 6.4031 10.0 20.1246 17.2627 26.4008 23.5372 22.8035 18.0278 19.6469 16.1245 33.8378 7.8102 17.8885 2.8284 27.6586 33.2415 1.4142 30.8869 31.305 15.8114 30.0666 26.6271 38.2884 41.8688 43.566 22.4722 
17.1172 43.0465 51.0882 60.208 48.8467 8.6023 45.9674 47.5395 23.2594 71.5052 58.5491 60.5392 49.2443 69.9714 70.214 17.4929 29.6142 33.541 0.0 62.9365 47.4236 57.0088 42.2019 57.0088 55.7315 43.2897 26.0 7.0 54.0833 30.8058 38.1182 34.1321 36.6197 46.5296 36.6879 30.4138 26.8328 33.0606 59.9333 53.9351 55.0 18.4391 50.01 22.0227 34.0588 37.3631 38.0132 36.2353 9.4868 58.8218 34.8855 44.5982 64.846 18.0278 53.0 58.258 70.4344 47.0956 52.469 55.9464 
47.8539 42.0476 23.7697 42.5206 15.0 54.8179 29.9666 55.0727 50.04 29.8329 11.1803 14.4222 14.4222 17.0 22.2036 51.1566 33.6155 30.2655 62.9365 0.0 17.0294 18.2483 21.0238 21.9317 11.1803 60.0083 38.9487 61.1882 22.8035 35.0143 60.0833 30.5287 40.5216 59.4811 26.2488 38.0526 48.2597 34.2053 9.2195 11.4018 21.2603 48.2597 14.2127 42.0476 59.9083 25.632 39.8497 28.0713 55.5428 38.9487 29.1548 50.5371 10.198 45.8912 41.2311 23.4307 25.4951 63.5059 62.434 9.8489 
34.0588 27.0185 24.3516 32.8938 2.2361 39.0 15.6205 40.4599 33.0151 29.7321 19.2094 14.2127 10.2956 23.3452 25.2389 34.3657 19.799 13.9284 47.4236 17.0294 0.0 23.6008 10.198 15.1327 16.2788 44.4185 26.2488 44.9222 25.4951 18.1108 43.8634 19.2354 24.1661 44.4072 12.0416 21.0238 31.257 24.1661 12.53 14.1421 13.0384 31.5753 11.6619 28.3196 43.3244 12.2066 23.7065 11.4018 41.0488 29.4109 12.6491 35.609 17.4929 29.7321 29.1548 17.1172 26.8328 48.2597 48.1664 8.544 
40.1123 50.2096 7.2111 55.9017 21.6333 50.1597 39.2046 63.6396 51.0784 47.1699 7.0711 30.4138 13.4536 35.1283 40.0 50.0 28.4429 30.4138 57.0088 18.2483 23.6008 0.0 18.3576 36.0555 8.2462 66.8431 31.0161 57.3149 5.0 36.2353 65.4599 23.0868 46.2277 67.2681 24.1661 40.3113 50.5371 24.1868 25.1794 9.8489 34.5398 46.8402 12.0416 35.0 64.1405 22.8473 46.0977 29.6816 48.1664 52.3259 30.0167 58.6941 28.0179 42.9535 52.6972 37.9473 43.0465 70.9366 71.4213 22.8035 
26.8328 33.0151 16.4012 41.9762 9.8489 34.3657 23.4094 46.2277 32.8938 39.8497 17.1172 23.7065 7.0711 32.2025 34.8855 32.3883 12.6491 12.083 42.2019 21.0238 10.198 18.3576 0.0 25.318 14.0357 48.8365 18.0278 41.1096 18.3848 17.8885 47.2017 9.8995 28.2843 49.5177 6.0828 21.9545 32.2025 14.4222 20.6155 12.0 23.1948 29.2746 8.0 21.0238 45.793 5.0 28.3196 11.4018 34.5398 38.6394 11.6619 41.2311 25.4951 26.0 37.3363 27.2947 36.7696 53.0377 54.037 16.4012 
46.4004 23.0868 38.4708 20.6155 16.0 48.4149 12.3693 34.7851 37.6962 15.2643 29.9666 8.0623 24.1868 15.0333 13.4164 41.1825 33.121 25.0 57.0088 21.9317 15.1327 36.0555 25.318 0.0 27.8568 40.7922 39.8246 53.0 39.0512 26.2488 42.107 33.8378 24.5153 39.5601 26.0 26.9258 34.7851 38.8973 12.7279 26.2488 2.2361 39.1152 25.318 41.0488 43.0116 26.5707 23.3452 22.2036 52.345 17.0294 23.6008 30.8058 14.3178 39.0512 19.7231 2.0 13.4536 43.6807 41.6293 13.4164 
39.5601 43.2782 12.6491 47.8853 14.1421 48.1664 31.8277 56.7274 46.5725 39.0512 3.1623 22.2036 7.2801 27.4591 32.0624 46.3897 26.1725 25.7099 55.7315 11.1803 16.2788 8.2462 14.0357 27.8568 0.0 60.4649 30.3645 55.0364 12.0416 31.3209 59.5399 21.8403 39.9625 60.6053 20.0998 35.1141 45.5412 24.5967 17.0294 2.2361 26.4008 43.2897 6.0828 33.9559 58.6003 19.0263 39.6611 24.3516 47.5395 44.2945 25.0 51.8556 20.2237 40.0125 45.0 29.7321 35.0 64.405 64.4438 14.5602 
46.5725 18.0278 65.0538 28.1603 46.6476 38.0526 30.0832 7.6158 22.561 48.2597 63.5138 48.5077 53.6004 55.4437 52.0384 28.2843 44.1022 37.5366 43.2897 60.0083 44.4185 66.8431 48.8365 40.7922 60.4649 0.0 47.8539 36.3456 67.2086 32.0156 5.3852 49.4065 20.6155 3.6056 43.8634 27.8029 20.2485 53.0 51.8652 58.2495 40.2616 29.8329 55.0 45.31 9.4868 45.2769 20.8087 37.4833 46.1736 29.4279 37.4833 10.0499 54.8179 34.4819 23.0868 40.4475 50.01 4.4721 9.2195 50.1597 
9.2195 37.2156 25.1794 51.3517 26.8701 19.6469 32.7567 48.0833 26.4008 55.0727 32.9848 40.4599 24.5967 49.5177 51.4004 22.6716 6.7082 15.5242 26.0 38.9487 26.2488 31.0161 18.0278 39.8246 30.3645 47.8539 0.0 26.9258 28.1603 18.0278 44.4185 8.544 30.4138 49.7695 14.2127 21.3776 27.7849 7.2801 38.2099 28.7924 37.5899 19.799 25.0799 4.1231 41.6173 14.1421 31.257 18.0278 17.2627 48.6621 16.7631 43.4166 43.1856 14.8661 45.0444 41.5933 52.6972 52.3259 55.3624 33.9706 
19.2354 37.2022 51.9711 54.4059 46.5725 7.2801 41.4005 40.8044 17.2047 67.0075 58.0086 57.2713 48.1664 66.6408 66.3702 12.0416 29.0172 31.0483 7.0 61.1882 44.9222 57.3149 41.1096 53.0 55.0364 36.3456 26.9258 0.0 54.9181 27.313 31.1448 34.2345 31.1448 39.6232 35.2278 26.0768 20.8087 34.2053 57.2451 53.0848 51.1077 13.8924 49.0918 22.8035 27.074 36.1248 32.5576 33.5261 13.4536 53.2635 32.28 38.0789 62.0322 15.2971 47.2017 54.0833 66.2873 40.1123 45.5412 53.4509 
37.0135 51.225 3.0 58.3095 23.7697 47.676 40.8167 64.5368 50.1199 51.0098 11.7047 34.0588 15.2315 39.4588 44.1022 48.4665 26.5707 30.0 54.0833 22.8035 25.4951 5.0 18.3848 39.0512 12.0416 67.2086 28.1603 54.9181 0.0 35.805 65.437 20.8806 46.669 67.897 23.6008 40.0 49.93 21.0238 29.0 13.0384 37.3631 45.31 13.9284 32.249 63.8201 22.2036 46.6905 29.7321 45.0 54.7814 29.8329 59.5483 32.249 41.1096 54.5894 41.0 47.0106 71.4213 72.3464 26.1725 
21.5407 19.2354 33.4215 33.7343 20.025 22.2036 16.1245 30.8707 15.2971 41.0366 34.4819 29.9666 24.0416 39.3573 39.4081 16.2788 12.6491 5.831 30.8058 35.0143 18.1108 36.2353 17.8885 26.2488 31.3209 32.0156 18.0278 27.313 35.805 0.0 29.7321 17.4929 12.6491 33.2866 12.2066 4.2426 14.3178 21.5407 30.0832 29.1204 24.2074 13.6015 25.2982 17.2627 28.0179 13.6015 13.3417 7.0711 26.4008 31.3209 6.3246 26.0 34.7851 12.8062 27.1662 27.5862 39.6989 36.4005 38.4708 26.4764 
42.3792 19.0263 63.1269 31.7805 46.0977 33.2415 30.5941 12.0416 18.3848 50.9902 62.6498 49.4975 52.4786 57.0351 54.0833 23.7697 41.2311 35.4683 38.1182 60.0833 43.8634 65.4599 47.2017 42.107 59.5399 5.3852 44.4185 31.1448 65.437 29.7321 0.0 46.7547 19.6977 8.9443 41.8688 25.4951 16.6433 50.0 52.3927 57.3062 41.3038 25.632 53.8516 41.5933 4.1231 43.2782 20.2485 35.805 41.4367 32.573 35.609 12.6491 55.7315 30.4631 25.9615 42.0119 52.345 9.0 14.5602 50.2892 
17.72 36.0555 18.0278 48.0416 19.4165 27.074 29.0172 48.3011 30.0 48.8467 24.5153 33.2866 16.1245 42.0119 44.4185 27.7308 5.831 12.6491 34.1321 30.5287 19.2354 23.0868 9.8995 33.8378 21.8403 49.4065 8.544 34.2345 20.8806 17.4929 46.7547 0.0 29.9666 50.774 8.0623 21.6333 30.4138 5.099 30.4795 20.2485 31.6228 24.5967 16.5529 12.1655 44.5533 7.2801 30.4631 14.1421 25.7099 45.0 13.3417 43.382 35.3836 20.2485 42.4264 35.7351 46.0652 53.8238 55.9464 26.2488 
32.249 7.0711 44.5982 23.7065 26.4008 28.6531 12.1655 18.3576 14.2127 36.7151 43.0465 31.0161 33.0151 39.4588 37.6431 19.2094 25.2982 17.4929 36.6197 40.5216 24.1661 46.2277 28.2843 24.5153 39.9625 20.6155 30.4138 31.1448 46.669 12.6491 19.6977 29.9666 0.0 21.2603 23.6008 9.0554 10.8167 34.176 33.2415 37.7359 23.1948 18.3576 34.4093 29.0172 19.4165 25.0 1.4142 17.0294 35.1141 22.2036 17.2047 13.4164 37.0135 20.8806 16.5529 25.0 36.7696 24.7588 26.0768 30.8058 
49.0306 17.4929 65.8559 25.4951 46.6154 41.0 29.5296 5.0 25.1794 46.0435 63.6003 47.4342 53.9073 53.9351 50.2494 31.0644 45.6508 38.6005 46.5296 59.4811 44.4072 67.2681 49.5177 39.5601 60.6053 3.6056 49.7695 39.6232 67.897 33.2866 8.9443 50.774 21.2603 0.0 44.8219 29.1548 22.561 54.5894 51.0784 58.4123 39.2173 32.3883 55.3173 47.4342 13.0 46.2277 21.2132 38.2884 49.0408 27.074 38.4187 8.9443 53.7587 36.8782 21.0238 39.0512 48.0416 4.1231 6.0 49.6488 
22.2036 29.0689 21.2603 40.1123 12.8062 28.6356 21.095 41.8808 26.9258 41.1461 23.1948 26.2488 13.0 35.3553 37.2022 26.3059 7.8102 6.4031 36.6879 26.2488 12.0416 24.1661 6.0828 26.0 20.0998 43.8634 14.2127 35.2278 23.6008 12.2066 41.8688 8.0623 23.6008 44.8219 0.0 16.4012 26.4197 13.1529 24.2074 18.0278 23.7697 23.1948 14.0357 16.4012 40.2244 1.4142 23.8537 6.7082 29.5296 37.0135 6.4031 36.8917 29.2062 20.025 34.7131 27.8568 38.5876 48.1664 49.6488 20.0 
23.5372 16.0 37.6431 31.6228 23.0868 21.9317 15.5563 26.9258 12.0 41.1096 38.2753 31.6228 27.8568 40.8534 40.3113 14.3178 16.5529 10.0 30.4138 38.0526 21.0238 40.3113 21.9545 26.9258 35.1141 27.8029 21.3776 26.0768 40.0 4.2426 25.4951 21.6333 9.0554 29.1548 16.4012 0.0 10.4403 25.4951 32.3883 32.8938 25.0599 12.2066 29.1548 20.0 23.8537 17.8045 10.0 10.7703 27.2947 29.5466 10.2956 22.1359 36.8782 13.0384 24.7386 28.0179 40.2244 32.2025 34.4384 29.0689 
26.4764 16.4012 47.4342 33.6006 33.3766 19.6469 22.4722 22.0 3.6056 47.5079 48.7032 40.6079 38.2753 49.4773 48.1041 9.4868 24.7588 20.1246 26.8328 48.2597 31.257 50.5371 32.2025 34.7851 45.5412 20.2485 27.7849 20.8087 49.93 14.3178 16.6433 30.4138 10.8167 22.561 26.4197 10.4403 0.0 33.4215 42.0476 43.3244 33.2415 10.0 39.5601 25.0799 14.1421 27.7849 12.2066 21.1896 27.1662 32.5576 20.6155 18.2483 46.2709 14.3178 26.4008 35.4683 47.4236 24.6982 28.4429 39.0128 
16.0 40.5216 18.0278 53.0094 24.1868 26.9258 34.0 52.3927 32.5269 53.8516 26.9258 38.0789 19.8494 46.6154 49.2443 29.4109 8.9443 17.2627 33.0606 34.2053 24.1661 24.1868 14.4222 38.8973 24.5967 53.0 7.2801 34.2053 21.0238 21.5407 50.0 5.099 34.176 54.5894 13.1529 25.4951 33.4215 0.0 35.0 23.3238 36.6879 26.4008 20.0 11.4018 47.5079 12.3693 34.7851 19.0263 24.0208 50.01 18.1108 47.5395 39.8246 21.6333 47.2652 40.8044 50.9902 57.4543 59.9333 30.8058 
46.4004 33.8378 29.1548 33.3017 11.4018 51.4782 21.8403 46.5188 44.2832 22.0227 18.4391 5.3852 16.1555 11.6619 15.2971 46.3249 32.0156 26.4008 59.9333 9.2195 12.53 25.1794 20.6155 12.7279 17.0294 51.8652 38.2099 57.2451 29.0 30.0832 52.3927 30.4795 33.2415 51.0784 24.2074 32.3883 42.0476 35.0 0.0 16.0312 12.2066 43.6807 16.7631 40.6079 52.6118 24.0832 32.3883 23.7697 53.535 29.7321 25.0799 42.1545 5.0 42.1545 32.2025 14.2127 18.0278 55.1543 53.7122 4.2426 
37.9473 41.1096 13.1529 46.0652 12.0416 46.2709 29.7321 54.5619 44.3847 38.0 5.3852 21.0238 5.099 26.9258 31.257 44.2832 24.3311 23.5372 53.9351 11.4018 14.1421 9.8489 12.0 26.2488 2.2361 58.2495 28.7924 53.0848 13.0384 29.1204 57.3062 20.2485 37.7359 58.4123 18.0278 32.8938 43.3244 23.3238 16.0312 0.0 24.6982 41.1947 4.0 32.28 56.3649 17.0 37.4433 22.1359 45.8803 42.4853 22.8035 49.679 19.6469 38.0 43.0116 28.1603 34.0588 62.2013 62.2896 13.1529 
44.2041 22.3607 36.6742 21.6333 14.0357 46.4004 11.0454 34.5398 36.0555 17.4929 28.6531 8.2462 22.3607 16.2788 15.2643 39.3573 30.8869 22.8035 55.0 21.2603 13.0384 34.5398 23.1948 2.2361 26.4008 40.2616 37.5899 51.1077 37.3631 24.2074 41.3038 31.6228 23.1948 39.2173 23.7697 25.0599 33.2415 36.6879 12.2066 24.6982 0.0 37.2156 23.5372 38.833 42.0119 24.3516 22.0907 20.0 50.2096 18.0278 21.4009 30.3645 14.5602 37.0135 20.0 4.1231 15.5563 43.3244 41.5933 12.2066 
16.7631 25.0799 42.5441 42.0595 33.3766 10.2956 27.6586 32.0 7.2801 53.2635 46.3897 43.4626 36.1248 52.8015 52.4786 3.1623 18.7883 18.0278 18.4391 48.2597 31.5753 46.8402 29.2746 39.1152 43.2897 29.8329 19.799 13.8924 45.31 13.6015 25.632 24.5967 18.3576 32.3883 23.1948 12.2066 10.0 26.4008 43.6807 41.1947 37.2156 0.0 37.2156 16.4012 22.3607 24.3311 19.7231 20.2237 17.2627 40.4969 19.105 28.1603 48.3839 5.0 34.8855 40.2244 52.4309 34.2053 38.3275 40.025 
34.176 38.1838 13.1529 44.3847 9.8489 42.2966 27.2029 51.6236 40.5216 38.2099 9.2195 21.2132 1.4142 28.2312 32.0156 40.3113 20.3961 19.6469 50.01 14.2127 11.6619 12.0416 8.0 25.318 6.0828 55.0 25.0799 49.0918 13.9284 25.2982 53.8516 16.5529 34.4093 55.3173 14.0357 29.1548 39.5601 20.0 16.7631 4.0 23.5372 37.2156 0.0 28.4605 52.7731 13.0 34.2053 18.3848 42.0595 40.8534 18.9737 46.6905 21.0238 34.0 40.8167 27.2947 34.5254 59.0339 59.397 13.1529 
5.831 36.0 29.2746 50.9902 29.2062 15.5242 32.8938 46.0977 23.3238 56.3028 36.6742 42.4264 27.8568 51.6624 53.1507 19.105 8.6023 16.1245 22.0227 42.0476 28.3196 35.0 21.0238 41.0488 33.9559 45.31 4.1231 22.8035 32.249 17.2627 41.5933 12.1655 29.0172 47.4342 16.4012 20.0 25.0799 11.4018 40.6079 32.28 38.833 16.4012 28.4605 0.0 38.5876 16.6433 30.0 18.868 13.6015 48.5077 17.4929 41.5933 45.607 11.4018 44.4072 42.72 54.2033 49.7695 53.1601 36.4005 
39.0 20.2237 61.4003 34.4819 45.5412 29.4279 31.0644 15.6205 15.2643 52.8867 61.7414 50.0899 51.4296 58.0345 55.4437 20.2485 38.8973 33.8378 34.0588 59.9083 43.3244 64.1405 45.793 43.0116 58.6003 9.4868 41.6173 27.074 63.8201 28.0179 4.1231 44.5533 19.4165 13.0 40.2244 23.8537 14.1421 47.5079 52.6118 56.3649 42.0119 22.3607 52.7731 38.5876 0.0 41.6173 20.2237 34.4819 37.6563 34.9285 34.1321 15.2643 56.2228 27.2947 28.2312 43.1045 53.9351 13.0384 18.6815 50.2195 
22.4722 30.4138 19.8494 41.1947 12.7279 29.4279 22.2036 43.2666 28.2312 41.6293 22.0907 26.4008 12.0416 35.3836 37.4433 27.4591 8.0623 7.8102 37.3631 25.632 12.2066 22.8473 5.0 26.5707 19.0263 45.2769 14.1421 36.1248 22.2036 13.6015 43.2782 7.2801 25.0 46.2277 1.4142 17.8045 27.7849 12.3693 24.0832 17.0 24.3516 24.3311 13.0 16.6433 41.6173 0.0 25.2389 8.0623 29.9666 38.0526 7.8102 38.2753 29.0689 21.0 35.9026 28.4605 38.9487 49.5782 51.0392 19.8494 
33.3766 6.0 44.6878 22.3607 25.9422 30.0167 11.0454 18.0278 15.6205 35.3553 42.72 30.0 32.8024 38.3275 36.4005 20.6155 25.9615 17.8885 38.0132 39.8497 23.7065 46.0977 28.3196 23.3452 39.6611 20.8087 31.257 32.5576 46.6905 13.3417 20.2485 30.4631 1.4142 21.2132 23.8537 10.0 12.2066 34.7851 32.3883 37.4433 22.0907 19.7231 34.2053 30.0 20.2237 25.2389 0.0 17.2047 36.4005 20.8087 17.4929 13.0384 36.0555 22.1359 15.2315 23.7697 35.4683 24.8395 25.807 30.0832 
24.2074 22.3607 27.5862 34.0 13.1529 27.7308 15.0333 35.2278 22.3607 37.4433 27.5136 24.4131 17.088 33.8378 34.6554 23.0868 11.4018 2.8284 36.2353 28.0713 11.4018 29.6816 11.4018 22.2036 24.3516 37.4833 18.0278 33.5261 29.7321 7.0711 35.805 14.1421 17.0294 38.2884 6.7082 10.7703 21.1896 19.0263 23.7697 22.1359 20.0 20.2237 18.3848 18.868 34.4819 8.0623 17.2047 0.0 30.4795 31.0644 1.4142 30.2324 28.6356 18.3848 28.2843 23.8537 35.4683 41.7253 43.0116 19.9249 
8.0623 42.0595 42.0 58.6941 42.19 8.2462 42.4382 49.0918 24.0208 67.3573 50.2195 54.8179 41.4367 64.2028 65.1153 18.0 21.9317 27.6586 9.4868 55.5428 41.0488 48.1664 34.5398 52.345 47.5395 46.1736 17.2627 13.4536 45.0 26.4008 41.4367 25.7099 35.1141 49.0408 29.5296 27.2947 27.1662 24.0208 53.535 45.8803 50.2096 17.2627 42.0595 13.6015 37.6563 29.9666 36.4005 30.4795 0.0 56.7979 29.0689 45.3982 58.5235 14.3178 51.6236 53.8145 65.7647 50.3587 55.0364 49.3964 
52.811 16.2788 53.7587 3.6056 31.0161 50.774 16.0312 22.0907 36.1248 19.0 46.6476 24.7588 39.5601 28.6356 24.0416 41.4005 42.2966 33.2415 58.8218 38.9487 29.4109 52.3259 38.6394 17.0294 44.2945 29.4279 48.6621 53.2635 54.7814 31.3209 32.573 45.0 22.2036 27.074 37.0135 29.5466 32.5576 50.01 29.7321 42.4853 18.0278 40.4969 40.8534 48.5077 34.9285 38.0526 20.8087 31.0644 56.7979 0.0 32.1403 19.9249 30.6105 42.4853 6.7082 15.5563 21.3776 31.0161 27.2947 30.2324 
22.8035 22.8473 27.5862 35.0143 14.3178 26.4008 16.1245 35.5106 21.587 38.833 28.1603 25.807 17.72 35.2278 36.0694 22.0227 10.198 1.4142 34.8855 29.1548 12.6491 30.0167 11.6619 23.6008 25.0 37.4833 16.7631 32.28 29.8329 6.3246 35.609 13.3417 17.2047 38.4187 6.4031 10.2956 20.6155 18.1108 25.0799 22.8035 21.4009 19.105 18.9737 17.4929 34.1321 7.8102 17.4929 1.4142 29.0689 32.1403 0.0 30.5287 29.9666 17.088 29.1548 25.2389 36.8782 41.7732 43.2666 21.1896 
44.0454 8.6023 57.6281 19.2354 37.8021 37.855 20.5913 5.0 21.587 38.4708 54.8179 38.6005 45.2769 45.3982 42.0119 27.6586 38.6264 30.8869 44.5982 50.5371 35.609 58.6941 41.2311 30.8058 51.8556 10.0499 43.4166 38.0789 59.5483 26.0 12.6491 43.382 13.4164 8.9443 36.8917 22.1359 18.2483 47.5395 42.1545 49.679 30.3645 28.1603 46.6905 41.5933 15.2643 38.2753 13.0384 30.2324 45.3982 19.9249 30.5287 0.0 44.9222 32.0 13.3417 30.4138 40.05 13.0 12.8062 40.7063 
51.4004 36.8782 32.7567 34.0588 16.4012 56.3649 25.1794 49.0408 48.6621 19.6469 21.0 6.3246 20.5913 7.2801 12.0416 50.9608 37.0135 31.305 64.846 10.198 17.4929 28.0179 25.4951 14.3178 20.2237 54.8179 43.1856 62.0322 32.249 34.7851 55.7315 35.3836 37.0135 53.7587 29.2062 36.8782 46.2709 39.8246 5.0 19.6469 14.5602 48.3839 21.0238 45.607 56.2228 29.0689 36.0555 28.6356 58.5235 30.6105 29.9666 44.9222 0.0 47.0106 34.0 15.2643 15.2971 57.8705 55.9464 9.2195 
12.1655 27.8927 38.2753 44.3847 31.3209 9.434 28.4253 36.1248 12.083 53.7401 43.0465 42.5441 33.0151 51.9711 52.2015 7.8102 14.5602 15.8114 18.0278 45.8912 29.7321 42.9535 26.0 39.0512 40.0125 34.4819 14.8661 15.2971 41.1096 12.8062 30.4631 20.2485 20.8806 36.8782 20.025 13.0384 14.3178 21.6333 42.1545 38.0 37.0135 5.0 34.0 11.4018 27.2947 21.0 22.1359 18.3848 14.3178 42.4853 17.088 32.0 47.0106 0.0 37.3363 40.3609 52.4976 38.8973 42.7551 38.2753 
48.2701 10.0 53.2259 7.2111 31.0644 45.1774 13.9284 16.0312 30.0 25.1794 47.634 27.7849 39.4462 33.2415 29.2746 35.5106 39.0128 30.0666 53.0 41.2311 29.1548 52.6972 37.3363 19.7231 45.0 23.0868 45.0444 47.2017 54.5894 27.1662 25.9615 42.4264 16.5529 21.0238 34.7131 24.7386 26.4008 47.2652 32.2025 43.0116 20.0 34.8855 40.8167 44.4072 28.2312 35.9026 15.2315 28.2843 51.6236 6.7082 29.1548 13.3417 34.0 37.3363 0.0 18.7883 27.0185 25.0799 22.1359 31.8277 
48.0104 23.0 40.4475 19.105 18.0 49.679 13.0 34.2053 38.4838 13.6015 31.7805 9.2195 26.1725 15.0333 12.6491 42.19 34.8855 26.6271 58.258 23.4307 17.1172 37.9473 27.2947 2.0 29.7321 40.4475 41.5933 54.0833 41.0 27.5862 42.0119 35.7351 25.0 39.0512 27.8568 28.0179 35.4683 40.8044 14.2127 28.1603 4.1231 40.2244 27.2947 42.72 43.1045 28.4605 23.7697 23.8537 53.8145 15.5563 25.2389 30.4138 15.2643 40.3609 18.7883 0.0 12.2066 43.1741 40.8534 15.2315 
59.6657 33.7343 47.1699 24.0416 26.9258 61.8466 25.0599 43.0465 50.5371 4.4721 36.1248 13.3417 33.7343 9.434 3.6056 54.3783 46.0435 38.2884 70.4344 25.4951 26.8328 43.0465 36.7696 13.4536 35.0 50.01 52.6972 66.2873 47.0106 39.6989 52.345 46.0652 36.7696 48.0416 38.5876 40.2244 47.4236 50.9902 18.0278 34.0588 15.5563 52.4309 34.5254 54.2033 53.9351 38.9487 35.4683 35.4683 65.7647 21.3776 36.8782 40.05 15.2971 52.4976 27.0185 12.2066 0.0 52.0865 48.6621 21.3776 
50.9608 21.4709 69.3109 29.2746 50.4777 42.19 33.541 9.0554 26.9258 50.01 67.424 51.5461 57.6281 58.0517 54.3323 32.5576 48.5489 41.8688 47.0956 63.5059 48.2597 70.9366 53.0377 43.6807 64.405 4.4721 52.3259 40.1123 71.4213 36.4005 9.0 53.8238 24.7588 4.1231 48.1664 32.2025 24.6982 57.4543 55.1543 62.2013 43.3244 34.2053 59.0339 49.7695 13.0384 49.5782 24.8395 41.7253 50.3587 31.0161 41.7732 13.0 57.8705 38.8973 25.0799 43.1741 52.0865 0.0 6.4031 53.6656 
54.9181 21.2132 70.4344 25.02 50.3289 47.0 32.8024 7.8102 31.1448 46.1736 67.3573 49.6588 57.9828 55.3624 51.1957 37.054 50.9902 43.566 52.469 62.434 48.1664 71.4213 54.037 41.6293 64.4438 9.2195 55.3624 45.5412 72.3464 38.4708 14.5602 55.9464 26.0768 6.0 49.6488 34.4384 28.4429 59.9333 53.7122 62.2896 41.5933 38.3275 59.397 53.1601 18.6815 51.0392 25.807 43.0116 55.0364 27.2947 43.2666 12.8062 55.9464 42.7551 22.1359 40.8534 48.6621 6.4031 0.0 52.6972 
42.2019 32.2025 26.0 33.8378 7.2111 47.5395 20.1246 45.2769 41.0488 25.0799 16.5529 8.0623 12.3693 15.8114 18.9737 42.7551 27.8029 22.4722 55.9464 9.8489 8.544 22.8035 16.4012 13.4164 14.5602 50.1597 33.9706 53.4509 26.1725 26.4764 50.2892 26.2488 30.8058 49.6488 20.0 29.0689 39.0128 30.8058 4.2426 13.1529 12.2066 40.025 13.1529 36.4005 50.2195 19.8494 30.0832 19.9249 49.3964 30.2324 21.1896 40.7063 9.2195 38.2753 31.8277 15.2315 21.3776 53.6656 52.6972 0.0 
