20
0.0 3.6056 10.2956 17.0 14.4222 7.0711 17.72 9.2195 6.0 16.4012 13.4164 23.6008 14.8661 25.6125 18.2483 13.3417 9.4868 18.3576 16.1245 16.1245 
3.6056 0.0 12.3693 15.2971 14.8661 10.0499 17.0 10.2956 9.2195 17.0294 15.5242 24.0416 14.4222 26.1725 17.088 11.0 9.2195 20.2485 19.0 14.0357 
10.2956 12.3693 0.0 15.0 7.0711 4.4721 12.6491 3.6056 5.831 8.0623 3.1623 14.8661 9.8489 16.5529 14.3178 14.4222 7.2111 8.0623 7.6158 15.5563 
17.0 15.2971 15.0 0.0 9.434 17.4642 5.0 11.6619 18.0278 10.7703 16.2788 14.1421 5.831 16.2788 3.1623 5.0 8.544 17.8885 21.9317 2.2361 
14.4222 14.8661 7.0711 9.434 0.0 11.0454 5.831 5.3852 12.1655 2.2361 7.2111 9.2195 3.6056 11.3137 7.8102 11.0454 5.831 8.544 12.8062 10.7703 
7.0711 10.0499 4.4721 17.4642 11.0454 0.0 16.1245 6.0828 1.4142 12.3693 7.0711 19.3132 13.1529 21.0238 17.4642 15.6205 8.9443 12.0416 9.0554 17.4929 
17.72 17.0 12.6491 5.0 5.831 16.1245 0.0 10.0499 17.0294 6.4031 13.0384 9.2195 3.0 11.4018 2.2361 8.9443 8.2462 13.6015 18.6011 7.0711 
9.2195 10.2956 3.6056 11.6619 5.3852 6.0828 10.0499 0.0 7.0 7.2111 6.0828 14.4222 7.0711 16.4012 11.4018 10.8167 3.6056 10.198 11.1803 12.0416 
6.0 9.2195 5.831 18.0278 12.1655 1.4142 17.0294 7.0 0.0 13.6015 8.4853 20.6155 14.0357 22.3607 18.2483 15.8114 9.4868 13.4536 10.198 17.8885 
16.4012 17.0294 8.0623 10.7703 2.2361 12.3693 6.4031 7.2111 13.6015 0.0 7.2801 7.2111 5.099 9.2195 8.6023 13.0 8.0623 7.2111 12.53 12.3693 
13.4164 15.5242 3.1623 16.2788 7.2111 7.0711 13.0384 6.0828 8.4853 7.2801 0.0 13.1529 10.6301 14.5602 15.0 16.5529 9.4868 5.0 5.6569 17.2047 
23.6008 24.0416 14.8661 14.1421 9.2195 19.3132 9.2195 14.4222 20.6155 7.2111 13.1529 0.0 10.2956 2.2361 11.0454 18.0278 14.8661 10.198 17.1172 16.2788 
14.8661 14.4222 9.8489 5.831 3.6056 13.1529 3.0 7.0711 14.0357 5.099 10.6301 10.2956 0.0 12.53 4.4721 8.0623 5.3852 12.083 16.2788 7.2801 
25.6125 26.1725 16.5529 16.2788 11.3137 21.0238 11.4018 16.4012 22.3607 9.2195 14.5602 2.2361 12.53 0.0 13.1529 20.2485 17.0294 11.0 18.0 18.4391 
18.2483 17.088 14.3178 3.1623 7.8102 17.4642 2.2361 11.4018 18.2483 8.6023 15.0 11.0454 4.4721 13.1529 0.0 7.8102 9.0 15.8114 20.6155 5.3852 
13.3417 11.0 14.4222 5.0 11.0454 15.6205 8.9443 10.8167 15.8114 13.0 16.5529 18.0278 8.0623 20.2485 7.8102 0.0 7.2111 19.4165 21.9545 3.1623 
9.4868 9.2195 7.2111 8.544 5.831 8.9443 8.2462 3.6056 9.4868 8.0623 9.4868 14.8661 5.3852 17.0294 9.0 7.2111 0.0 13.0 14.7648 8.6023 
18.3576 20.2485 8.0623 17.8885 8.544 12.0416 13.6015 10.198 13.4536 7.2111 5.0 10.198 12.083 11.0 15.8114 19.4165 13.0 0.0 7.0 19.3132 
16.1245 19.0 7.6158 21.9317 12.8062 9.0554 18.6011 11.1803 10.198 12.53 5.6569 17.1172 16.2788 18.0 20.6155 21.9545 14.7648 7.0 0.0 22.8035 
16.1245 14.0357 15.5563 2.2361 10.7703 17.4929 7.0711 12.0416 17.8885 12.3693 17.2047 16.2788 7.2801 18.4391 5.3852 3.1623 8.6023 19.3132 22.8035 0.0 
