50
0.0 43.2897 38.8973 23.7697 47.4342 30.1496 23.0868 26.1725 16.1245 34.6699 39.0128 38.6264 34.3657 40.0125 42.19 16.6433 18.4391 19.2354 19.0263 38.6005 6.0828 28.6007 20.2237 23.4307 11.7047 10.4403 13.6015 7.2801 22.2036 9.4868 43.4166 21.2132 31.1448 45.2769 23.0 24.5153 8.0623 21.095 27.2029 10.7703 32.6497 40.3609 5.0 20.2237 18.1108 19.0263 26.9258 15.2971 20.6155 13.0384 
43.2897 0.0 26.6271 41.1461 20.0998 52.3546 20.2237 45.1774 31.7805 33.9411 7.2111 20.2485 13.4536 5.0 1.4142 38.9487 26.5707 40.4969 24.3311 21.6333 43.4166 29.7321 23.0868 26.9258 33.2415 33.9559 39.8121 45.0444 30.8058 34.9285 6.0828 22.0907 14.4222 10.198 46.6154 21.4709 39.0512 23.0868 29.6985 47.2652 29.7321 29.6816 43.0 52.3546 46.8402 50.1199 17.1172 47.0744 25.0799 36.4966 
38.8973 26.6271 0.0 22.3607 45.31 31.1448 25.4951 25.02 37.6962 9.2195 30.0832 41.7732 32.5576 28.6356 26.9258 45.1885 32.573 47.927 27.5136 5.0 42.638 44.2832 25.2982 15.6205 35.3553 34.9857 27.7849 36.0555 41.2311 35.5106 21.2603 25.0 30.1496 36.2353 28.2843 32.249 31.241 29.8329 43.4166 36.2353 7.2801 3.1623 35.609 56.3028 31.3209 54.3783 20.0998 33.2415 32.9848 26.4008 
23.7697 41.1461 22.3607 0.0 54.4518 11.4018 27.0185 4.2426 32.0156 14.3178 40.8044 47.634 39.598 40.4969 40.7063 37.1214 29.5466 40.1123 25.5539 25.0 29.4279 43.4626 24.4131 14.4222 27.4591 26.3059 10.198 17.8885 37.9473 26.1725 37.9473 25.0 36.0694 48.0104 6.0 33.2866 16.1245 29.1548 42.1545 16.4012 15.1327 22.1359 18.9737 43.9318 9.434 42.5793 25.6125 12.0416 31.305 12.0416 
47.4342 20.0998 45.31 54.4518 0.0 65.7951 27.8029 58.6941 31.7805 51.1077 15.2315 9.0554 14.8661 16.7631 19.2354 36.0139 29.1548 36.0555 30.5287 40.4969 44.911 22.0907 30.8058 40.3609 35.7351 37.0 49.6488 51.8941 27.074 37.9473 26.1725 30.0 18.4391 10.0 58.8982 23.2594 46.5296 27.2947 23.0217 55.0091 46.6476 48.4665 49.2443 48.2597 57.4282 46.1736 29.0689 56.6039 26.9258 46.0435 
30.1496 52.3546 31.1448 11.4018 65.7951 0.0 38.2099 7.2111 41.6293 22.0227 52.2015 58.7963 50.9313 51.8652 51.9711 45.607 39.9625 48.5077 36.4005 34.7131 36.2215 53.7122 35.4683 25.807 36.7696 35.4683 18.3848 23.0217 47.8539 35.1141 48.8467 36.1248 47.3814 59.4054 7.6158 44.2041 24.0416 40.0 52.3546 20.025 24.5153 30.0 25.1794 50.0 12.0416 49.0408 37.0135 15.0 41.8808 21.4709 
23.0868 20.2237 25.4951 27.0185 27.8029 38.2099 0.0 31.241 13.4536 27.2947 16.2788 20.6155 13.0384 17.0294 19.105 21.2603 7.8102 23.6008 4.1231 22.4722 23.4094 19.0 3.1623 13.9284 13.4164 13.9284 21.9545 25.4951 15.8114 14.8661 21.0238 2.2361 9.434 23.0868 31.1448 7.0711 19.6469 4.4721 18.0278 28.1603 23.0868 28.2843 23.1948 34.0588 29.6816 31.8904 5.831 29.0689 7.6158 18.3576 
26.1725 45.1774 25.02 4.2426 58.6941 7.2111 31.241 0.0 35.7351 16.2788 45.0 51.8556 43.8406 44.6542 44.7772 40.4475 33.541 43.4166 29.6816 28.1603 32.0624 47.4236 28.6007 18.6011 31.0483 29.8329 13.0384 19.6469 41.7852 29.6142 41.7852 29.2062 40.3113 52.2015 4.2426 37.4433 19.0263 33.2866 46.0977 17.4642 18.0278 24.3311 21.2132 46.3897 9.434 45.1774 29.8329 12.53 35.3553 15.5242 
16.1245 31.7805 37.6962 32.0156 31.7805 41.6293 13.4536 35.7351 0.0 37.3363 25.9615 22.8035 20.2237 27.5136 30.4631 7.8102 5.6569 10.2956 10.2956 35.3553 13.1529 12.7279 12.53 23.3452 5.0 6.4031 23.2594 21.9317 6.4031 7.0711 33.8378 13.0384 17.72 31.1448 34.0147 10.4403 18.0278 9.2195 11.3137 25.4558 33.7343 40.1622 19.105 20.8087 30.5287 18.6011 19.2094 28.6007 6.7082 20.2485 
34.6699 33.9411 9.2195 14.3178 51.1077 22.0227 27.2947 16.2788 37.3363 0.0 36.0555 46.2385 37.1618 35.0 33.9706 44.1475 33.0151 47.0744 28.0 13.4164 39.3573 46.1736 26.0192 14.0357 33.9559 33.2415 21.9317 30.4138 42.0119 33.5261 29.2062 26.0768 34.176 42.8019 19.9249 34.3657 26.6271 31.0644 45.0999 29.8329 4.4721 8.0623 30.6105 53.7122 23.7065 52.0 23.0868 26.0768 34.0147 21.6333 
39.0128 7.2111 30.0832 40.8044 15.2315 52.2015 16.2788 45.0 25.9615 36.0555 0.0 13.3417 6.4031 2.2361 5.831 32.6956 21.2132 34.0 20.0998 25.2982 38.3275 22.6274 19.4165 26.4008 28.1603 29.0689 37.6962 41.7732 24.1868 30.0666 12.3693 18.4391 8.2462 7.2111 45.793 15.5242 35.9026 18.0278 22.6716 44.3847 31.6228 33.2415 39.4588 46.0977 45.1885 43.8634 15.2643 44.9444 19.4165 34.176 
38.6264 20.2485 41.7732 47.634 9.0554 58.7963 20.6155 51.8556 22.8035 46.2385 13.3417 0.0 9.2195 15.5242 18.9737 27.0 20.5913 27.1662 22.6716 37.3363 35.9026 13.3417 23.3452 34.1321 26.9258 28.2312 41.8688 43.4166 18.0278 29.1548 25.7099 22.6716 12.083 12.7279 51.6236 15.0 38.2753 19.2094 14.1421 46.6476 41.7852 44.911 40.7063 39.4588 49.679 37.3363 23.2594 48.6004 18.3576 38.2884 
34.3657 13.4536 32.5576 39.598 14.8661 50.9313 13.0384 43.8406 20.2237 37.1618 6.4031 9.2195 0.0 8.4853 12.0416 26.5707 16.0312 27.7308 16.1555 28.1603 33.0151 16.2788 16.1245 25.6125 23.0217 24.0832 34.9857 37.9473 17.8885 25.0799 17.8885 15.2643 3.6056 11.0 44.0454 10.0 32.311 13.3417 16.2788 40.8534 32.6956 35.6931 35.4401 39.9249 42.72 37.6962 14.4222 42.0595 14.0 31.3847 
40.0125 5.0 28.6356 40.4969 16.7631 51.8652 17.0294 44.6542 27.5136 35.0 2.2361 15.5242 8.4853 0.0 3.6056 34.4384 22.561 35.8469 21.0 23.7697 39.6232 24.7588 20.0998 26.0768 29.4279 30.2655 37.9473 42.4264 26.0768 31.257 10.198 19.105 9.8489 7.8102 45.6508 17.088 36.4966 19.2354 24.7588 44.911 30.6105 31.7805 40.1995 47.8539 45.31 45.618 15.2315 45.2217 20.8806 34.4819 
42.19 1.4142 26.9258 40.7063 19.2354 51.9711 19.105 44.7772 30.4631 33.9706 5.831 18.9737 12.0416 3.6056 0.0 37.5899 25.2982 39.1152 23.1948 21.9545 42.2019 28.3196 22.0227 26.4008 32.0156 32.7567 39.0512 44.1022 29.4109 33.7343 7.0 21.0238 13.0384 9.4868 46.0977 20.1246 38.1182 21.8403 28.2843 46.3897 29.6985 30.0167 42.0119 51.0 46.1736 48.7647 16.2788 46.3249 23.7697 35.6931 
16.6433 38.9487 45.1885 37.1214 36.0139 45.607 21.2603 40.4475 7.8102 44.1475 32.6956 27.0 26.5707 34.4384 37.5899 0.0 13.4536 3.0 18.0278 43.0465 11.3137 14.3178 20.2485 30.3645 10.198 11.0454 27.4591 23.7065 9.0554 11.0 41.4005 20.8087 24.5967 37.108 38.0789 17.4929 21.587 16.9706 13.1529 27.2947 40.8044 47.5395 21.0238 13.4164 33.8378 11.1803 27.0185 31.3847 14.2127 25.0799 
18.4391 26.5707 32.573 29.5466 29.1548 39.9625 7.8102 33.541 5.6569 33.0151 21.2132 20.5913 16.0312 22.561 25.2982 13.4536 0.0 15.8114 5.099 29.9666 17.1172 13.9284 7.2801 19.0 7.0 8.0623 22.0227 22.8254 9.0 9.0554 28.3019 7.6158 13.0384 27.0185 32.45 6.0828 17.8045 3.6056 12.6491 26.0768 29.1548 35.171 20.1246 26.4008 29.7321 24.2074 13.6015 28.3196 2.2361 18.6011 
19.2354 40.4969 47.927 40.1123 36.0555 48.5077 23.6008 43.4166 10.2956 47.0744 34.0 27.1662 27.7308 35.8469 39.1152 3.0 15.8114 0.0 20.5913 45.6508 13.6015 14.0 22.8254 33.2415 13.1529 14.0357 30.4138 26.4008 9.8489 14.0 43.2782 23.3238 26.0768 37.9473 41.0 19.2094 24.5153 19.2094 13.0384 29.9666 43.6807 50.3289 23.7697 12.3693 36.6879 10.198 29.4109 34.176 16.2788 28.0713 
19.0263 24.3311 27.5136 25.5539 30.5287 36.4005 4.1231 29.6816 10.2956 28.0 20.0998 22.6716 16.1555 21.0 23.1948 18.0278 5.099 20.5913 0.0 25.0599 19.3132 18.4391 2.2361 14.0357 9.434 9.8489 19.2094 21.8403 14.0357 10.7703 25.0799 2.8284 12.6491 26.6833 29.0689 7.8102 16.1555 3.6056 17.2627 24.6982 24.0832 30.0832 19.4165 30.4138 27.0185 28.2843 9.2195 26.0768 6.0828 15.6205 
38.6005 21.6333 5.0 25.0 40.4969 34.7131 22.4722 28.1603 35.3553 13.4164 25.2982 37.3363 28.1603 23.7697 21.9545 43.0465 29.9666 45.6508 25.0599 0.0 41.7253 40.7922 22.8254 15.2643 33.6006 33.4215 28.7924 36.6742 38.2753 34.0588 16.2788 22.3607 26.0 31.305 31.0 28.8617 31.3847 26.9258 40.025 37.3363 10.198 8.0623 35.8469 54.8179 33.3766 52.8015 16.7631 34.9285 30.0832 26.8328 
6.0828 43.4166 42.638 29.4279 44.911 36.2215 23.4094 32.0624 13.1529 39.3573 38.3275 35.9026 33.0151 39.6232 42.2019 11.3137 17.1172 13.6015 19.3132 41.7253 0.0 24.5967 21.0238 27.0185 10.198 9.4868 19.2354 13.3417 18.3848 8.544 44.3847 21.9317 30.1496 44.0114 29.0172 23.0217 13.3417 20.3961 23.2594 16.7631 36.8917 44.4072 11.0454 14.5602 24.1868 13.1529 28.178 21.3776 19.0263 18.0278 
28.6007 29.7321 44.2832 43.4626 22.0907 53.7122 19.0 47.4236 12.7279 46.1736 22.6274 13.3417 16.2788 24.7588 28.3196 14.3178 13.9284 14.0 18.4391 40.7922 24.5967 0.0 20.2237 32.3883 17.6918 19.105 35.5106 34.6554 6.4031 19.799 33.8378 20.0998 16.1245 25.0599 46.1411 12.0416 30.6105 15.1327 1.4142 38.1838 42.0476 47.1699 31.8277 26.1725 43.0116 24.0832 24.1868 41.2311 12.3693 32.249 
20.2237 23.0868 25.2982 24.4131 30.8058 35.4683 3.1623 28.6007 12.53 26.0192 19.4165 23.3452 16.1245 20.0998 22.0227 20.2485 7.2801 22.8254 2.2361 22.8254 21.0238 20.2237 0.0 12.1655 11.4018 11.6619 18.868 22.3607 16.1245 12.53 23.4094 1.0 12.53 26.2488 28.2843 8.9443 16.4924 5.099 19.105 25.0 22.0227 27.8927 20.0998 32.5269 26.6271 30.4138 7.2111 25.9422 8.0 15.2643 
23.4307 26.9258 15.6205 14.4222 40.3609 25.807 13.9284 18.6011 23.3452 14.0357 26.4008 34.1321 25.6125 26.0768 26.4008 30.3645 19.0 33.2415 14.0357 15.2643 27.0185 32.3883 12.1655 0.0 20.2485 19.6977 14.1421 21.5407 28.0 20.1246 24.3311 12.3693 22.2036 33.6006 19.6977 20.8806 16.1245 17.2627 31.257 22.561 10.4403 17.4929 20.5913 40.8167 20.2237 38.9487 11.3137 21.0 20.0998 11.7047 
11.7047 33.2415 35.3553 27.4591 35.7351 36.7696 13.4164 31.0483 5.0 33.9559 28.1603 26.9258 23.0217 29.4279 32.0156 10.198 7.0 13.1529 9.434 33.6006 10.198 17.6918 11.4018 20.2485 0.0 1.4142 18.3848 17.0294 11.4018 2.2361 34.4384 12.2066 20.025 34.0147 29.1548 13.0384 13.0384 10.198 16.2788 20.5183 30.6757 37.5766 14.2127 21.2603 25.5539 19.2094 18.6011 23.6008 9.0554 15.5242 
10.4403 33.9559 34.9857 26.3059 37.0 35.4683 13.9284 29.8329 6.4031 33.2415 29.0689 28.2312 24.0832 30.2655 32.7567 11.0454 8.0623 14.0357 9.8489 33.4215 9.4868 19.105 11.6619 19.6977 1.4142 0.0 17.088 15.6205 12.8062 1.0 34.9285 12.53 21.0 35.0571 27.8568 14.1421 11.6619 11.0454 17.6918 19.105 30.0832 37.1214 12.8062 21.4009 24.1868 19.4165 18.868 22.2036 10.198 14.3178 
13.6015 39.8121 27.7849 10.198 49.6488 18.3848 21.9545 13.0384 23.2594 21.9317 37.6962 41.8688 34.9857 37.9473 39.0512 27.4591 22.0227 30.4138 19.2094 28.7924 19.2354 35.5106 18.868 14.1421 18.3848 17.088 0.0 8.4853 29.5296 16.7631 38.0526 19.7231 31.3847 44.7772 10.7703 26.9072 6.0 22.6716 34.1321 8.544 20.8087 28.6007 8.9443 33.7343 7.8102 32.3883 22.8035 7.2801 24.0832 3.6056 
7.2801 45.0444 36.0555 17.8885 51.8941 23.0217 25.4951 19.6469 21.9317 30.4138 41.7732 43.4166 37.9473 42.4264 44.1022 23.7065 22.8254 26.4008 21.8403 36.6742 13.3417 34.6554 22.3607 21.5407 17.0294 15.6205 8.4853 0.0 28.2843 14.8661 44.1814 23.3452 34.4819 48.5077 16.1245 28.6356 6.0 24.6982 33.2415 3.6056 29.2062 37.0135 2.8284 27.0185 11.0 26.0192 28.0 8.0623 25.0599 9.8489 
22.2036 30.8058 41.2311 37.9473 27.074 47.8539 15.8114 41.7852 6.4031 42.0119 24.1868 18.0278 17.8885 26.0768 29.4109 9.0554 9.0 9.8489 14.0357 38.2753 18.3848 6.4031 16.1245 28.0 11.4018 12.8062 29.5296 28.2843 0.0 13.4536 33.9411 16.2788 16.4012 28.1603 40.2492 10.0 24.4131 11.4018 5.0 31.8277 38.1182 43.9318 25.4558 22.1359 36.8917 19.9249 21.5407 35.0 8.2462 26.4008 
9.4868 34.9285 35.5106 26.1725 37.9473 35.1141 14.8661 29.6142 7.0711 33.5261 30.0666 29.1548 25.0799 31.257 33.7343 11.0 9.0554 14.0 10.7703 34.0588 8.544 19.799 12.53 20.1246 2.2361 1.0 16.7631 14.8661 13.4536 0.0 35.8469 13.4164 22.0 36.0555 27.5136 15.1327 11.1803 12.0416 18.3848 18.3848 30.4631 37.5899 12.0416 20.8087 23.7065 18.868 19.7231 21.6333 11.1803 14.1421 
43.4166 6.0828 21.2603 37.9473 26.1725 48.8467 21.0238 41.7852 33.8378 29.2062 12.3693 25.7099 17.8885 10.198 7.0 41.4005 28.3019 43.2782 25.0799 16.2788 44.3847 33.8378 23.4094 24.3311 34.4384 34.9285 38.0526 44.1814 33.9411 35.8469 0.0 22.4722 17.8045 16.2788 43.6807 24.0832 38.2099 24.6982 33.6006 46.0109 25.2389 24.2074 42.4264 54.6443 44.5533 52.4309 16.4924 45.1774 27.2029 35.0 
21.2132 22.0907 25.0 25.0 30.0 36.1248 2.2361 29.2062 13.0384 26.0768 18.4391 22.6716 15.2643 19.105 21.0238 20.8087 7.6158 23.3238 2.8284 22.3607 21.9317 20.0998 1.0 12.3693 12.2066 12.53 19.7231 23.3452 16.2788 13.4164 22.4722 0.0 11.6619 25.2982 29.0 8.544 17.4642 5.0 19.0263 25.9615 22.0 27.6586 21.095 33.2415 27.4591 31.1127 6.4031 26.8328 8.0623 16.1245 
31.1448 14.4222 30.1496 36.0694 18.4391 47.3814 9.434 40.3113 17.72 34.176 8.2462 12.083 3.6056 9.8489 13.0384 24.5967 13.0384 26.0768 12.6491 26.0 30.1496 16.1245 12.53 22.2036 20.025 21.0 31.3847 34.4819 16.4012 22.0 17.8045 11.6619 0.0 14.1421 40.4599 7.2801 28.7924 10.0499 15.8114 37.3363 29.7321 33.2415 32.0156 38.0132 39.1152 35.7771 11.1803 38.4708 11.1803 27.7849 
45.2769 10.198 36.2353 48.0104 10.0 59.4054 23.0868 52.2015 31.1448 42.8019 7.2111 12.7279 11.0 7.8102 9.4868 37.108 27.0185 37.9473 26.6833 31.305 44.0114 25.0599 26.2488 33.6006 34.0147 35.0571 44.7772 48.5077 28.1603 36.0555 16.2788 25.2982 14.1421 0.0 53.0 21.0 42.72 24.1868 25.4951 51.2445 38.4187 39.3573 46.0977 50.2892 52.3259 48.0833 22.4722 52.0 25.0 41.2311 
23.0 46.6154 28.2843 6.0 58.8982 7.6158 31.1448 4.2426 34.0147 19.9249 45.793 51.6236 44.0454 45.6508 46.0977 38.0789 32.45 41.0 29.0689 31.0 29.0172 46.1411 28.2843 19.6977 29.1548 27.8568 10.7703 16.1245 40.2492 27.5136 43.6807 29.0 40.4599 53.0 0.0 36.8782 16.4924 32.6497 44.7772 13.6015 21.095 27.8927 18.0 43.1045 5.3852 42.0119 30.5287 8.544 34.4093 13.8924 
24.5153 21.4709 32.249 33.2866 23.2594 44.2041 7.0711 37.4433 10.4403 34.3657 15.5242 15.0 10.0 17.088 20.1246 17.4929 6.0828 19.2094 7.8102 28.8617 23.0217 12.0416 8.9443 20.8806 13.0384 14.1421 26.9072 28.6356 10.0 15.1327 24.0832 8.544 7.2801 21.0 36.8782 0.0 23.3238 4.2426 11.1803 31.7648 30.1496 35.1283 26.0 30.8869 34.7131 28.6531 12.1655 33.6006 4.0 23.3452 
8.0623 39.0512 31.241 16.1245 46.5296 24.0416 19.6469 19.0263 18.0278 26.6271 35.9026 38.2753 32.311 36.4966 38.1182 21.587 17.8045 24.5153 16.1555 31.3847 13.3417 30.6105 16.4924 16.1245 13.0384 11.6619 6.0 6.0 24.4131 11.1803 38.2099 17.4642 28.7924 42.72 16.4924 23.3238 0.0 19.2354 29.2062 8.544 24.7588 32.5269 4.4721 27.8927 12.53 26.4764 22.0 10.6301 20.0 5.0 
21.095 23.0868 29.8329 29.1548 27.2947 40.0 4.4721 33.2866 9.2195 31.0644 18.0278 19.2094 13.3417 19.2354 21.8403 16.9706 3.6056 19.2094 3.6056 26.9258 20.3961 15.1327 5.099 17.2627 10.198 11.0454 22.6716 24.6982 11.4018 12.0416 24.6982 5.0 10.0499 24.1868 32.6497 4.2426 19.2354 0.0 14.0357 27.7308 27.0 32.5576 22.1359 30.0 30.4795 27.8029 10.2956 29.4109 3.1623 19.105 
27.2029 29.6985 43.4166 42.1545 23.0217 52.3546 18.0278 46.0977 11.3137 45.0999 22.6716 14.1421 16.2788 24.7588 28.2843 13.1529 12.6491 13.0384 17.2627 40.025 23.2594 1.4142 19.105 31.257 16.2788 17.6918 34.1321 33.2415 5.0 18.3848 33.6006 19.0263 15.8114 25.4951 44.7772 11.1803 29.2062 14.0357 0.0 36.7696 41.0122 46.2709 30.4138 25.318 41.6173 23.1948 23.3452 39.8246 11.1803 30.8869 
10.7703 47.2652 36.2353 16.4012 55.0091 20.025 28.1603 17.4642 25.4558 29.8329 44.3847 46.6476 40.8534 44.911 46.3897 27.2947 26.0768 29.9666 24.6982 37.3363 16.7631 38.1838 25.0 22.561 20.5183 19.105 8.544 3.6056 31.8277 18.3848 46.0109 25.9615 37.3363 51.2445 13.6015 31.7648 8.544 27.7308 36.7696 0.0 29.1548 36.8917 6.4031 30.0167 8.2462 29.1548 30.1496 5.099 28.3019 11.0454 
32.6497 29.7321 7.2801 15.1327 46.6476 24.5153 23.0868 18.0278 33.7343 4.4721 31.6228 41.7852 32.6956 30.6105 29.6985 40.8044 29.1548 43.6807 24.0832 10.198 36.8917 42.0476 22.0227 10.4403 30.6757 30.0832 20.8087 29.2062 38.1182 30.4631 25.2389 22.0 29.7321 38.4187 21.095 30.1496 24.7588 27.0 41.0122 29.1548 0.0 7.8102 29.0 51.0 24.0416 49.1935 18.6815 26.0 30.0167 19.799 
40.3609 29.6816 3.1623 22.1359 48.4665 30.0 28.2843 24.3311 40.1622 8.0623 33.2415 44.911 35.6931 31.7805 30.0167 47.5395 35.171 50.3289 30.0832 8.0623 44.4072 47.1699 27.8927 17.4929 37.5766 37.1214 28.6007 37.0135 43.9318 37.5899 24.2074 27.6586 33.2415 39.3573 27.8927 35.1283 32.5269 32.5576 46.2709 36.8917 7.8102 0.0 36.7967 58.3095 31.3847 56.4358 23.0217 33.541 35.6931 27.5862 
5.0 43.0 35.609 18.9737 49.2443 25.1794 23.1948 21.2132 19.105 30.6105 39.4588 40.7063 35.4401 40.1995 42.0119 21.0238 20.1246 23.7697 19.4165 35.8469 11.0454 31.8277 20.0998 20.5913 14.2127 12.8062 8.9443 2.8284 25.4558 12.0416 42.4264 21.095 32.0156 46.0977 18.0 26.0 4.4721 22.1359 30.4138 6.4031 29.0 36.7967 0.0 25.1794 13.1529 24.0208 26.0768 10.4403 22.3607 9.2195 
20.2237 52.3546 56.3028 43.9318 48.2597 50.0 34.0588 46.3897 20.8087 53.7122 46.0977 39.4588 39.9249 47.8539 51.0 13.4164 26.4008 12.3693 30.4138 54.8179 14.5602 26.1725 32.5269 40.8167 21.2603 21.4009 33.7343 27.0185 22.1359 20.8087 54.6443 33.2415 38.0132 50.2892 43.1045 30.8869 27.8927 30.0 25.318 30.0167 51.0 58.3095 25.1794 0.0 38.0132 2.2361 39.6232 35.0 27.4591 32.573 
18.1108 46.8402 31.3209 9.434 57.4282 12.0416 29.6816 9.434 30.5287 23.7065 45.1885 49.679 42.72 45.31 46.1736 33.8378 29.7321 36.6879 27.0185 33.3766 24.1868 43.0116 26.6271 20.2237 25.5539 24.1868 7.8102 11.0 36.8917 23.7065 44.5533 27.4591 39.1152 52.3259 5.3852 34.7131 12.53 30.4795 41.6173 8.2462 24.0416 31.3847 13.1529 38.0132 0.0 37.0135 30.0832 3.1623 31.8277 11.4018 
19.0263 50.1199 54.3783 42.5793 46.1736 49.0408 31.8904 45.1774 18.6011 52.0 43.8634 37.3363 37.6962 45.618 48.7647 11.1803 24.2074 10.198 28.2843 52.8015 13.1529 24.0832 30.4138 38.9487 19.2094 19.4165 32.3883 26.0192 19.9249 18.868 52.4309 31.1127 35.7771 48.0833 42.0119 28.6531 26.4764 27.8029 23.1948 29.1548 49.1935 56.4358 24.0208 2.2361 37.0135 0.0 37.4833 34.0588 25.2389 31.0483 
26.9258 17.1172 20.0998 25.6125 29.0689 37.0135 5.831 29.8329 19.2094 23.0868 15.2643 23.2594 14.4222 15.2315 16.2788 27.0185 13.6015 29.4109 9.2195 16.7631 28.178 24.1868 7.2111 11.3137 18.6011 18.868 22.8035 28.0 21.5407 19.7231 16.4924 6.4031 11.1803 22.4722 30.5287 12.1655 22.0 10.2956 23.3452 30.1496 18.6815 23.0217 26.0768 39.6232 30.0832 37.4833 0.0 30.0832 13.4164 19.4165 
15.2971 47.0744 33.2415 12.0416 56.6039 15.0 29.0689 12.53 28.6007 26.0768 44.9444 48.6004 42.0595 45.2217 46.3249 31.3847 28.3196 34.176 26.0768 34.9285 21.3776 41.2311 25.9422 21.0 23.6008 22.2036 7.2801 8.0623 35.0 21.6333 45.1774 26.8328 38.4708 52.0 8.544 33.6006 10.6301 29.4109 39.8246 5.099 26.0 33.541 10.4403 35.0 3.1623 34.0588 30.0832 0.0 30.4795 10.7703 
20.6155 25.0799 32.9848 31.305 26.9258 41.8808 7.6158 35.3553 6.7082 34.0147 19.4165 18.3576 14.0 20.8806 23.7697 14.2127 2.2361 16.2788 6.0828 30.0832 19.0263 12.3693 8.0 20.0998 9.0554 10.198 24.0832 25.0599 8.2462 11.1803 27.2029 8.0623 11.1803 25.0 34.4093 4.0 20.0 3.1623 11.1803 28.3019 30.0167 35.6931 22.3607 27.4591 31.8277 25.2389 13.4164 30.4795 0.0 20.6155 
13.0384 36.4966 26.4008 12.0416 46.0435 21.4709 18.3576 15.5242 20.2485 21.6333 34.176 38.2884 31.3847 34.4819 35.6931 25.0799 18.6011 28.0713 15.6205 26.8328 18.0278 32.249 15.2643 11.7047 15.5242 14.3178 3.6056 9.8489 26.4008 14.1421 35.0 16.1245 27.7849 41.2311 13.8924 23.3452 5.0 19.105 30.8869 11.0454 19.799 27.5862 9.2195 32.573 11.4018 31.0483 19.4165 10.7703 20.6155 0.0 
