30
0.0 10.8167 30.0 11.0454 3.0 27.6586 22.0907 6.7082 7.8102 20.0998 13.4164 12.0 19.105 15.8114 22.4722 20.025 18.6011 19.2354 19.6469 15.2315 17.2627 14.1421 11.6619 22.8035 18.2483 18.0278 16.4924 20.025 19.4165 18.0278 
10.8167 0.0 28.3019 19.7231 12.7279 26.8328 15.2643 6.0 18.4391 13.6015 23.4307 6.7082 19.6469 15.5242 25.1794 27.2029 21.095 8.544 28.6531 20.2237 25.9422 22.8254 15.5242 17.6918 9.4868 27.4591 22.561 12.083 22.0907 10.2956 
30.0 28.3019 0.0 25.9615 28.3019 3.0 16.1245 31.8904 31.3847 16.4924 30.5941 21.6333 11.1803 14.2127 12.0416 23.0868 13.3417 27.8927 29.0172 18.4391 27.0185 26.3059 41.0366 12.1655 21.8403 30.0167 20.0998 19.4165 13.1529 19.9249 
11.0454 19.7231 25.9615 0.0 8.0623 23.0868 24.6982 17.4642 6.4031 22.8473 5.099 17.0294 15.1327 14.1421 15.2643 9.2195 12.6491 26.9072 8.9443 7.6158 6.3246 3.1623 21.587 23.5372 23.6008 7.8102 7.0711 24.1868 13.0 22.4722 
3.0 12.7279 28.3019 8.0623 0.0 25.807 22.0227 9.4868 5.831 20.025 10.8167 12.3693 17.2047 14.3178 20.0 17.0294 16.2788 20.8087 16.7631 12.53 14.3178 11.1803 14.3178 22.2036 18.9737 15.2315 13.6015 20.3961 17.0294 18.4391 
27.6586 26.8328 3.0 23.0868 25.807 0.0 16.0312 30.0 28.6356 16.0312 27.6586 20.1246 8.6023 12.0416 9.0554 20.0998 10.4403 27.2947 26.0192 15.5242 24.0208 23.3452 38.8973 12.0416 21.2132 27.0185 17.1172 19.0263 10.198 19.2354 
22.0907 15.2643 16.1245 24.6982 22.0227 16.0312 0.0 20.6155 27.2947 2.0 29.7321 10.198 13.6015 11.4018 19.7231 27.6586 17.0294 12.083 31.9061 20.0 29.1548 26.8328 30.4631 4.0 6.4031 31.7648 22.8035 3.6056 17.8045 5.0 
6.7082 6.0 31.8904 17.4642 9.4868 30.0 20.6155 0.0 14.4222 18.7883 20.1246 10.8167 21.9545 18.0278 26.5707 26.0768 22.4722 14.3178 26.2488 20.2237 23.7697 20.6155 9.8489 22.4722 15.2971 24.6982 22.0227 17.72 23.4094 15.8114 
7.8102 18.4391 31.3847 6.4031 5.831 28.6356 27.2947 14.4222 0.0 25.318 6.0828 18.0278 20.2485 18.2483 21.4009 15.2315 18.3576 26.6271 13.0 13.6015 11.1803 8.544 16.0312 27.0 24.6982 11.0454 13.4536 25.9615 18.868 24.0416 
20.0998 13.6015 16.4924 22.8473 20.025 16.0312 2.0 18.7883 25.318 0.0 27.8568 8.2462 12.53 9.8995 18.7883 26.1725 15.8114 11.4018 30.2324 18.4391 27.4591 25.0599 28.6356 4.4721 5.3852 30.0167 21.2603 3.0 16.6433 3.6056 
13.4164 23.4307 30.5941 5.099 10.8167 27.6586 29.7321 20.1246 6.0828 27.8568 0.0 21.6333 20.025 19.2354 19.3132 10.6301 17.2627 31.1448 7.0711 12.1655 5.831 4.4721 22.0 28.6356 28.3019 5.0 10.7703 29.0689 17.4642 27.2947 
12.0 6.7082 21.6333 17.0294 12.3693 20.1246 10.198 10.8167 18.0278 8.2462 21.6333 0.0 13.1529 9.0554 19.0 22.8254 15.0333 10.2956 25.4951 15.2315 22.6716 19.799 20.5913 11.6619 6.7082 24.7588 17.8885 8.0623 16.0312 6.0828 
19.105 19.6469 11.1803 15.1327 17.2047 8.6023 13.6015 21.9545 20.2485 12.53 20.025 13.1529 0.0 4.1231 6.3246 14.7648 3.6056 22.2036 19.9249 8.0623 17.4642 16.0312 30.4795 10.6301 16.4924 20.3961 10.4403 15.2315 4.2426 14.5602 
15.8114 15.5242 14.2127 14.1421 14.3178 12.0416 11.4018 18.0278 18.2483 9.8995 19.2354 9.0554 4.1231 0.0 10.0499 16.2788 6.3246 18.4391 20.5913 8.6023 17.8885 15.8114 26.8701 9.4868 13.0 20.6155 11.4018 12.2066 7.2801 11.1803 
22.4722 25.1794 12.0416 15.2643 20.0 9.0554 19.7231 26.5707 21.4009 18.7883 19.3132 19.0 6.3246 10.0499 0.0 11.0454 4.1231 28.4429 17.0 7.8102 15.1327 14.8661 34.1321 16.4012 22.8035 18.1108 8.544 21.5407 3.1623 20.8806 
20.025 27.2029 23.0868 9.2195 17.0294 20.0998 27.6586 26.0768 15.2315 26.1725 10.6301 22.8254 14.7648 16.2788 11.0454 0.0 11.1803 33.121 6.0828 7.8102 5.0 6.7082 30.8058 25.2389 28.6007 7.6158 5.0 28.3196 10.7703 27.0185 
18.6011 21.095 13.3417 12.6491 16.2788 10.4403 17.0294 22.4722 18.3576 15.8114 17.2627 15.0333 3.6056 6.3246 4.1231 11.1803 0.0 24.7386 16.4924 5.099 14.1421 13.0384 30.2324 14.2127 19.3132 17.1172 7.0711 18.3576 1.0 17.4642 
19.2354 8.544 27.8927 26.9072 20.8087 27.2947 12.083 14.3178 26.6271 11.4018 31.1448 10.2956 22.2036 18.4391 28.4429 33.121 24.7386 0.0 35.609 25.4951 32.8024 29.8329 23.0217 15.8114 6.0828 34.7131 28.178 8.544 25.7099 8.0623 
19.6469 28.6531 29.0172 8.9443 16.7631 26.0192 31.9061 26.2488 13.0 30.2324 7.0711 25.4951 19.9249 20.5913 17.0 6.0828 16.4924 35.609 0.0 12.083 2.8284 5.831 29.0172 29.9666 31.8277 2.2361 9.4868 32.0156 16.2788 30.4795 
15.2315 20.2237 18.4391 7.6158 12.53 15.5242 20.0 20.2237 13.6015 18.4391 12.1655 15.2315 8.0623 8.6023 7.8102 7.8102 5.099 25.4951 12.083 0.0 9.4868 8.0 26.8328 17.8885 20.8087 12.3693 2.8284 20.5183 5.3852 19.2094 
17.2627 25.9422 27.0185 6.3246 14.3178 24.0208 29.1548 23.7697 11.1803 27.4591 5.831 22.6716 17.4642 17.8885 15.1327 5.0 14.1421 32.8024 2.8284 9.4868 0.0 3.1623 27.1662 27.313 29.0 3.0 7.0711 29.2062 14.0357 27.6586 
14.1421 22.8254 26.3059 3.1623 11.1803 23.3452 26.8328 20.6155 8.544 25.0599 4.4721 19.799 16.0312 15.8114 14.8661 6.7082 13.0384 29.8329 5.831 8.0 3.1623 0.0 24.3311 25.2982 26.2488 5.0 6.3246 26.6271 13.1529 25.0 
11.6619 15.5242 41.0366 21.587 14.3178 38.8973 30.4631 9.8489 16.0312 28.6356 22.0 20.5913 30.4795 26.8701 34.1321 30.8058 30.2324 23.0217 29.0172 26.8328 27.1662 24.3311 0.0 32.249 25.0 27.0 27.8568 27.5136 31.0644 25.632 
22.8035 17.6918 12.1655 23.5372 22.2036 12.0416 4.0 22.4722 27.0 4.4721 28.6356 11.6619 10.6301 9.4868 16.4012 25.2389 14.2127 15.8114 29.9666 17.8885 27.313 25.2982 32.249 0.0 9.8489 30.0832 20.5913 7.2801 14.8661 8.0623 
18.2483 9.4868 21.8403 23.6008 18.9737 21.2132 6.4031 15.2971 24.6982 5.3852 28.3019 6.7082 16.4924 13.0 22.8035 28.6007 19.3132 6.0828 31.8277 20.8087 29.0 26.2488 25.0 9.8489 0.0 31.241 23.6008 2.8284 20.2485 2.0 
18.0278 27.4591 30.0167 7.8102 15.2315 27.0185 31.7648 24.6982 11.0454 30.0167 5.0 24.7588 20.3961 20.6155 18.1108 7.6158 17.1172 34.7131 2.2361 12.3693 3.0 5.0 27.0 30.0832 31.241 0.0 10.0499 31.6228 17.0294 30.0 
16.4924 22.561 20.0998 7.0711 13.6015 17.1172 22.8035 22.0227 13.4536 21.2603 10.7703 17.8885 10.4403 11.4018 8.544 5.0 7.0711 28.178 9.4868 2.8284 7.0711 6.3246 27.8568 20.5913 23.6008 10.0499 0.0 23.3452 7.0 22.0227 
20.025 12.083 19.4165 24.1868 20.3961 19.0263 3.6056 17.72 25.9615 3.0 29.0689 8.0623 15.2315 12.2066 21.5407 28.3196 18.3576 8.544 32.0156 20.5183 29.2062 26.6271 27.5136 7.2801 2.8284 31.6228 23.3452 0.0 19.2354 2.0 
19.4165 22.0907 13.1529 13.0 17.0294 10.198 17.8045 23.4094 18.868 16.6433 17.4642 16.0312 4.2426 7.2801 3.1623 10.7703 1.0 25.7099 16.2788 5.3852 14.0357 13.1529 31.0644 14.8661 20.2485 17.0294 7.0 19.2354 0.0 18.3848 
18.0278 10.2956 19.9249 22.4722 18.4391 19.2354 5.0 15.8114 24.0416 3.6056 27.2947 6.0828 14.5602 11.1803 20.8806 27.0185 17.4642 8.0623 30.4795 19.2094 27.6586 25.0 25.632 8.0623 2.0 30.0 22.0227 2.0 18.3848 0.0 
