20
0.0 12.6491 1.0 13.9284 18.3576 21.9545 19.3132 19.2354 25.6125 11.7047 21.5407 2.2361 19.6977 24.7588 15.6525 18.3848 15.5242 21.6333 20.8087 15.2971 
12.6491 0.0 11.7047 1.4142 12.3693 15.0333 6.7082 7.0711 14.4222 1.0 8.9443 10.4403 14.5602 14.3178 3.6056 9.0554 3.0 14.0 13.0 14.2127 
1.0 11.7047 0.0 13.0 17.8885 21.4709 18.3848 18.2483 24.8395 10.7703 20.6155 1.4142 19.3132 24.0416 14.7648 17.6918 14.5602 21.095 20.2485 15.1327 
13.9284 1.4142 13.0 0.0 11.7047 14.1421 5.3852 6.3246 13.0384 2.2361 7.6158 11.7047 13.9284 13.0 2.2361 8.0 2.2361 13.0384 12.0416 14.1421 
18.3576 12.3693 17.8885 11.7047 0.0 3.6056 12.7279 16.4012 11.0 12.1655 13.6015 16.5529 2.2361 9.0554 10.2956 5.0 13.4164 3.6056 3.1623 6.0828 
21.9545 15.0333 21.4709 14.1421 3.6056 0.0 13.8924 17.8885 9.4868 15.0 14.2127 20.1246 3.1623 7.2801 12.3693 6.3246 15.5242 1.4142 2.2361 8.9443 
19.3132 6.7082 18.3848 5.3852 12.7279 13.8924 0.0 4.1231 9.2195 7.6158 2.2361 17.088 14.8661 10.0 4.0 7.8102 4.2426 12.53 11.6619 17.0 
19.2354 7.0711 18.2483 6.3246 16.4012 17.8885 4.1231 0.0 13.0384 8.0623 5.099 17.1172 18.6011 14.0357 6.4031 11.6619 4.1231 16.5529 15.6525 20.0 
25.6125 14.4222 24.8395 13.0384 11.0 9.4868 9.2195 13.0384 0.0 15.0 8.0 23.4307 12.1655 2.2361 10.8167 7.6158 13.0 8.2462 8.0623 17.0294 
11.7047 1.0 10.7703 2.2361 12.1655 15.0 7.6158 8.0623 15.0 0.0 9.8489 9.4868 14.3178 14.7648 4.2426 9.2195 4.0 14.0357 13.0384 13.6015 
21.5407 8.9443 20.6155 7.6158 13.6015 14.2127 2.2361 5.099 8.0 9.8489 0.0 19.3132 15.6205 9.2195 6.0828 8.6023 6.4031 12.8062 12.0416 18.3848 
2.2361 10.4403 1.4142 11.7047 16.5529 20.1246 17.088 17.1172 23.4307 9.4868 19.3132 0.0 18.0278 22.6274 13.4164 16.2788 13.3417 19.7231 18.868 14.0357 
19.6977 14.5602 19.3132 13.9284 2.2361 3.1623 14.8661 18.6011 12.1655 14.3178 15.6205 18.0278 0.0 10.0499 12.53 7.0711 15.6525 4.0 4.1231 5.831 
24.7588 14.3178 24.0416 13.0 9.0554 7.2801 10.0 14.0357 2.2361 14.7648 9.2195 22.6274 10.0499 0.0 10.7703 6.4031 13.3417 6.0828 6.0 15.1327 
15.6525 3.6056 14.7648 2.2361 10.2956 12.3693 4.0 6.4031 10.8167 4.2426 6.0828 13.4164 12.53 10.7703 0.0 6.0828 3.1623 11.1803 10.198 13.6015 
18.3848 9.0554 17.6918 8.0 5.0 6.3246 7.8102 11.6619 7.6158 9.2195 8.6023 16.2788 7.0711 6.4031 6.0828 0.0 9.2195 5.099 4.1231 10.198 
15.5242 3.0 14.5602 2.2361 13.4164 15.5242 4.2426 4.1231 13.0 4.0 6.4031 13.3417 15.6525 13.3417 3.1623 9.2195 0.0 14.3178 13.3417 16.2788 
21.6333 14.0 21.095 13.0384 3.6056 1.4142 12.53 16.5529 8.2462 14.0357 12.8062 19.7231 4.0 6.0828 11.1803 5.099 14.3178 0.0 1.0 9.4868 
20.8087 13.0 20.2485 12.0416 3.1623 2.2361 11.6619 15.6525 8.0623 13.0384 12.0416 18.868 4.1231 6.0 10.198 4.1231 13.3417 1.0 0.0 9.2195 
15.2971 14.2127 15.1327 14.1421 6.0828 8.9443 17.0 20.0 17.0294 13.6015 18.3848 14.0357 5.831 15.1327 13.6015 10.198 16.2788 9.4868 9.2195 0.0 
