70
0.0 25.0799 22.3607 17.2047 18.0278 7.8102 19.9249 39.9625 45.1774 26.4008 28.4605 51.8845 20.6155 41.1096 34.8855 43.0116 17.0 13.0 43.4626 36.0555 24.6982 34.2053 60.3075 34.2053 5.3852 47.1699 56.6392 18.7883 31.7805 13.0384 23.0217 21.3776 24.0832 46.0977 36.6742 38.0132 48.8467 34.5254 37.4433 49.2443 39.3192 25.4951 43.3244 44.7214 48.0521 36.7967 38.2753 16.1245 50.3289 51.6236 32.8938 35.171 53.1507 56.4004 13.4536 29.7321 26.9258 52.0 33.2415 38.8973 50.774 31.6228 24.1868 15.6525 44.9444 28.3196 34.6554 35.4683 12.0416 20.6155 
25.0799 0.0 13.0 40.8044 24.2074 21.5407 25.4951 36.2215 27.4591 49.3964 33.121 33.4215 37.1214 51.3128 18.9737 18.2483 8.2462 24.4131 42.7551 46.6154 29.6816 48.7955 50.0 23.0868 30.2655 30.8869 45.8803 42.4264 10.8167 34.5398 46.4866 7.2111 45.2217 52.8015 53.9073 46.6476 26.2488 9.8489 23.7697 51.923 45.618 18.7883 58.0517 21.4709 51.2445 29.0 18.6011 39.4588 49.4975 46.0435 14.3178 49.5177 43.1741 47.8539 36.6879 24.5153 12.0 67.2681 8.2462 15.6205 34.1321 16.0312 34.0588 34.176 22.0227 21.3776 27.0185 56.0803 27.8568 40.4969 
22.3607 13.0 0.0 34.0 30.4138 15.5242 32.2025 24.0208 22.8254 41.4367 20.2485 29.5296 40.3113 38.6005 12.53 24.6982 10.4403 15.1327 30.1496 34.0588 17.0294 37.0135 40.7063 13.0384 26.2488 25.0 36.7151 41.1461 11.4018 27.0185 39.1152 6.0828 46.0435 39.8121 42.72 33.8378 38.2884 21.2603 15.5563 39.0512 32.6497 29.1548 46.0109 24.0832 38.3275 17.72 16.2788 38.4708 37.054 34.7131 11.0454 37.6431 33.541 37.6962 30.0167 12.0 5.0 55.1725 19.105 27.8029 28.6007 28.6356 22.0227 36.1248 34.0588 9.0554 15.5242 46.2385 30.4138 42.0119 
17.2047 40.8044 34.0 0.0 33.6006 19.4165 35.2278 42.4382 55.109 9.2195 28.6007 61.6117 29.6142 32.8938 45.3982 57.7062 32.573 19.105 43.1393 28.6356 26.4197 23.5372 64.0703 42.45 12.0416 56.0446 61.0574 18.2483 45.0999 7.0711 5.831 35.5106 26.3059 39.8121 23.0868 31.7648 65.7419 50.5964 46.3249 45.4863 34.6699 42.45 31.0 58.0345 44.1022 42.5441 50.0899 18.0 48.9183 53.2635 45.0111 24.5153 57.4543 59.4054 4.1231 36.0555 39.0 38.4708 49.0408 55.5428 59.4811 48.8262 22.0227 25.0 61.7414 36.1386 40.8534 19.2354 25.5539 26.0192 
18.0278 24.2074 30.4138 33.6006 0.0 23.0217 2.0 53.1601 50.9902 42.638 44.1022 57.28 14.1421 58.6941 41.4005 41.1461 20.2485 29.0172 58.0517 53.6004 40.1123 52.2015 71.1196 43.4166 21.9545 54.037 67.1193 24.6982 34.6554 30.8707 39.0512 25.807 24.0208 63.0714 54.626 55.2268 39.0512 30.0832 45.4863 65.192 56.0089 11.1803 61.3514 45.4863 64.1249 47.927 42.4264 21.9317 65.1153 64.5136 37.5366 53.1601 63.9531 68.0294 30.5287 41.4367 33.0151 70.0071 29.9666 31.4006 57.4891 20.025 41.1096 13.3417 36.0139 39.0 45.6946 52.6972 8.6023 19.0263 
7.8102 21.5407 15.5242 19.4165 23.0217 0.0 25.02 32.249 38.0789 27.8568 21.3776 44.7772 28.178 35.9026 27.8568 38.3275 13.4164 6.0 36.0555 30.8058 17.4642 30.4138 52.4976 26.6271 10.7703 39.8246 48.8365 26.0768 26.0192 13.0 25.0 16.1245 31.8277 40.05 34.2053 32.249 47.1699 31.3847 30.0167 42.4264 33.0 27.7308 39.8246 39.0512 41.3038 29.0 31.7805 23.6008 43.0116 43.909 26.4764 31.305 45.3431 48.6004 15.2971 21.9317 20.3961 48.8774 29.7321 36.7151 43.4166 31.8904 18.1108 23.3238 43.0465 20.6155 26.8701 35.0 18.9737 28.4253 
19.9249 25.4951 32.2025 35.2278 2.0 25.02 0.0 55.0818 52.4976 44.2041 46.0977 58.7282 14.0 60.6712 43.0116 42.0595 21.9545 31.0161 60.0167 55.5788 42.107 54.1202 72.8972 45.1774 23.7065 55.6058 68.884 25.4951 36.0694 32.6956 40.6079 27.4591 24.1868 65.0692 56.4624 57.2189 39.0 30.8707 47.1699 67.1863 58.0086 11.0 63.2456 46.6154 66.1211 49.7695 43.8634 22.8254 67.082 66.4078 39.0512 55.0818 65.7419 69.857 32.249 43.3244 34.6699 71.8679 30.8869 31.7805 59.0339 20.025 43.1045 13.9284 36.1248 40.8534 47.5395 54.3783 9.8995 19.2354 
39.9625 36.2215 24.0208 42.4382 53.1601 32.249 55.0818 0.0 23.0217 45.6946 13.8924 26.9258 60.4152 25.0 20.5913 39.6611 34.2345 27.2029 7.2111 23.0868 16.2788 30.0167 21.6333 14.3178 41.2311 21.0238 18.7883 56.6392 28.7924 36.2353 45.1774 30.0 63.4114 21.6333 37.0135 20.3961 58.1808 42.0595 16.4012 17.2047 16.7631 53.1507 35.6931 34.7131 17.0294 8.0623 25.807 54.6717 13.3417 11.6619 25.0799 30.0 15.2315 17.0294 39.8246 12.0416 24.3311 43.3244 39.8497 48.7032 23.0868 52.2398 20.5913 55.5698 54.231 15.0 9.4868 44.5533 50.9902 60.4649 
45.1774 27.4591 22.8254 55.109 50.9902 38.0789 52.4976 23.0217 0.0 61.2046 31.5753 6.7082 62.482 47.4236 10.2956 20.2237 31.1448 36.1386 29.8329 44.5982 31.0644 50.448 25.02 13.0 48.8467 4.0 21.095 63.9531 16.6433 48.0521 59.5399 25.4951 68.7968 44.6542 57.2713 42.5441 40.3113 27.6586 9.0 39.6232 39.3573 46.1411 57.5847 13.6015 39.6989 16.1555 8.9443 61.2944 34.0588 26.4197 13.4536 50.6952 19.6469 24.7386 51.4198 20.025 18.6011 65.7951 25.9615 33.1361 6.7082 41.4367 37.1214 58.6003 37.054 19.105 16.4924 63.2851 52.6308 64.6375 
26.4008 49.3964 41.4367 9.2195 42.638 27.8568 44.2041 45.6946 61.2046 0.0 31.9531 67.4759 37.3363 30.8058 52.0 65.7343 41.2311 26.3059 44.9444 27.5862 30.8058 20.8087 67.082 48.2597 21.2603 61.6604 64.4748 24.3311 52.7731 14.8661 3.6056 43.6807 32.1403 38.4187 17.72 31.1127 74.7061 59.2368 52.2398 45.2548 34.7131 51.6624 25.9615 65.4905 43.8406 47.2969 57.0789 25.0 49.8197 55.5698 52.2398 21.6333 60.9262 62.1772 13.0384 41.4367 46.3897 32.0156 57.5847 64.405 64.9384 58.0086 25.2982 33.1059 70.6612 42.107 45.8912 11.1803 34.4093 32.9848 
28.4605 33.121 20.2485 28.6007 44.1022 21.3776 46.0977 13.8924 31.5753 31.9531 0.0 37.1214 49.0408 18.4391 24.5967 42.8019 28.1603 15.5242 15.2643 14.2127 4.0 18.9737 35.5106 18.9737 28.6531 31.0644 32.6497 43.6005 29.7321 22.6274 31.305 25.9422 50.774 19.9249 25.7099 13.6015 58.4123 41.4005 22.8035 21.095 12.6491 46.6905 26.9258 39.8246 20.025 16.0 30.4138 41.8808 21.9317 24.7588 27.2029 19.3132 29.0689 30.8058 26.1725 12.083 23.3452 35.805 39.2046 48.0104 34.0 48.1041 6.7082 44.0114 54.2033 14.4222 15.1327 32.0 40.2616 48.3011 
51.8845 33.4215 29.5296 61.6117 57.28 44.7772 58.7282 26.9258 6.7082 67.4759 37.1214 0.0 69.029 51.8652 17.0 23.1948 37.6431 42.72 33.121 49.4773 37.0135 55.7315 23.0868 19.2354 55.5428 6.0828 19.6977 70.6612 22.6716 54.5711 65.9242 32.0156 75.4718 48.3011 62.6498 47.1275 43.0116 32.311 15.2971 42.4382 43.6578 51.8652 62.3618 16.1245 42.72 21.2132 14.8661 68.0 36.2353 27.5862 19.8494 55.9017 19.4165 24.1868 57.9741 26.0768 25.2389 70.2282 30.8707 37.108 4.2426 46.5188 43.0 65.215 40.1995 25.4951 22.0227 69.0652 59.203 71.2811 
20.6155 37.1214 40.3113 29.6142 14.1421 28.178 14.0 60.4152 62.482 37.3363 49.0408 69.029 0.0 60.208 52.4023 54.7814 31.4006 33.6155 64.0781 55.3263 45.31 52.0096 80.2122 53.1507 21.2132 65.1153 76.4003 14.2127 46.8722 30.0167 33.8378 37.0135 10.4403 65.9242 52.6118 57.7062 53.0 43.9659 55.8659 69.6419 59.439 25.0 60.2993 58.5918 68.4105 56.6127 54.4059 12.53 70.9366 72.0694 49.2037 53.0094 73.0068 76.5506 28.0713 49.6488 43.9318 68.0661 43.6578 45.5412 68.6804 34.0147 44.3847 5.099 50.0899 47.8017 54.4059 48.3839 9.8995 5.831 
41.1096 51.3128 38.6005 32.8938 58.6941 35.9026 60.6712 25.0 47.4236 30.8058 18.4391 51.8652 60.208 0.0 42.2019 60.959 45.618 30.0832 20.025 5.099 21.6333 10.0 42.2966 36.0555 39.0512 45.8803 41.0122 50.9608 48.0833 30.2655 32.249 44.1022 58.9406 7.8102 15.2643 5.0 76.8375 59.8164 39.4462 15.6525 8.2462 63.2456 11.0 57.4282 14.3178 31.305 48.0104 50.2195 21.8403 30.1496 45.3431 9.2195 38.0132 37.2156 32.7567 29.8329 41.7732 18.3848 57.6281 66.4003 48.0833 65.7419 18.0278 55.1453 72.6223 32.5576 31.3847 24.4131 53.0377 57.8705 
34.8855 18.9737 12.53 45.3982 41.4005 27.8568 43.0116 20.5913 10.2956 52.0 24.5967 17.0 52.4023 42.2019 0.0 19.2094 21.2603 26.3059 27.7849 38.5876 23.0868 43.4626 31.0483 6.4031 38.6264 12.7279 26.9258 53.6656 9.0 38.3275 50.0899 15.6205 58.5235 41.0366 49.98 37.2022 37.6962 22.2036 5.0 37.7359 34.7131 37.6962 51.4782 15.2643 37.4433 12.53 5.831 51.0 33.6155 28.2843 5.0 43.8634 24.3311 29.1548 41.5933 12.53 8.4853 60.208 20.0998 28.6356 16.2788 34.3657 29.1204 48.4149 33.8378 10.4403 11.4018 55.109 42.5206 54.4059 
43.0116 18.2483 24.6982 57.7062 41.1461 38.3275 42.0595 39.6611 20.2237 65.7343 42.8019 23.1948 54.7814 60.959 19.2094 0.0 26.0192 39.5601 46.8722 57.0088 40.4969 61.0574 45.1774 25.6125 48.0104 24.1868 41.3038 60.6712 13.4164 50.9902 63.1506 22.2036 63.3246 60.208 67.1193 55.9732 20.0998 11.4018 23.3238 56.8595 53.7401 32.8024 69.6348 7.0711 56.6127 31.6228 13.8924 57.7062 52.3546 45.8803 15.6205 61.5873 39.8121 44.911 53.6004 31.1448 20.1246 78.6003 11.1803 14.3178 26.0 25.4951 46.1411 52.2015 17.0294 28.4253 30.6105 70.9366 45.8803 58.5235 
17.0 8.2462 10.4403 32.573 20.2485 13.4164 21.9545 34.2345 31.1448 41.2311 28.1603 37.6431 31.4006 45.618 21.2603 26.0192 0.0 16.9706 40.0 40.7063 24.3516 42.0119 50.9902 23.2594 22.0907 33.9706 46.9574 34.9285 15.6525 26.4008 38.2753 5.6569 38.4838 48.0833 46.669 41.2311 33.8378 18.0278 25.2389 48.3735 40.8044 19.0 51.4004 28.1603 47.5184 28.1603 23.0217 32.0156 47.0106 45.1221 17.8045 42.8019 43.8634 48.1041 28.4605 22.2036 12.8062 60.6053 16.4924 23.3238 37.4833 20.1246 27.7849 27.7849 29.6816 19.4165 25.9615 48.2597 21.6333 34.0 
13.0 24.4131 15.1327 19.105 29.0172 6.0 31.0161 27.2029 36.1386 26.3059 15.5242 42.72 33.6155 30.0832 26.3059 39.5601 16.9706 0.0 30.4631 25.0 11.7047 25.2389 48.0833 23.7697 14.1421 37.3363 44.5982 29.7321 26.4764 12.0416 24.0208 17.8885 36.2353 34.0588 29.6985 26.3059 50.6063 34.1321 27.5136 36.4966 27.0 33.2415 34.6699 39.2046 35.3553 25.0 31.0161 27.5862 37.3363 38.833 26.0192 26.0768 41.0366 43.9318 15.2971 18.0278 20.0998 43.8292 32.249 40.0 40.8534 36.6197 12.1655 28.6356 46.4004 17.4642 23.0217 31.7648 24.7386 33.2866 
43.4626 42.7551 30.1496 43.1393 58.0517 36.0555 60.0167 7.2111 29.8329 44.9444 15.2643 33.121 64.0781 20.025 27.7849 46.8722 40.0 30.4631 0.0 19.4165 18.7883 26.9258 22.8035 21.4709 43.909 27.4591 21.095 58.8218 35.8469 37.6431 45.0 36.2215 66.0379 15.2315 33.7343 16.1245 65.307 49.0408 23.6008 10.0 12.0416 59.0 31.0161 41.8688 9.8995 15.2643 33.0151 57.1402 7.0711 10.7703 32.2025 26.6833 18.0 17.72 41.1096 18.2483 31.0483 37.855 46.8188 55.7136 29.0689 58.6941 21.2603 59.0931 61.327 21.3776 16.5529 42.0595 55.0273 63.5295 
36.0555 46.6154 34.0588 28.6356 53.6004 30.8058 55.5788 23.0868 44.5982 27.5862 14.2127 49.4773 55.3263 5.099 38.5876 57.0088 40.7063 25.0 19.4165 0.0 17.0294 7.6158 42.2019 32.6497 34.1321 43.4166 40.4475 46.4866 43.9318 25.4951 28.6007 39.4081 54.4059 11.1803 14.3178 3.6056 72.3464 55.3173 36.2491 17.6918 7.6158 58.1893 13.0 53.8516 16.2788 28.4605 44.4185 45.607 22.8254 30.0832 41.4005 7.2801 37.2156 37.108 28.1603 26.0768 37.4833 21.6333 53.1507 61.8466 45.8912 60.8276 13.0 50.2494 68.1175 28.6007 28.2312 22.8473 48.0104 53.1507 
24.6982 29.6816 17.0294 26.4197 40.1123 17.4642 42.107 16.2788 31.0644 30.8058 4.0 37.0135 45.31 21.6333 23.0868 40.4969 24.3516 11.7047 18.7883 17.0294 0.0 20.5913 37.8021 18.1108 25.2389 31.0644 34.6699 40.4599 27.2029 20.0 29.7321 22.4722 47.4342 23.7697 26.9258 17.0 55.3173 38.2884 22.0907 25.0799 16.4924 42.7551 29.2062 38.0789 24.0208 16.4924 28.7924 38.6005 25.632 27.6586 25.0599 21.095 31.0644 33.3017 23.6008 11.0454 20.6155 38.2884 36.1248 44.8219 34.2345 44.3847 6.0828 40.3113 51.0882 12.6491 15.1327 32.249 36.4005 44.7772 
34.2053 48.7955 37.0135 23.5372 52.2015 30.4138 54.1202 30.0167 50.448 20.8087 18.9737 55.7315 52.0096 10.0 43.4626 61.0574 42.0119 25.2389 26.9258 7.6158 20.5913 0.0 49.7293 37.9473 31.257 49.6488 47.8539 41.7732 47.7074 22.0907 22.3607 41.7253 49.8197 17.6918 7.0 11.1803 74.9667 58.0517 41.7612 25.0 15.2315 58.1378 9.434 58.6003 23.6008 34.5254 49.2443 41.3038 30.4138 37.6431 45.6508 1.0 44.5533 44.643 24.0208 31.0161 41.0488 18.6011 55.9732 64.3506 52.345 61.8547 15.0 47.0425 70.7248 33.1059 33.9559 15.2315 45.7056 49.163 
60.3075 50.0 40.7063 64.0703 71.1196 52.4976 72.8972 21.6333 25.02 67.082 35.5106 23.0868 80.2122 42.2966 31.0483 45.1774 50.9902 48.0833 22.8035 42.2019 37.8021 49.7293 0.0 27.7308 62.2254 21.0238 4.1231 77.7946 39.8121 57.8014 66.7308 45.6946 84.22 36.0 56.5155 38.833 65.2763 52.2398 26.2488 28.0713 34.7131 68.6222 53.2353 38.3275 29.0172 23.6008 33.1361 75.6637 21.0238 12.1655 35.9026 49.4773 7.2111 5.099 61.4003 30.6105 38.6264 59.0339 50.3587 58.0345 19.4165 65.307 42.19 75.6042 62.0725 32.45 25.807 64.846 70.4557 80.9197 
34.2053 23.0868 13.0384 42.45 43.4166 26.6271 45.1774 14.3178 13.0 48.2597 18.9737 19.2354 53.1507 36.0555 6.4031 25.6125 23.2594 23.7697 21.4709 32.6497 18.1108 37.9473 27.7308 0.0 37.2156 13.6015 23.7065 52.6972 14.5602 35.4401 46.6905 18.0278 58.258 34.6554 44.643 31.0644 43.8634 27.8927 4.0 31.3847 28.4253 41.2311 45.618 21.4009 31.0644 6.3246 12.0416 50.2195 27.5136 23.0 10.7703 38.2753 20.6155 25.0 38.8973 7.0711 11.1803 54.2033 25.7099 34.4819 17.088 39.0128 24.1868 48.7955 39.9249 6.3246 5.0 50.3587 43.2782 54.4885 
5.3852 30.2655 26.2488 12.0416 21.9545 10.7703 23.7065 41.2311 48.8467 21.2603 28.6531 55.5428 21.2132 39.0512 38.6264 48.0104 22.0907 14.1421 43.909 34.1321 25.2389 31.257 62.2254 37.2156 0.0 50.5371 58.7282 15.6205 36.3456 9.2195 17.8045 26.0768 22.2036 44.7214 32.8938 36.4966 54.231 39.8121 40.7063 48.7032 38.3275 30.4138 40.025 49.366 47.4342 39.0512 42.45 13.4536 50.5371 52.8015 37.108 32.249 55.1725 58.0517 8.6023 32.0156 31.0483 48.3839 38.4708 44.2719 54.1202 36.8917 23.4094 16.1245 50.3289 31.0644 37.0135 30.8058 14.5602 19.6977 
47.1699 30.8869 25.0 56.0446 54.037 39.8246 55.6058 21.0238 4.0 61.6604 31.0644 6.0828 65.1153 45.8803 12.7279 24.1868 33.9706 37.3363 27.4591 43.4166 31.0644 49.6488 21.0238 13.6015 50.5371 0.0 17.1172 65.8635 20.1246 49.0408 60.208 28.3196 71.0282 42.5441 56.5685 41.1096 44.2832 31.5753 9.8489 37.0135 37.6962 49.6488 56.3205 17.4642 37.2022 15.1327 12.6491 63.2851 31.1127 23.0217 16.6433 49.8197 15.8114 20.8806 52.4976 20.2237 21.2132 64.2573 29.8329 37.1214 3.6056 45.2217 37.0135 61.0737 41.0488 19.9249 16.0 63.0317 55.2268 67.0075 
56.6392 45.8803 36.7151 61.0574 67.1193 48.8365 68.884 18.7883 21.095 64.4748 32.6497 19.6977 76.4003 41.0122 26.9258 41.3038 46.9574 44.5982 21.095 40.4475 34.6699 47.8539 4.1231 23.7065 58.7282 17.1172 0.0 74.3303 35.6931 54.6443 63.9531 41.6293 80.6226 35.2278 54.7449 37.2156 61.4003 48.1664 22.1359 27.6586 33.1361 64.5136 52.0096 34.5254 28.4429 19.8494 29.0689 72.1388 20.6155 11.1803 31.7805 47.676 3.6056 5.0 58.2495 26.9072 34.5398 58.3095 46.2709 54.0093 15.8114 61.1882 39.3573 71.8401 58.1378 28.6007 22.0227 62.8172 66.6108 77.2334 
18.7883 42.4264 41.1461 18.2483 24.6982 26.0768 25.4951 56.6392 63.9531 24.3311 43.6005 70.6612 14.2127 50.9608 53.6656 60.6712 34.9285 29.7321 58.8218 46.4866 40.4599 41.7732 77.7946 52.6972 15.6205 65.8635 74.3303 0.0 50.2892 21.4709 21.095 39.8497 8.0623 57.5847 41.0122 49.3964 62.9682 51.0392 56.0803 62.6099 51.8941 35.7351 49.0918 63.0635 61.2699 54.6717 57.0088 3.0 65.192 68.1175 51.6236 42.7551 70.7672 73.5527 18.3848 47.634 45.6946 56.0803 50.1597 54.1479 69.4622 44.1475 37.7359 11.6619 59.5399 46.6154 52.6308 35.5106 16.4924 8.9443 
31.7805 10.8167 11.4018 45.0999 34.6554 26.0192 36.0694 28.7924 16.6433 52.7731 29.7321 22.6716 46.8722 48.0833 9.0 13.4164 15.6525 26.4764 35.8469 43.9318 27.2029 47.7074 39.8121 14.5602 36.3456 20.1246 35.6931 50.2892 0.0 38.2099 50.3587 10.4403 54.1295 48.0104 53.7122 43.1393 29.5296 13.3417 14.0 45.618 41.2311 29.5296 56.4004 13.0384 45.1774 20.8806 7.8102 47.4342 42.0595 37.2156 4.0 48.2597 33.2415 38.1182 41.0488 18.6011 6.7082 65.437 11.1803 19.9249 23.3238 25.4951 32.7567 43.4166 25.4951 15.6205 19.3132 57.5847 37.2156 49.6488 
13.0384 34.5398 27.0185 7.0711 30.8707 13.0 32.6956 36.2353 48.0521 14.8661 22.6274 54.5711 30.0167 30.2655 38.3275 50.9902 26.4008 12.0416 37.6431 25.4951 20.0 22.0907 57.8014 35.4401 9.2195 49.0408 54.6443 21.4709 38.2099 0.0 12.1655 28.8617 29.1548 36.4005 23.7697 28.1603 60.0333 44.3847 39.2938 41.1461 30.4631 38.4187 30.8058 51.0882 39.8121 35.7771 43.0465 20.2485 43.8292 47.3814 38.0 23.0868 51.0392 53.2635 3.6056 29.1548 32.0156 39.2173 42.72 49.6488 52.4976 43.9318 16.4012 25.0 55.9464 29.1204 34.0147 22.6274 23.7697 27.6586 
23.0217 46.4866 39.1152 5.831 39.0512 25.0 40.6079 45.1774 59.5399 3.6056 31.305 65.9242 33.8378 32.249 50.0899 63.1506 38.2753 24.0208 45.0 28.6007 29.7321 22.3607 66.7308 46.6905 17.8045 60.208 63.9531 21.095 50.3587 12.1655 0.0 41.0 29.0172 39.6611 20.2237 32.0156 71.5542 56.3028 50.636 46.0977 35.3836 48.1664 28.4429 63.1981 44.6878 46.1736 55.0 21.587 50.2494 55.4707 50.04 23.2594 60.3738 61.9112 9.8489 40.025 44.1022 35.0143 54.7083 61.327 63.561 54.6443 24.5967 29.5466 67.5426 40.4475 44.643 14.5602 30.8058 29.6142 
21.3776 7.2111 6.0828 35.5106 25.807 16.1245 27.4591 30.0 25.4951 43.6807 25.9422 32.0156 37.0135 44.1022 15.6205 22.2036 5.6569 17.8885 36.2215 39.4081 22.4722 41.7253 45.6946 18.0278 26.0768 28.3196 41.6293 39.8497 10.4403 28.8617 41.0 0.0 43.8292 45.6946 47.0106 39.4462 33.2415 16.4012 19.7231 45.1221 38.4838 23.3452 50.9313 23.3452 44.3847 23.3452 17.4929 37.0 43.1045 40.4475 12.2066 42.4264 38.6264 43.0116 31.4006 18.0278 7.2111 60.1415 14.4222 22.6274 31.8277 22.561 26.9072 33.2866 29.0 15.0 21.2132 49.6488 27.2029 39.4462 
24.0832 45.2217 46.0435 26.3059 24.0208 31.8277 24.1868 63.4114 68.7968 32.1403 50.774 75.4718 10.4403 58.9406 58.5235 63.3246 38.4838 36.2353 66.0379 54.4059 47.4342 49.8197 84.22 58.258 22.2036 71.0282 80.6226 8.0623 54.1295 29.1548 29.0172 43.8292 0.0 65.4599 49.0408 57.2451 63.0714 52.9528 61.4003 70.2638 59.6154 35.1283 57.1402 66.4831 68.942 60.8112 61.2944 8.9443 72.5603 75.0 55.9464 50.8035 77.1038 80.1561 26.2488 53.7401 50.2494 64.0312 52.3927 55.1453 74.6324 44.0454 45.1774 11.1803 60.0 52.4023 58.6941 43.2897 17.4642 5.0 
46.0977 52.8015 39.8121 39.8121 63.0714 40.05 65.0692 21.6333 44.6542 38.4187 19.9249 48.3011 65.9242 7.8102 41.0366 60.208 48.0833 34.0588 15.2315 11.1803 23.7697 17.6918 36.0 34.6554 44.7214 42.5441 35.2278 57.5847 48.0104 36.4005 39.6611 45.6946 65.4599 0.0 23.0217 8.2462 77.3886 60.5392 37.5366 8.2462 7.2801 66.4906 17.72 55.9017 7.0711 29.0689 46.669 56.6127 15.0333 24.0832 44.8219 16.9706 32.5576 31.0161 39.2173 29.4109 42.19 23.0868 58.3095 67.2309 44.2832 68.0074 22.0 60.8276 73.2462 32.45 29.6985 32.2025 58.1378 64.0312 
36.6742 53.9073 42.72 23.0868 54.626 34.2053 56.4624 37.0135 57.2713 17.72 25.7099 62.6498 52.6118 15.2643 49.98 67.1193 46.669 29.6985 33.7343 14.3178 26.9258 7.0 56.5155 44.643 32.8938 56.5685 54.7449 41.0122 53.7122 23.7697 20.2237 47.0106 49.0408 23.0217 0.0 17.72 80.1561 63.4114 48.5077 30.8869 21.8403 61.5873 8.2462 65.0 29.5296 41.4367 55.7136 41.0488 36.7696 44.3847 51.8941 7.0711 51.4782 51.4198 24.7386 37.6431 47.0106 15.5242 61.4003 69.527 59.3043 66.0681 21.0238 47.8539 75.9276 39.5601 40.7922 9.2195 47.4342 49.0918 
38.0132 46.6476 33.8378 31.7648 55.2268 32.249 57.2189 20.3961 42.5441 31.1127 13.6015 47.1275 57.7062 5.0 37.2022 55.9732 41.2311 26.3059 16.1245 3.6056 17.0 11.1803 38.833 31.0644 36.4966 41.1096 37.2156 49.3964 43.1393 28.1603 32.0156 39.4462 57.2451 8.2462 17.72 0.0 72.0069 55.0 34.4819 14.1421 4.1231 59.203 15.2971 52.4309 12.7279 26.4008 43.0116 48.3839 19.2354 26.6833 40.3609 10.7703 34.0588 33.7343 31.0161 24.8395 36.8782 23.2594 52.8015 61.6117 43.4166 61.327 14.1421 52.6118 67.8012 27.5862 26.4197 26.4008 50.04 55.7853 
48.8467 26.2488 38.2884 65.7419 39.0512 47.1699 39.0 58.1808 40.3113 74.7061 58.4123 43.0116 53.0 76.8375 37.6962 20.0998 33.8378 50.6063 65.307 72.3464 55.3173 74.9667 65.2763 43.8634 54.231 44.2832 61.4003 62.9682 29.5296 60.0333 71.5542 33.2415 63.0714 77.3886 80.1561 72.0069 0.0 17.0294 42.3792 75.1332 70.4557 28.0 84.1487 27.0185 74.7061 50.1597 33.2415 60.0167 71.3092 65.521 33.1059 75.6637 59.8415 64.9384 61.7171 48.0208 35.2278 93.3488 19.2094 10.6301 46.0435 19.0263 60.1082 52.2398 4.2426 44.9444 48.7545 82.0975 46.5296 58.0775 
34.5254 9.8489 21.2603 50.5964 30.0832 31.3847 30.8707 42.0595 27.6586 59.2368 41.4005 32.311 43.9659 59.8164 22.2036 11.4018 18.0278 34.1321 49.0408 55.3173 38.2884 58.0517 52.2398 27.8927 39.8121 31.5753 48.1664 51.0392 13.3417 44.3847 56.3028 16.4012 52.9528 60.5392 63.4114 55.0 17.0294 0.0 27.1662 58.6941 53.535 21.4009 67.1789 17.2047 58.1808 34.2053 19.105 48.0416 55.3624 50.4876 17.2627 58.7282 46.0109 51.0 46.4866 31.305 18.3576 76.3675 2.2361 6.7082 34.2053 14.4222 43.1393 41.7732 12.8062 28.178 32.573 65.8635 35.5106 48.0521 
37.4433 23.7697 15.5563 46.3249 45.4863 30.0167 47.1699 16.4012 9.0 52.2398 22.8035 15.2971 55.8659 39.4462 5.0 23.3238 25.2389 27.5136 23.6008 36.2491 22.0907 41.7612 26.2488 4.0 40.7063 9.8489 22.1359 56.0803 14.0 39.2938 50.636 19.7231 61.4003 37.5366 48.5077 34.4819 42.3792 27.1662 0.0 33.6006 31.6228 42.3792 49.2443 18.3848 33.4215 8.4853 9.434 53.535 29.0689 23.3452 10.0 42.0595 19.4165 24.1868 42.72 11.0454 12.53 57.7062 25.0799 33.541 13.4164 39.3192 28.1603 51.6624 38.6005 10.198 8.0623 54.3323 45.9674 57.4891 
49.2443 51.923 39.0512 45.4863 65.192 42.4264 67.1863 17.2047 39.6232 45.2548 21.095 42.4382 69.6419 15.6525 37.7359 56.8595 48.3735 36.4966 10.0 17.6918 25.0799 25.0 28.0713 31.3847 48.7032 37.0135 27.6586 62.6099 45.618 41.1461 46.0977 45.1221 70.2638 8.2462 30.8869 14.1421 75.1332 58.6941 33.6006 0.0 10.8167 67.2681 25.9615 51.8556 1.4142 25.2389 43.0116 61.327 7.0711 16.4924 42.0595 24.4131 25.2982 23.1948 44.2945 27.5136 40.4969 31.0 56.4624 65.3911 38.2753 67.6831 25.2982 64.56 71.1126 30.6757 26.4197 39.9625 61.1882 68.352 
39.3192 45.618 32.6497 34.6699 56.0089 33.0 58.0086 16.7631 39.3573 34.7131 12.6491 43.6578 59.439 8.2462 34.7131 53.7401 40.8044 27.0 12.0416 7.6158 16.4924 15.2315 34.7131 28.4253 38.3275 37.6962 33.1361 51.8941 41.2311 30.4631 35.3836 38.4838 59.6154 7.2801 21.8403 4.1231 70.4557 53.535 31.6228 10.8167 0.0 59.2284 19.105 49.8197 9.434 23.3238 40.4599 50.6952 15.2643 22.561 38.2099 14.8661 30.0167 29.6142 33.541 22.6716 35.2278 26.5707 51.3128 60.208 39.8497 60.7454 15.1327 54.3415 66.2873 25.6125 23.6008 30.4631 51.3517 57.8705 
25.4951 18.7883 29.1548 42.45 11.1803 27.7308 11.0 53.1507 46.1411 51.6624 46.6905 51.8652 25.0 63.2456 37.6962 32.8024 19.0 33.2415 59.0 58.1893 42.7551 58.1378 68.6222 41.2311 30.4138 49.6488 64.5136 35.7351 29.5296 38.4187 48.1664 23.3452 35.1283 66.4906 61.5873 59.203 28.0 21.4009 42.3792 67.2681 59.2284 0.0 67.5352 38.1838 66.3702 46.6905 37.2156 32.8938 66.0076 63.7887 33.1059 59.0339 61.6847 66.2193 38.8973 41.1096 30.0832 76.5376 21.9317 21.1896 52.8394 9.0554 45.2217 24.5153 25.1794 38.2099 44.5533 60.959 19.3132 30.1496 
43.3244 58.0517 46.0109 31.0 61.3514 39.8246 63.2456 35.6931 57.5847 25.9615 26.9258 62.3618 60.2993 11.0 51.4782 69.6348 51.4004 34.6699 31.0161 13.0 29.2062 9.434 53.2353 45.618 40.025 56.3205 52.0096 49.0918 56.4004 30.8058 28.4429 50.9313 57.1402 17.72 8.2462 15.2971 84.1487 67.1789 49.2443 25.9615 19.105 67.5352 0.0 66.7308 24.7386 41.4367 57.3062 49.0 32.5576 41.1096 54.0833 8.6023 49.0102 48.1664 32.249 38.9487 49.8197 9.2195 65.0692 73.5527 58.6941 71.2811 24.0416 55.4437 79.9062 41.3401 41.2311 16.6433 54.5711 57.0088 
44.7214 21.4709 24.0832 58.0345 45.4863 39.0512 46.6154 34.7131 13.6015 65.4905 39.8246 16.1245 58.5918 57.4282 15.2643 7.0711 28.1603 39.2046 41.8688 53.8516 38.0789 58.6003 38.3275 21.4009 49.366 17.4642 34.5254 63.0635 13.0384 51.0882 63.1981 23.3452 66.4831 55.9017 65.0 52.4309 27.0185 17.2047 18.3848 51.8556 49.8197 38.1838 66.7308 0.0 51.7397 26.8701 9.434 60.1664 46.8722 39.8121 13.3417 59.0339 33.2415 38.3275 54.0093 27.7849 19.105 75.4718 16.2788 21.1896 19.0263 31.6228 44.0114 55.5428 24.0832 25.4951 26.2488 69.6419 49.2443 61.8466 
48.0521 51.2445 38.3275 44.1022 64.1249 41.3038 66.1211 17.0294 39.6989 43.8406 20.025 42.72 68.4105 14.3178 37.4433 56.6127 47.5184 35.3553 9.8995 16.2788 24.0208 23.6008 29.0172 31.0644 47.4342 37.2022 28.4429 61.2699 45.1774 39.8121 44.6878 44.3847 68.942 7.0711 29.5296 12.7279 74.7061 58.1808 33.4215 1.4142 9.434 66.3702 24.7386 51.7397 0.0 25.0 42.8019 60.0083 8.0 17.2627 41.6773 23.0217 25.9615 24.0832 42.9418 26.9258 39.9249 30.0167 55.9464 64.8845 38.5876 66.9403 24.0416 63.3246 70.6612 30.0832 26.0768 38.5876 60.0167 67.0671 
36.7967 29.0 17.72 42.5441 47.927 29.0 49.7695 8.0623 16.1555 47.2969 16.0 21.2132 56.6127 31.305 12.53 31.6228 28.1603 25.0 15.2643 28.4605 16.4924 34.5254 23.6008 6.3246 39.0512 15.1327 19.8494 54.6717 20.8806 35.7771 46.1736 23.3452 60.8112 29.0689 41.4367 26.4008 50.1597 34.2053 8.4853 25.2389 23.3238 46.6905 41.4367 26.8701 25.0 0.0 17.8045 52.4023 21.1896 17.1172 17.088 34.7131 16.4012 20.1246 39.3573 7.0711 17.0 49.6588 32.0156 40.8044 18.0 45.0111 22.2036 52.0096 46.2385 8.9443 2.2361 48.0 46.8722 57.3847 
38.2753 18.6011 16.2788 50.0899 42.4264 31.7805 43.8634 25.807 8.9443 57.0789 30.4138 14.8661 54.4059 48.0104 5.831 13.8924 23.0217 31.0161 33.0151 44.4185 28.7924 49.2443 33.1361 12.0416 42.45 12.6491 29.0689 57.0088 7.8102 43.0465 55.0 17.4929 61.2944 46.669 55.7136 43.0116 33.2415 19.105 9.434 43.0116 40.4599 37.2156 57.3062 9.434 42.8019 17.8045 0.0 54.231 38.4708 32.28 5.3852 49.6588 27.0185 32.0624 46.1736 18.3576 11.4018 66.0379 17.2627 25.02 15.6525 32.573 34.7851 50.774 29.6142 16.1555 16.9706 60.6383 44.6542 56.9386 
16.1245 39.4588 38.4708 18.0 21.9317 23.6008 22.8254 54.6717 61.2944 25.0 41.8808 68.0 12.53 50.2195 51.0 57.7062 32.0156 27.5862 57.1402 45.607 38.6005 41.3038 75.6637 50.2195 13.4536 63.2851 72.1388 3.0 47.4342 20.2485 21.587 37.0 8.9443 56.6127 41.0488 48.3839 60.0167 48.0416 53.535 61.327 50.6952 32.8938 49.0 60.1664 60.0083 52.4023 54.231 0.0 63.6318 66.2193 48.8467 42.2966 68.593 71.5052 17.4642 45.3431 42.9535 56.3205 47.1699 51.1566 66.888 41.2311 36.2353 9.2195 56.5685 44.2041 50.3289 36.1386 13.6015 8.0623 
50.3289 49.4975 37.054 48.9183 65.1153 43.0116 67.082 13.3417 34.0588 49.8197 21.9317 36.2353 70.9366 21.8403 33.6155 52.3546 47.0106 37.3363 7.0711 22.8254 25.632 30.4138 21.0238 27.5136 50.5371 31.1127 20.6155 65.192 42.0595 43.8292 50.2494 43.1045 72.5603 15.0333 36.7696 19.2354 71.3092 55.3624 29.0689 7.0711 15.2643 66.0076 32.5576 46.8722 8.0 21.1896 38.4708 63.6318 0.0 9.4868 38.2753 29.9666 18.3848 16.1245 47.2017 25.0799 37.6563 38.0132 53.1601 61.9839 32.0156 65.4905 27.4591 65.9242 67.4166 28.1603 22.8035 45.618 61.9839 70.214 
51.6236 46.0435 34.7131 53.2635 64.5136 43.909 66.4078 11.6619 26.4197 55.5698 24.7588 27.5862 72.0694 30.1496 28.2843 45.8803 45.1221 38.833 10.7703 30.0832 27.6586 37.6431 12.1655 23.0 52.8015 23.0217 11.1803 68.1175 37.2156 47.3814 55.4707 40.4475 75.0 24.0832 44.3847 26.6833 65.521 50.4876 23.3452 16.4924 22.561 63.7887 41.1096 39.8121 17.2627 17.1172 32.28 66.2193 9.4868 0.0 33.2415 37.3631 8.9443 7.0711 50.9313 23.0868 34.0588 47.1699 48.3735 56.8859 23.3452 62.0081 31.241 67.2309 61.8466 25.7099 19.2354 52.811 62.6099 72.111 
32.8938 14.3178 11.0454 45.0111 37.5366 26.4764 39.0512 25.0799 13.4536 52.2398 27.2029 19.8494 49.2037 45.3431 5.0 15.6205 17.8045 26.0192 32.2025 41.4005 25.0599 45.6508 35.9026 10.7703 37.108 16.6433 31.7805 51.6236 4.0 38.0 50.04 12.2066 55.9464 44.8219 51.8941 40.3609 33.1059 17.2627 10.0 42.0595 38.2099 33.1059 54.0833 13.3417 41.6773 17.088 5.3852 48.8467 38.2753 33.2415 0.0 46.1411 29.2746 34.1321 41.0488 15.5563 6.0828 63.0079 15.1327 23.7697 20.0 29.4279 30.8707 45.4863 29.1548 12.8062 15.6525 56.3205 39.4081 51.6236 
35.171 49.5177 37.6431 24.5153 53.1601 31.305 55.0818 30.0 50.6952 21.6333 19.3132 55.9017 53.0094 9.2195 43.8634 61.5873 42.8019 26.0768 26.6833 7.2801 21.095 1.0 49.4773 38.2753 32.249 49.8197 47.676 42.7551 48.2597 23.0868 23.2594 42.4264 50.8035 16.9706 7.0711 10.7703 75.6637 58.7282 42.0595 24.4131 14.8661 59.0339 8.6023 59.0339 23.0217 34.7131 49.6588 42.2966 29.9666 37.3631 46.1411 0.0 44.4072 44.3847 25.02 31.3847 41.6173 17.8045 56.6392 65.0538 52.469 62.6817 15.6205 48.0416 71.4213 33.541 34.2053 15.6525 46.6905 50.1597 
53.1507 43.1741 33.541 57.4543 63.9531 45.3431 65.7419 15.2315 19.6469 60.9262 29.0689 19.4165 73.0068 38.0132 24.3311 39.8121 43.8634 41.0366 18.0 37.2156 31.0644 44.5533 7.2111 20.6155 55.1725 15.8114 3.6056 70.7672 33.2415 51.0392 60.3738 38.6264 77.1038 32.5576 51.4782 34.0588 59.8415 46.0109 19.4165 25.2982 30.0167 61.6847 49.0102 33.2415 25.9615 16.4012 27.0185 68.593 18.3848 8.9443 29.2746 44.4072 0.0 5.099 54.6443 23.4307 31.6228 55.5788 44.0454 52.0384 15.2643 58.6941 35.7771 68.4105 56.4358 25.2389 18.6011 59.439 63.2456 73.7564 
56.4004 47.8539 37.6962 59.4054 68.0294 48.6004 69.857 17.0294 24.7386 62.1772 30.8058 24.1868 76.5506 37.2156 29.1548 44.911 48.1041 43.9318 17.72 37.108 33.3017 44.643 5.099 25.0 58.0517 20.8806 5.0 73.5527 38.1182 53.2635 61.9112 43.0116 80.1561 31.0161 51.4198 33.7343 64.9384 51.0 24.1868 23.1948 29.6142 66.2193 48.1664 38.3275 24.0832 20.1246 32.0624 71.5052 16.1245 7.0711 34.1321 44.3847 5.099 0.0 56.8507 26.9258 36.1386 54.0833 49.0102 57.0789 20.1246 63.5059 37.4433 71.8471 61.5224 29.0689 22.3607 59.7746 66.888 77.0065 
13.4536 36.6879 30.0167 4.1231 30.5287 15.2971 32.249 39.8246 51.4198 13.0384 26.1725 57.9741 28.0713 32.7567 41.5933 53.6004 28.4605 15.2971 41.1096 28.1603 23.6008 24.0208 61.4003 38.8973 8.6023 52.4976 58.2495 18.3848 41.0488 3.6056 9.8489 31.4006 26.2488 39.2173 24.7386 31.0161 61.7171 46.4866 42.72 44.2945 33.541 38.8973 32.249 54.0093 42.9418 39.3573 46.1736 17.4642 47.2017 50.9313 41.0488 25.02 54.6443 56.8507 0.0 32.6956 35.0143 40.2616 44.9222 51.4782 55.9732 45.0 19.8494 23.1948 57.6975 32.573 37.5766 22.2036 22.8473 25.1794 
29.7321 24.5153 12.0 36.0555 41.4367 21.9317 43.3244 12.0416 20.025 41.4367 12.083 26.0768 49.6488 29.8329 12.53 31.1448 22.2036 18.0278 18.2483 26.0768 11.0454 31.0161 30.6105 7.0711 32.0156 20.2237 26.9072 47.634 18.6011 29.1548 40.025 18.0278 53.7401 29.4109 37.6431 24.8395 48.0208 31.305 11.0454 27.5136 22.6716 41.1096 38.9487 27.7849 26.9258 7.0711 18.3576 45.3431 25.0799 23.0868 15.5563 31.3847 23.4307 26.9258 32.6956 0.0 13.0 47.7074 29.0689 38.0132 23.5372 40.4475 17.1172 45.0 43.909 3.1623 5.0 43.2897 39.9625 50.3289 
26.9258 12.0 5.0 39.0 33.0151 20.3961 34.6699 24.3311 18.6011 46.3897 23.3452 25.2389 43.9318 41.7732 8.4853 20.1246 12.8062 20.0998 31.0483 37.4833 20.6155 41.0488 38.6264 11.1803 31.0483 21.2132 34.5398 45.6946 6.7082 32.0156 44.1022 7.2111 50.2494 42.19 47.0106 36.8782 35.2278 18.3576 12.53 40.4969 35.2278 30.0832 49.8197 19.105 39.9249 17.0 11.4018 42.9535 37.6563 34.0588 6.0828 41.6173 31.6228 36.1386 35.0143 13.0 0.0 58.8982 16.1245 25.0599 24.7588 28.0179 26.0768 40.0 31.0644 9.8489 15.0333 50.9215 34.0588 46.0435 
52.0 67.2681 55.1725 38.4708 70.0071 48.8774 71.8679 43.3244 65.7951 32.0156 35.805 70.2282 68.0661 18.3848 60.208 78.6003 60.6053 43.8292 37.855 21.6333 38.2884 18.6011 59.0339 54.2033 48.3839 64.2573 58.3095 56.0803 65.437 39.2173 35.0143 60.1415 64.0312 23.0868 15.5242 23.2594 93.3488 76.3675 57.7062 31.0 26.5707 76.5376 9.2195 75.4718 30.0167 49.6588 66.0379 56.3205 38.0132 47.1699 63.0079 17.8045 55.5788 54.0833 40.2616 47.7074 58.8982 0.0 74.2496 82.7587 66.4078 80.4487 33.2415 63.3482 89.1067 50.2195 49.6488 21.2132 62.9365 64.3817 
33.2415 8.2462 19.105 49.0408 29.9666 29.7321 30.8869 39.8497 25.9615 57.5847 39.2046 30.8707 43.6578 57.6281 20.0998 11.1803 16.4924 32.249 46.8188 53.1507 36.1248 55.9732 50.3587 25.7099 38.4708 29.8329 46.2709 50.1597 11.1803 42.72 54.7083 14.4222 52.3927 58.3095 61.4003 52.8015 19.2094 2.2361 25.0799 56.4624 51.3128 21.9317 65.0692 16.2788 55.9464 32.0156 17.2627 47.1699 53.1601 48.3735 15.1327 56.6392 44.0454 49.0102 44.9222 29.0689 16.1245 74.2496 0.0 8.9443 32.573 15.6525 41.0366 41.2311 15.0 25.9422 30.3645 64.0078 34.9285 47.5395 
38.8973 15.6205 27.8029 55.5428 31.4006 36.7151 31.7805 48.7032 33.1361 64.405 48.0104 37.108 45.5412 66.4003 28.6356 14.3178 23.3238 40.0 55.7136 61.8466 44.8219 64.3506 58.0345 34.4819 44.2719 37.1214 54.0093 54.1479 19.9249 49.6488 61.327 22.6274 55.1453 67.2309 69.527 61.6117 10.6301 6.7082 33.541 65.3911 60.208 21.1896 73.5527 21.1896 64.8845 40.8044 25.02 51.1566 61.9839 56.8859 23.7697 65.0538 52.0384 57.0789 51.4782 38.0132 25.0599 82.7587 8.9443 0.0 39.4588 12.53 49.5177 44.0454 6.4031 34.8855 39.2173 71.5612 38.0 50.1597 
50.774 34.1321 28.6007 59.4811 57.4891 43.4166 59.0339 23.0868 6.7082 64.9384 34.0 4.2426 68.6804 48.0833 16.2788 26.0 37.4833 40.8534 29.0689 45.8912 34.2345 52.345 19.4165 17.088 54.1202 3.6056 15.8114 69.4622 23.3238 52.4976 63.561 31.8277 74.6324 44.2832 59.3043 43.4166 46.0435 34.2053 13.4164 38.2753 39.8497 52.8394 58.6941 19.0263 38.5876 18.0 15.6525 66.888 32.0156 23.3452 20.0 52.469 15.2643 20.1246 55.9732 23.5372 24.7588 66.4078 32.573 39.4588 0.0 48.1041 40.1123 64.6607 43.0116 23.4094 19.105 66.0 58.7963 70.6045 
31.6228 16.0312 28.6356 48.8262 20.025 31.8904 20.025 52.2398 41.4367 58.0086 48.1041 46.5188 34.0147 65.7419 34.3657 25.4951 20.1246 36.6197 58.6941 60.8276 44.3847 61.8547 65.307 39.0128 36.8917 45.2217 61.1882 44.1475 25.4951 43.9318 54.6443 22.561 44.0454 68.0074 66.0681 61.327 19.0263 14.4222 39.3192 67.6831 60.7454 9.0554 71.2811 31.6228 66.9403 45.0111 32.573 41.2311 65.4905 62.0081 29.4279 62.6817 58.6941 63.5059 45.0 40.4475 28.0179 80.4487 15.6525 12.53 48.1041 0.0 47.8853 33.2415 16.1245 37.3363 43.0465 66.5282 27.6586 39.0512 
24.1868 34.0588 22.0227 22.0227 41.1096 18.1108 43.1045 20.5913 37.1214 25.2982 6.7082 43.0 44.3847 18.0278 29.1204 46.1411 27.7849 12.1655 21.2603 13.0 6.0828 15.0 42.19 24.1868 23.4094 37.0135 39.3573 37.7359 32.7567 16.4012 24.5967 26.9072 45.1774 22.0 21.0238 14.1421 60.1082 43.1393 28.1603 25.2982 15.1327 45.2217 24.0416 44.0114 24.0416 22.2036 34.7851 36.2353 27.4591 31.241 30.8707 15.6205 35.7771 37.4433 19.8494 17.1172 26.0768 33.2415 41.0366 49.5177 40.1123 47.8853 0.0 39.2938 55.8659 18.6815 21.0238 26.1725 36.2215 43.0813 
15.6525 34.176 36.1248 25.0 13.3417 23.3238 13.9284 55.5698 58.6003 33.1059 44.0114 65.215 5.099 55.1453 48.4149 52.2015 27.7849 28.6356 59.0931 50.2494 40.3113 47.0425 75.6042 48.7955 16.1245 61.0737 71.8401 11.6619 43.4166 25.0 29.5466 33.2866 11.1803 60.8276 47.8539 52.6118 52.2398 41.7732 51.6624 64.56 54.3415 24.5153 55.4437 55.5428 63.3246 52.0096 50.774 9.2195 65.9242 67.2309 45.4863 48.0416 68.4105 71.8471 23.1948 45.0 40.0 63.3482 41.2311 44.0454 64.6607 33.2415 39.2938 0.0 49.0408 43.2782 49.8197 44.0114 6.3246 6.3246 
44.9444 22.0227 34.0588 61.7414 36.0139 43.0465 36.1248 54.231 37.054 70.6612 54.2033 40.1995 50.0899 72.6223 33.8378 17.0294 29.6816 46.4004 61.327 68.1175 51.0882 70.7248 62.0725 39.9249 50.3289 41.0488 58.1378 59.5399 25.4951 55.9464 67.5426 29.0 60.0 73.2462 75.9276 67.8012 4.2426 12.8062 38.6005 71.1126 66.2873 25.1794 79.9062 24.0832 70.6612 46.2385 29.6142 56.5685 67.4166 61.8466 29.1548 71.4213 56.4358 61.5224 57.6975 43.909 31.0644 89.1067 15.0 6.4031 43.0116 16.1245 55.8659 49.0408 0.0 40.8167 44.7772 77.9359 43.1856 55.0 
28.3196 21.3776 9.0554 36.1386 39.0 20.6155 40.8534 15.0 19.105 42.107 14.4222 25.4951 47.8017 32.5576 10.4403 28.4253 19.4165 17.4642 21.3776 28.6007 12.6491 33.1059 32.45 6.3246 31.0644 19.9249 28.6007 46.6154 15.6205 29.1204 40.4475 15.0 52.4023 32.45 39.5601 27.5862 44.9444 28.178 10.198 30.6757 25.6125 38.2099 41.3401 25.4951 30.0832 8.9443 16.1555 44.2041 28.1603 25.7099 12.8062 33.541 25.2389 29.0689 32.573 3.1623 9.8489 50.2195 25.9422 34.8855 23.4094 37.3363 18.6815 43.2782 40.8167 0.0 6.7082 44.7214 38.0132 48.7955 
34.6554 27.0185 15.5242 40.8534 45.6946 26.8701 47.5395 9.4868 16.4924 45.8912 15.1327 22.0227 54.4059 31.3847 11.4018 30.6105 25.9615 23.0217 16.5529 28.2312 15.1327 33.9559 25.807 5.0 37.0135 16.0 22.0227 52.6308 19.3132 34.0147 44.643 21.2132 58.6941 29.6985 40.7922 26.4197 48.7545 32.573 8.0623 26.4197 23.6008 44.5533 41.2311 26.2488 26.0768 2.2361 16.9706 50.3289 22.8035 19.2354 15.6525 34.2053 18.6011 22.3607 37.5766 5.0 15.0333 49.6488 30.3645 39.2173 19.105 43.0465 21.0238 49.8197 44.7772 6.7082 0.0 47.0425 44.6542 55.2268 
35.4683 56.0803 46.2385 19.2354 52.6972 35.0 54.3783 44.5533 63.2851 11.1803 32.0 69.0652 48.3839 24.4131 55.109 70.9366 48.2597 31.7648 42.0595 22.8473 32.249 15.2315 64.846 50.3587 30.8058 63.0317 62.8172 35.5106 57.5847 22.6274 14.5602 49.6488 43.2897 32.2025 9.2195 26.4008 82.0975 65.8635 54.3323 39.9625 30.4631 60.959 16.6433 69.6419 38.5876 48.0 60.6383 36.1386 45.618 52.811 56.3205 15.6525 59.439 59.7746 22.2036 43.2897 50.9215 21.2132 64.0078 71.5612 66.0 66.5282 26.1725 44.0114 77.9359 44.7214 47.0425 0.0 44.7772 44.1475 
12.0416 27.8568 30.4138 25.5539 8.6023 18.9737 9.8995 50.9902 52.6308 34.4093 40.2616 59.203 9.8995 53.0377 42.5206 45.8803 21.6333 24.7386 55.0273 48.0104 36.4005 45.7056 70.4557 43.2782 14.5602 55.2268 66.6108 16.4924 37.2156 23.7697 30.8058 27.2029 17.4642 58.1378 47.4342 50.04 46.5296 35.5106 45.9674 61.1882 51.3517 19.3132 54.5711 49.2443 60.0167 46.8722 44.6542 13.6015 61.9839 62.6099 39.4081 46.6905 63.2456 66.888 22.8473 39.9625 34.0588 62.9365 34.9285 38.0 58.7963 27.6586 36.2215 6.3246 43.1856 38.0132 44.6542 44.7772 0.0 12.6491 
20.6155 40.4969 42.0119 26.0192 19.0263 28.4253 19.2354 60.4649 64.6375 32.9848 48.3011 71.2811 5.831 57.8705 54.4059 58.5235 34.0 33.2866 63.5295 53.1507 44.7772 49.163 80.9197 54.4885 19.6977 67.0075 77.2334 8.9443 49.6488 27.6586 29.6142 39.4462 5.0 64.0312 49.0918 55.7853 58.0775 48.0521 57.4891 68.352 57.8705 30.1496 57.0088 61.8466 67.0671 57.3847 56.9386 8.0623 70.214 72.111 51.6236 50.1597 73.7564 77.0065 25.1794 50.3289 46.0435 64.3817 47.5395 50.1597 70.6045 39.0512 43.0813 6.3246 55.0 48.7955 55.2268 44.1475 12.6491 0.0 
