70
0.0 33.0606 29.1548 39.9249 13.0 26.4008 45.2217 59.6825 54.4518 46.1736 12.8062 29.0172 56.3649 35.8469 40.3113 23.6008 40.8534 32.45 33.0151 28.0179 51.225 29.8329 18.6011 19.4165 48.3011 17.72 41.6173 44.0 29.2062 9.434 32.5576 35.8469 34.1321 10.0499 27.2029 38.0132 22.0907 32.6956 24.1868 29.0689 12.0 22.2036 50.1597 39.9249 31.6228 18.6815 49.93 52.2015 19.7231 37.3631 39.9249 31.241 35.1141 8.6023 48.7545 42.638 49.1935 9.8995 36.4005 17.6918 18.0278 23.3452 49.5782 45.3542 21.095 33.0151 12.0 42.8019 30.0666 53.0094 
33.0606 0.0 52.6972 61.8466 46.0435 56.921 70.7248 83.0963 41.3038 60.6053 25.0799 62.0725 53.7587 65.9697 68.4251 53.3667 13.9284 20.8806 63.5689 43.8634 77.3886 40.4599 20.1246 26.0768 46.3249 42.4853 37.108 56.6127 59.4643 41.5933 28.2312 36.2491 1.4142 34.176 37.5366 52.4976 11.0 56.0357 50.5371 23.7065 34.4819 55.2268 63.8201 42.9535 58.1808 32.249 74.4043 77.666 29.8329 44.4185 17.4642 29.0689 10.0 29.4109 47.5395 35.5106 47.2969 41.0 41.1825 48.0833 49.4773 21.2603 35.2278 63.6553 54.0 59.5399 35.8469 28.0179 44.5533 78.2368 
29.1548 52.6972 0.0 10.7703 27.074 14.8661 18.0278 31.241 50.448 20.2485 28.3196 31.6228 42.4382 49.2443 17.1172 41.7732 64.5368 39.0512 17.8885 12.0416 24.6982 18.1108 46.0435 48.3011 36.6742 11.6619 35.6931 20.2485 15.0 22.2036 33.1361 29.2746 54.0833 20.8087 19.0263 14.8661 43.9318 3.6056 6.0828 33.9559 40.5216 26.4008 24.0416 27.8568 7.0711 47.7598 21.9317 25.0 23.2594 22.8473 49.4773 31.1448 58.7963 25.6125 36.2353 38.4708 37.1214 20.3961 25.0 15.1327 17.4642 51.3128 48.3735 17.0 30.6757 8.0 18.6011 45.0111 13.3417 25.6125 
39.9249 61.8466 10.7703 0.0 37.054 21.8403 11.0 21.2603 53.0377 14.2127 38.2884 38.6264 41.4367 57.28 15.2643 51.1566 74.2496 46.0977 21.6333 18.3576 17.2627 23.4094 56.6039 59.0339 37.4833 22.3607 39.1152 16.5529 20.6155 32.7567 39.2173 33.541 63.2535 31.3847 25.4951 14.0357 53.7587 7.2801 16.2788 41.1461 51.2445 34.7131 17.0294 30.0 11.4018 58.5235 13.0 16.7631 32.0156 25.02 56.4624 37.3363 68.593 36.0555 36.6742 42.19 37.6563 31.0483 28.1603 25.0799 27.0 61.9112 52.1536 8.0623 39.4588 10.7703 29.1548 50.2195 18.3848 17.088 
13.0 46.0435 27.074 37.054 0.0 17.8885 39.2173 54.0833 64.2028 46.8722 24.3516 16.0312 63.0079 25.4558 32.6497 15.2315 53.1601 43.8634 23.6008 31.305 44.2832 35.2278 30.0832 28.8444 55.4437 18.7883 50.2494 45.8803 20.5913 7.0711 42.4382 43.8406 47.0956 17.2047 33.4215 39.8497 35.0571 30.0 21.0238 39.8246 17.6918 9.4868 50.8035 46.4004 26.4764 25.4558 44.2719 45.6946 28.6007 42.72 52.2015 40.8044 47.5395 19.3132 55.6058 51.8556 56.2228 9.2195 42.8019 12.0 10.198 34.0 59.9083 44.0454 8.2462 27.6586 17.6918 53.7122 33.541 46.6154 
26.4008 56.921 14.8661 21.8403 17.8885 0.0 21.587 36.4005 63.3246 34.4819 32.0156 17.0 57.0088 35.4401 14.7648 30.0666 66.6483 48.0416 6.7082 25.0599 26.4008 30.8707 45.0 45.2548 50.774 16.0312 48.4665 35.0 2.8284 17.0294 43.7379 41.7852 58.1893 22.8035 30.6757 29.7321 46.6154 16.1245 10.2956 43.1045 35.0 13.0384 38.0132 41.6773 10.4403 42.8019 26.6833 27.8568 31.0161 36.8917 58.0086 41.7732 60.8276 27.5136 50.4777 50.9215 51.3128 16.6433 38.4708 8.9443 8.4853 49.679 60.4401 29.7321 18.0 11.1803 21.3776 55.9017 26.9258 28.7924 
45.2217 70.7248 18.0278 11.0 39.2173 21.587 0.0 14.8661 64.0312 23.7697 46.2277 36.1248 51.923 55.2268 8.2462 51.4782 82.4621 56.3028 18.0278 28.4605 6.7082 33.9559 63.1269 64.6375 48.3735 29.0 50.0899 26.9258 19.2354 36.7151 49.7293 44.4072 72.111 38.1838 35.7351 25.02 61.8466 14.7648 21.2603 51.264 55.4707 34.2345 25.5539 41.0 13.6015 63.1348 5.099 7.0711 41.1825 36.0139 66.7308 47.8017 76.6942 43.1393 47.5184 53.1507 48.5077 35.5106 39.1152 28.178 29.1548 68.2495 63.1269 16.5529 39.3192 12.2066 36.0694 61.0 28.8617 7.8102 
59.6825 83.0963 31.241 21.2603 54.0833 36.4005 14.8661 0.0 70.0357 27.4591 59.4138 50.04 55.0 69.0 22.2036 66.0984 95.483 66.7308 32.249 39.4081 11.0454 43.909 77.201 79.0759 53.6004 42.8019 57.5674 31.7805 33.9559 51.4296 59.4811 52.9245 84.5044 52.0096 46.3249 32.6956 74.9533 27.6586 35.5106 61.9112 70.214 48.8365 27.0185 48.0833 28.178 77.8267 9.8489 9.0 53.2635 43.6578 76.9415 57.7062 89.8053 56.8507 52.469 60.7289 53.4603 50.1199 47.1699 42.9535 44.0114 82.4197 70.342 21.1896 53.9351 26.8328 49.8197 69.6419 39.1152 8.0 
54.4518 41.3038 50.448 53.0377 64.2028 63.3246 64.0312 70.0357 0.0 42.5793 41.7732 77.026 18.4391 89.4986 66.7533 77.8332 54.0 23.7065 68.0074 38.6005 70.0071 32.573 55.0364 61.2699 16.4924 48.3011 14.8661 38.3275 64.5136 57.2014 21.9317 21.5407 42.19 47.0106 32.6956 39.0128 44.0114 51.788 53.1413 25.6125 63.6003 69.9714 43.4166 23.0868 57.4891 65.8635 65.0692 69.0652 35.609 28.1603 24.0208 23.4307 51.2445 45.9674 17.72 12.53 16.7631 55.2178 25.4951 57.7062 60.4152 58.8727 6.0828 49.2544 71.8471 58.2495 46.6154 13.6015 37.108 69.1158 
46.1736 60.6053 20.2485 14.2127 46.8722 34.4819 23.7697 27.4591 42.5793 0.0 40.4969 51.4782 28.4429 69.4622 29.4109 61.8466 74.0608 41.7732 35.4683 18.6815 28.6356 20.2485 60.0833 63.7887 26.1725 29.0172 30.4631 4.4721 33.8378 41.1947 34.0588 26.6271 62.0081 36.3456 23.3238 8.544 54.5894 18.3576 26.2488 37.4833 58.1378 46.6154 4.0 21.0238 24.4131 64.6297 23.3452 27.2947 32.2025 17.2047 51.4004 32.5576 68.7968 40.025 25.0799 33.6155 26.0768 39.1152 20.8087 35.171 37.6431 65.4599 43.0116 7.2801 50.9215 24.2074 34.2345 42.9418 17.088 27.1662 
12.8062 25.0799 28.3196 38.2884 24.3516 32.0156 46.2277 59.4138 41.7732 40.4969 0.0 39.6232 45.2217 48.5489 43.4166 36.4005 36.2353 19.7231 38.6005 21.9317 52.8015 21.2132 19.6469 24.0208 37.0 17.4929 29.5296 37.3631 34.4819 18.2483 20.0 24.3516 26.4008 9.2195 18.1108 31.9531 15.6205 31.8277 25.5539 16.2788 22.3607 32.3883 44.2719 29.4279 33.2866 26.4764 50.2494 53.2635 9.0 28.0 27.8927 18.868 30.4795 5.099 37.6431 30.2324 37.9473 17.0294 26.1725 23.3452 25.0799 25.0 36.7967 41.6773 32.573 34.6699 10.7703 30.0 23.4094 53.9073 
29.0172 62.0725 31.6228 38.6264 16.0312 17.0 36.1248 50.04 77.026 51.4782 39.6232 0.0 72.8629 19.105 28.0179 18.0278 68.884 58.5235 18.1108 40.3609 39.1152 45.607 45.607 43.4626 66.0681 28.8444 62.434 51.8652 18.0278 21.3776 55.9464 55.7584 63.1269 31.3209 44.6542 46.4004 51.0882 33.121 26.2488 54.0833 31.7805 7.2801 55.0091 56.8507 27.313 38.9487 41.0488 41.0488 42.1545 52.4023 67.4685 54.1295 63.3482 34.5254 65.9469 64.4981 66.7083 22.8035 53.4135 19.4165 16.6433 49.0408 73.3485 46.6154 8.544 27.8568 31.0161 67.7791 42.45 42.0476 
56.3649 53.7587 42.4382 41.4367 63.0079 57.0088 51.923 55.0 18.4391 28.4429 45.2217 72.8629 0.0 88.2383 56.4624 77.9359 67.4685 33.1361 60.208 32.5269 57.0701 27.8029 62.6498 68.2495 8.2462 44.6878 17.0 25.0 57.4282 56.0357 27.074 20.8806 54.9181 47.0106 29.6816 28.178 53.0377 42.5441 46.8615 32.0624 67.4166 66.4831 28.0179 16.6433 48.8774 71.5681 51.788 55.7315 36.7696 20.5183 38.2753 27.2947 63.6396 47.927 7.6158 18.2483 7.2801 53.8238 20.2485 53.7587 56.5862 67.3647 22.2036 35.6931 69.527 49.2443 45.793 26.9258 30.4138 55.5788 
35.8469 65.9697 49.2443 57.28 25.4558 35.4401 55.2268 69.0 89.4986 69.4622 48.5489 19.105 88.2383 0.0 47.0956 12.6491 69.0652 68.2642 37.2156 56.0357 58.0086 60.4401 46.5296 42.0476 80.8084 43.6005 75.6902 69.3181 36.8782 32.5269 67.624 69.2965 66.7083 42.5206 58.7963 63.5295 55.3624 51.264 43.382 64.6375 31.5753 22.8473 73.1642 71.7008 45.8803 36.0 60.1332 60.0 53.9073 67.8012 75.5844 66.0681 64.2806 43.8292 80.9197 77.2334 81.5659 34.6554 68.1175 34.9857 32.249 48.0416 85.0 65.146 18.868 46.5725 43.1393 78.492 58.2495 61.0 
40.3113 68.4251 17.1172 15.2643 32.6497 14.7648 8.2462 22.2036 66.7533 29.4109 43.4166 28.0179 56.4624 47.0956 0.0 43.9318 79.3221 56.0892 10.0499 29.0172 11.7047 35.0 58.7282 59.5483 51.923 25.9422 52.2398 31.7648 12.083 31.241 50.2494 46.0435 69.7711 34.6699 36.1248 28.4605 58.8303 15.0333 17.8885 50.9902 49.6488 26.6833 31.8904 43.7379 10.4403 57.4282 13.0384 13.3417 39.8497 38.6394 66.4906 48.2597 73.4983 39.6611 51.2445 55.1453 52.2015 30.4138 41.3038 22.6716 23.0217 63.6396 65.123 22.6716 31.7805 9.2195 32.7567 62.0725 30.0167 14.3178 
23.6008 53.3667 41.7732 51.1566 15.2315 30.0666 51.4782 66.0984 77.8332 61.8466 36.4005 18.0278 77.9359 12.6491 43.9318 0.0 57.0088 56.0357 33.9559 46.5188 55.5428 50.2494 34.1321 30.0666 70.214 34.0147 64.4438 61.0328 32.249 21.9545 55.9017 58.258 54.1295 31.241 48.2597 55.0273 42.72 44.4072 35.6931 52.6308 19.105 17.2627 65.7343 61.2944 40.0125 24.3311 56.5685 57.2713 42.45 57.8014 63.0635 54.4518 52.0384 31.8904 70.4557 65.7647 71.0282 24.1868 57.6888 26.6833 24.3311 36.0555 73.1095 58.5491 12.1655 41.0 32.2025 66.4003 48.7545 58.2495 
40.8534 13.9284 64.5368 74.2496 53.1601 66.6483 82.4621 95.483 54.0 74.0608 36.2353 68.884 67.4685 69.0652 79.3221 57.0088 0.0 34.7851 73.3553 56.7274 89.0225 53.8238 23.3452 27.0185 60.1664 53.6004 50.9608 70.1783 69.3542 50.1597 42.1545 50.1597 12.6491 44.6542 50.8035 65.8027 20.6155 68.0147 61.6117 37.5766 38.1182 62.6418 77.3886 56.8595 69.4046 33.1361 86.4523 89.4986 42.5206 58.1808 30.0167 42.9535 5.831 39.6611 61.4003 49.2443 61.131 50.0899 55.0091 57.7062 58.6003 21.0238 48.0104 76.6942 60.4152 70.8025 46.6154 41.1947 57.6281 90.1388 
32.45 20.8806 39.0512 46.0977 43.8634 48.0416 56.3028 66.7308 23.7065 41.7732 19.7231 58.5235 33.1361 68.2642 56.0892 56.0357 34.7851 0.0 54.0093 27.8568 62.9682 22.8254 31.3847 37.5766 25.4951 32.0156 16.2788 37.4833 50.0 37.3363 7.8102 15.8114 22.1359 27.2029 20.6155 34.4093 20.6155 41.7612 39.1152 5.099 40.3609 51.2445 44.5533 22.4722 45.7056 42.19 59.0931 62.7694 17.0294 24.7588 10.4403 9.2195 30.5941 24.5967 26.6833 15.0 26.4764 35.7351 21.2603 40.4475 42.7551 35.4401 18.0278 46.0435 52.0 46.8722 27.6586 10.6301 27.7308 63.1585 
33.0151 63.5689 17.8885 21.6333 23.6008 6.7082 18.0278 32.249 68.0074 35.4683 38.6005 18.1108 60.208 37.2156 10.0499 33.9559 73.3553 54.0093 0.0 29.4109 21.587 35.4401 51.614 51.6624 54.5619 22.0907 53.1601 36.7967 4.1231 23.6008 49.2544 46.5725 64.846 29.4109 35.6931 32.2025 53.3104 17.8045 15.1327 49.0 41.1096 16.7631 38.6005 45.6946 11.4018 48.9183 23.0 23.3452 37.054 40.7185 64.1249 47.2652 67.5352 34.176 54.1202 55.7853 55.0091 23.3238 42.72 15.6525 15.0 56.2228 65.5134 29.6816 21.8403 11.3137 27.8927 61.4003 31.0161 24.3311 
28.0179 43.8634 12.0416 18.3576 31.305 25.0599 28.4605 39.4081 38.6005 18.6815 21.9317 40.3609 32.5269 56.0357 29.0172 46.5188 56.7274 27.8568 29.4109 0.0 35.1141 6.0828 41.4367 45.1221 25.807 12.53 23.7697 16.0312 26.0 24.6982 21.3776 17.2627 45.2769 18.0 7.2801 10.198 36.6197 14.1421 14.7648 22.8473 40.0125 33.9706 22.561 16.6433 19.105 46.1736 31.305 34.9285 14.2127 12.0416 38.2753 19.4165 51.225 21.3776 25.6125 26.4764 26.4008 22.4722 13.4164 21.2603 24.0832 46.8188 36.3456 20.0 37.2022 20.025 16.0312 33.0606 2.2361 35.3412 
51.225 77.3886 24.6982 17.2627 44.2832 26.4008 6.7082 11.0454 70.0071 28.6356 52.8015 39.1152 57.0701 58.0086 11.7047 55.5428 89.0225 62.9682 21.587 35.1141 0.0 40.5216 69.3542 70.6045 54.0833 35.4683 56.3205 32.249 23.7697 42.4382 56.3205 50.8035 78.7718 44.5982 42.3792 31.0644 68.4105 21.4709 27.5862 57.9396 61.0574 38.3275 29.7321 47.0956 19.799 68.7968 5.3852 2.2361 47.8853 42.19 73.3894 54.4059 83.2406 49.5782 53.1507 59.4138 54.1479 41.4005 45.3982 33.8378 34.4819 74.411 69.3542 21.3776 43.4166 18.3848 42.5206 67.4685 35.4401 3.1623 
29.8329 40.4599 18.1108 23.4094 35.2278 30.8707 33.9559 43.909 32.573 20.2485 21.2132 45.607 27.8029 60.4401 35.0 50.2494 53.8238 22.8254 35.4401 6.0828 40.5216 0.0 40.7922 45.1774 20.5183 16.9706 17.72 16.5529 31.9531 28.3019 15.8114 11.1803 41.8688 19.9249 3.1623 12.0416 34.4384 20.025 20.6155 18.0278 41.5933 38.9487 23.7065 11.3137 25.1794 47.0425 36.4005 40.1622 12.3693 7.6158 33.1059 13.9284 48.5489 22.0907 20.5183 20.3961 21.2132 26.0768 7.8102 26.2488 29.0689 46.0977 30.2655 23.4307 41.7732 26.0768 18.3848 27.1662 5.099 40.4969 
18.6011 20.1246 46.0435 56.6039 30.0832 45.0 63.1269 77.201 55.0364 60.0833 19.6469 45.607 62.6498 46.5296 58.7282 34.1321 23.3452 31.3847 51.614 41.4367 69.3542 40.7922 0.0 6.4031 54.4518 34.4093 45.8912 57.0088 47.8017 28.0179 35.6931 42.107 20.6155 25.2389 37.6563 51.5461 11.4018 49.6488 41.8688 30.8058 15.0333 39.5601 63.8905 48.0 49.5782 12.2066 67.624 70.1783 28.4429 47.2652 34.0588 35.3553 18.0278 20.5913 55.3263 45.607 55.4437 28.4253 45.0444 36.2353 36.6197 5.3852 49.1935 60.8358 37.108 50.9902 27.4591 41.5933 43.0116 70.9366 
19.4165 26.0768 48.3011 59.0339 28.8444 45.2548 64.6375 79.0759 61.2699 63.7887 24.0208 43.4626 68.2495 42.0476 59.5483 30.0666 27.0185 37.5766 51.6624 45.1221 70.6045 45.1774 6.4031 0.0 60.0167 36.6742 51.6624 61.0 48.0833 28.3196 41.4849 47.5184 26.4197 27.8568 42.107 55.3173 17.8045 51.8845 43.566 36.6879 11.7047 38.0789 67.6831 53.1507 51.0392 6.3246 69.3397 71.6101 33.0151 52.0096 40.4599 41.0 22.3607 23.7697 60.8276 51.5461 61.0 29.2062 50.04 36.8782 36.7696 6.0 55.4707 63.9062 34.9285 52.4309 30.0832 47.8853 46.8722 72.4224 
48.3011 46.3249 36.6742 37.4833 55.4437 50.774 48.3735 53.6004 16.4924 26.1725 37.0 66.0681 8.2462 80.8084 51.923 70.214 60.1664 25.4951 54.5619 25.807 54.0833 20.5183 54.4518 60.0167 0.0 37.4833 9.2195 22.0227 51.4782 48.4149 19.0 12.6491 47.5395 39.1152 22.0227 23.5372 45.0 37.3363 40.4969 24.0 59.2368 59.4643 26.9258 9.2195 43.4626 63.3246 49.0102 53.0094 28.6356 13.8924 31.7648 19.105 56.0892 39.8121 1.4142 11.1803 1.0 46.2277 12.7279 46.7547 49.5782 59.2115 18.0278 33.0151 62.2415 44.0114 38.0132 20.8087 23.8537 53.0 
17.72 42.4853 11.6619 22.3607 18.7883 16.0312 29.0 42.8019 48.3011 29.0172 17.4929 28.8444 44.6878 43.6005 25.9422 34.0147 53.6004 32.0156 22.0907 12.53 35.4683 16.9706 34.4093 36.6742 37.4833 0.0 33.6155 27.4591 18.0278 12.3693 27.8927 26.9258 43.8292 9.2195 15.8114 21.3776 33.0151 15.2643 8.0623 27.074 29.4279 22.0227 33.0151 28.2843 15.8114 36.4005 33.3017 36.0694 15.0 24.2074 42.0476 25.9615 47.8017 14.1421 37.4833 35.7771 38.1838 10.198 24.7588 9.434 12.2066 39.6611 44.9444 27.6586 24.8395 17.2047 7.0711 40.025 14.7648 36.7696 
41.6173 37.108 35.6931 39.1152 50.2494 48.4665 50.0899 57.5674 14.8661 30.4631 29.5296 62.434 17.0 75.6902 52.2398 64.4438 50.9608 16.2788 53.1601 23.7697 56.3205 17.72 45.8912 51.6624 9.2195 33.6155 0.0 26.0 49.6488 43.1856 10.198 6.7082 38.3275 33.2415 17.8885 25.318 36.0555 37.2156 38.2753 15.1327 51.8845 55.4707 32.249 9.4868 42.7551 55.3624 51.6236 55.5788 22.0227 14.1421 23.0217 10.7703 46.8722 33.0151 10.4403 3.1623 10.198 41.1096 11.0 43.0465 45.793 50.4876 13.0384 36.4005 57.6281 43.566 32.5576 12.8062 22.3607 55.7315 
44.0 56.6127 20.2485 16.5529 45.8803 35.0 26.9258 31.7805 38.3275 4.4721 37.3631 51.8652 25.0 69.3181 31.7648 61.0328 70.1783 37.4833 36.7967 16.0312 32.249 16.5529 57.0088 61.0 22.0227 27.4591 26.0 0.0 34.7131 39.8121 29.7321 22.2036 58.0086 34.0147 19.6977 6.0828 50.9902 19.105 25.9422 33.3017 56.0 46.5296 7.2111 16.5529 25.4558 62.2013 27.074 31.0644 28.7924 12.8062 47.0106 28.2843 65.0 37.3363 21.0 29.1548 22.0 37.6563 16.4012 34.5398 37.1618 62.3618 38.6005 11.0 50.5668 25.4951 32.0 38.4708 14.1421 31.0161 
29.2062 59.4643 15.0 20.6155 20.5913 2.8284 19.2354 33.9559 64.5136 33.8378 34.4819 18.0278 57.4282 36.8782 12.083 32.249 69.3542 50.0 4.1231 26.0 23.7697 31.9531 47.8017 48.0833 51.4782 18.0278 49.6488 34.7131 0.0 19.8494 45.3982 43.0116 60.7454 25.2982 32.0156 29.7321 49.2443 15.6205 11.4018 45.0111 37.8021 15.0333 37.2156 42.4853 9.434 45.607 24.3311 25.2982 33.0151 37.5899 60.075 43.4166 63.5295 30.0832 51.1077 52.2015 51.9711 19.4165 39.3954 11.6619 11.3137 52.4976 61.8466 28.6356 20.0998 9.8489 23.7697 57.5587 27.7308 26.2488 
9.434 41.5933 22.2036 32.7567 7.0711 17.0294 36.7151 51.4296 57.2014 41.1947 18.2483 21.3776 56.0357 32.5269 31.241 21.9545 50.1597 37.3363 23.6008 24.6982 42.4382 28.3019 28.0179 28.3196 48.4149 12.3693 43.1856 39.8121 19.8494 0.0 35.5106 36.7696 42.7551 10.2956 26.4008 33.7343 30.8058 25.4951 16.4924 33.1059 18.7883 14.1421 45.1774 39.4081 23.2594 26.4197 41.5933 43.566 21.6333 35.8469 46.0977 33.8378 44.3847 13.1529 48.6004 44.8219 49.2037 2.2361 35.805 8.6023 8.6023 32.6497 53.0 39.1152 14.7648 24.5967 10.6301 46.9574 26.9258 44.4185 
32.5576 28.2312 33.1361 39.2173 42.4382 43.7379 49.7293 59.4811 21.9317 34.0588 20.0 55.9464 27.074 67.624 50.2494 55.9017 42.1545 7.8102 49.2544 21.3776 56.3205 15.8114 35.6931 41.4849 19.0 27.8927 10.198 29.7321 45.3982 35.5106 0.0 8.0623 29.5466 25.2389 14.1421 26.9258 26.0 35.5106 34.1321 5.0 42.19 48.7545 36.7696 14.7648 40.05 45.31 52.2015 55.9732 13.8924 16.9706 17.4929 2.0 37.6431 24.0416 20.025 10.2956 20.0 33.6155 13.4536 37.0 39.5601 40.3113 17.4929 38.5876 50.2494 41.1096 25.0599 12.1655 20.8806 56.3028 
35.8469 36.2491 29.2746 33.541 43.8406 41.7852 44.4072 52.9245 21.5407 26.6271 24.3516 55.7584 20.8806 69.2965 46.0435 58.258 50.1597 15.8114 46.5725 17.2627 50.8035 11.1803 42.107 47.5184 12.6491 26.9258 6.7082 22.2036 43.0116 36.7696 8.0623 0.0 37.5766 27.0185 11.1803 20.2485 33.2415 31.0161 31.6228 12.6491 46.6154 48.8262 29.0689 6.7082 36.3456 50.6952 46.3249 50.2195 16.1245 9.434 24.8395 7.2801 45.5412 27.2947 13.3417 9.2195 13.6015 34.6554 5.831 36.3593 39.1152 47.0106 19.105 31.7805 51.0882 37.2156 26.1725 16.7631 16.0312 50.448 
34.1321 1.4142 54.0833 63.2535 47.0956 58.1893 72.111 84.5044 42.19 62.0081 26.4008 63.1269 54.9181 66.7083 69.7711 54.1295 12.6491 22.1359 64.846 45.2769 78.7718 41.8688 20.6155 26.4197 47.5395 43.8292 38.3275 58.0086 60.7454 42.7551 29.5466 37.5766 0.0 35.4683 38.9487 53.9073 12.0416 57.4282 51.8845 25.0599 35.171 56.3205 65.215 44.2832 59.5399 32.6497 75.8024 79.0569 31.241 45.793 18.2483 30.4138 9.0554 30.6757 48.7647 36.6742 48.5077 42.2019 42.5441 49.3356 50.6952 21.4009 36.1248 65.0692 55.0091 60.9016 37.1618 29.0 45.9674 79.6304 
10.0499 34.176 20.8087 31.3847 17.2047 22.8035 38.1838 52.0096 47.0106 36.3456 9.2195 31.3209 47.0106 42.5206 34.6699 31.241 44.6542 27.2029 29.4109 18.0 44.5982 19.9249 25.2389 27.8568 39.1152 9.2195 33.2415 34.0147 25.2982 10.2956 25.2389 27.0185 35.4683 0.0 17.4642 28.0713 24.1868 24.4131 17.0294 22.8473 22.0227 24.0416 40.3113 30.4138 24.8395 28.2843 42.5206 45.2548 11.4018 27.5136 36.3456 23.6008 38.833 5.0 39.4462 34.7131 39.9625 8.544 26.8328 14.1421 16.0 30.5287 42.72 36.0555 25.0599 26.2488 2.2361 36.6742 20.025 45.9674 
27.2029 37.5366 19.0263 25.4951 33.4215 30.6757 35.7351 46.3249 32.6956 23.3238 18.1108 44.6542 29.6816 58.7963 36.1248 48.2597 50.8035 20.6155 35.6931 7.2801 42.3792 3.1623 37.6563 42.107 22.0227 15.8114 17.8885 19.6977 32.0156 26.4008 14.1421 11.1803 38.9487 17.4642 0.0 15.0 31.305 21.3776 20.6155 15.6525 38.833 37.8021 26.8328 13.0384 26.0 44.1022 38.4838 42.1545 9.2195 10.198 31.0161 12.1655 45.4863 19.2354 22.2036 20.2485 22.8035 24.2074 9.434 25.2389 28.0179 42.9535 29.8329 26.1725 40.3113 27.0185 16.1245 26.0 7.2111 42.5441 
38.0132 52.4976 14.8661 14.0357 39.8497 29.7321 25.02 32.6956 39.0128 8.544 31.9531 46.4004 28.178 63.5295 28.4605 55.0273 65.8027 34.4093 32.2025 10.198 31.0644 12.0416 51.5461 55.3173 23.5372 21.3776 25.318 6.0828 29.7321 33.7343 26.9258 20.2485 53.9073 28.0713 15.0 0.0 46.1411 14.4222 20.2485 29.8329 50.01 40.8167 12.3693 16.0312 20.8087 56.3205 26.3059 30.2655 23.7065 11.1803 44.4185 25.2389 60.4649 31.5753 22.8035 28.4429 23.7697 31.5753 14.5602 28.6356 31.305 56.921 38.3275 11.6619 44.7214 21.095 26.0192 37.0 8.544 30.4138 
22.0907 11.0 43.9318 53.7587 35.0571 46.6154 61.8466 74.9533 44.0114 54.5894 15.6205 51.0882 53.0377 55.3624 58.8303 42.72 20.6155 20.6155 53.3104 36.6197 68.4105 34.4384 11.4018 17.8045 45.0 33.0151 36.0555 50.9902 49.2443 30.8058 26.0 33.2415 12.0416 24.1868 31.305 46.1411 0.0 47.4236 41.0488 21.0 24.1661 44.2832 58.1378 39.6232 48.8262 23.3452 65.8559 68.884 22.4722 39.8497 22.6716 26.0768 14.8661 19.2354 46.0109 35.3553 46.0 30.3645 37.108 37.6962 38.8973 14.8661 38.0789 56.6127 43.0 50.2195 26.0768 30.4631 37.7359 69.527 
32.6956 56.0357 3.6056 7.2801 30.0 16.1245 14.7648 27.6586 51.788 18.3576 31.8277 33.121 42.5441 51.264 15.0333 44.4072 68.0147 41.7612 17.8045 14.1421 21.4709 20.025 49.6488 51.8845 37.3363 15.2643 37.2156 19.105 15.6205 25.4951 35.5106 31.0161 57.4282 24.4131 21.3776 14.4222 47.4236 0.0 9.0554 36.6879 43.9659 28.4605 21.9317 28.8617 6.4031 51.264 18.4391 21.6333 26.4197 23.7697 52.2015 33.541 62.2896 29.2062 36.7696 40.1123 37.6962 23.7697 26.3059 18.0 20.0998 54.9181 50.0899 14.1421 32.9848 6.7082 22.2036 47.1699 15.0 22.2036 
24.1868 50.5371 6.0828 16.2788 21.0238 10.2956 21.2603 35.5106 53.1413 26.2488 25.5539 26.2488 46.8615 43.382 17.8885 35.6931 61.6117 39.1152 15.1327 14.7648 27.5862 20.6155 41.8688 43.566 40.4969 8.0623 38.2753 25.9422 11.4018 16.4924 34.1321 31.6228 51.8845 17.0294 20.6155 20.2485 41.0488 9.0554 0.0 34.0588 35.1141 20.5913 30.0832 31.3847 7.8102 42.5441 25.807 28.3196 22.3607 26.6271 49.366 32.1403 55.8032 22.0227 40.2244 40.8044 41.0488 14.8661 28.178 9.0554 11.4018 47.0106 50.448 23.0217 24.6982 9.2195 15.0 46.2709 16.6433 29.0689 
29.0689 23.7065 33.9559 41.1461 39.8246 43.1045 51.264 61.9112 25.6125 37.4833 16.2788 54.0833 32.0624 64.6375 50.9902 52.6308 37.5766 5.099 49.0 22.8473 57.9396 18.0278 30.8058 36.6879 24.0 27.074 15.1327 33.3017 45.0111 33.1059 5.0 12.6491 25.0599 22.8473 15.6525 29.8329 21.0 36.6879 34.0588 0.0 38.0132 46.8188 40.4599 19.3132 40.6079 40.7185 54.1295 57.7754 12.1655 20.8087 15.5242 5.3852 32.8938 20.8087 25.02 14.8661 25.0 31.3847 17.4929 35.6931 38.0789 35.3553 20.5183 41.4005 47.8539 41.7732 23.0868 13.8924 22.8254 58.1808 
12.0 34.4819 40.5216 51.2445 17.6918 35.0 55.4707 70.214 63.6003 58.1378 22.3607 31.7805 67.4166 31.5753 49.6488 19.105 38.1182 40.3609 41.1096 40.0125 61.0574 41.5933 15.0333 11.7047 59.2368 29.4279 51.8845 56.0 37.8021 18.7883 42.19 46.6154 35.171 22.0227 38.833 50.01 24.1661 43.9659 35.1141 38.0132 0.0 26.6271 62.1289 51.2445 42.0476 7.8102 60.3738 62.2656 30.6757 49.0306 45.8039 41.1825 33.0 19.6469 59.808 52.4786 60.1664 20.2485 47.8017 27.2947 26.6271 17.4642 58.258 57.0701 23.2594 43.382 24.0 50.9902 42.0476 63.1348 
22.2036 55.2268 26.4008 34.7131 9.4868 13.0384 34.2345 48.8365 69.9714 46.6154 32.3883 7.2801 66.4831 22.8473 26.6833 17.2627 62.6418 51.2445 16.7631 33.9706 38.3275 38.9487 39.5601 38.0789 59.4643 22.0227 55.4707 46.5296 15.0333 14.1421 48.7545 48.8262 56.3205 24.0416 37.8021 40.8167 44.2832 28.4605 20.5913 46.8188 26.6271 0.0 50.3289 50.2494 23.3452 34.2053 39.3192 40.025 34.9285 45.9674 60.208 46.9574 57.0088 27.2947 59.4138 57.4543 60.1415 15.5242 46.7547 12.7279 9.8995 43.382 66.1891 42.45 5.099 24.1868 23.7697 60.5392 36.1248 41.0 
50.1597 63.8201 24.0416 17.0294 50.8035 38.0132 25.5539 27.0185 43.4166 4.0 44.2719 55.0091 28.0179 73.1642 31.8904 65.7343 77.3886 44.5533 38.6005 22.561 29.7321 23.7065 63.8905 67.6831 26.9258 33.0151 32.249 7.2111 37.2156 45.1774 36.7696 29.0689 65.215 40.3113 26.8328 12.3693 58.1378 21.9317 30.0832 40.4599 62.1289 50.3289 0.0 23.0217 27.7849 68.593 24.3516 28.1603 35.8469 19.799 53.9073 35.3836 72.2011 43.9318 25.7099 35.3553 26.6833 43.1045 23.3452 39.0512 41.4849 69.2604 44.3847 9.2195 54.7083 27.4591 38.2099 44.9444 20.8806 27.8927 
39.9249 42.9535 27.8568 30.0 46.4004 41.6773 41.0 48.0833 23.0868 21.0238 29.4279 56.8507 16.6433 71.7008 43.7379 61.2944 56.8595 22.4722 45.6946 16.6433 47.0956 11.3137 48.0 53.1507 9.2195 28.2843 9.4868 16.5529 42.4853 39.4081 14.7648 6.7082 44.2832 30.4138 13.0384 16.0312 39.6232 28.8617 31.3847 19.3132 51.2445 50.2494 23.0217 0.0 34.7851 55.9017 42.2966 46.2709 20.6155 5.099 31.1127 13.9284 52.2015 31.6228 9.2195 12.6491 9.8995 37.2022 3.6056 37.5366 40.3609 53.0377 22.3607 26.9258 53.0754 35.4401 29.1548 21.9545 14.7648 46.3897 
31.6228 58.1808 7.0711 11.4018 26.4764 10.4403 13.6015 28.178 57.4891 24.4131 33.2866 27.313 48.8774 45.8803 10.4403 40.0125 69.4046 45.7056 11.4018 19.105 19.799 25.1794 49.5782 51.0392 43.4626 15.8114 42.7551 25.4558 9.434 23.2594 40.05 36.3456 59.5399 24.8395 26.0 20.8087 48.8262 6.4031 7.8102 40.6079 42.0476 23.3452 27.7849 34.7851 0.0 49.6488 18.3576 20.6155 29.4109 29.7321 56.0892 38.0526 63.6003 29.8329 42.9535 45.5412 43.8634 21.9545 32.0156 14.8661 16.2788 54.6717 55.4437 19.3132 28.1603 1.4142 22.8035 52.0 20.3961 21.4009 
18.6815 32.249 47.7598 58.5235 25.4558 42.8019 63.1348 77.8267 65.8635 64.6297 26.4764 38.9487 71.5681 36.0 57.4282 24.3311 33.1361 42.19 48.9183 46.1736 68.7968 47.0425 12.2066 6.3246 63.3246 36.4005 55.3624 62.2013 45.607 26.4197 45.31 50.6952 32.6497 28.2843 44.1022 56.3205 23.3452 51.264 42.5441 40.7185 7.8102 34.2053 68.593 55.9017 49.6488 0.0 68.0 69.9714 35.3553 54.231 45.9674 44.5982 28.6356 25.0 64.0312 55.5428 64.2884 27.7308 52.6118 34.9857 34.4093 12.1655 60.208 64.0312 30.5287 51.0 30.4138 52.6972 48.0937 70.8308 
49.93 74.4043 21.9317 13.0 44.2719 26.6833 5.099 9.8489 65.0692 23.3452 50.2494 41.0488 51.788 60.1332 13.0384 56.5685 86.4523 59.0931 23.0 31.305 5.3852 36.4005 67.624 69.3397 49.0102 33.3017 51.6236 27.074 24.3311 41.5933 52.2015 46.3249 75.8024 42.5206 38.4838 26.3059 65.8559 18.4391 25.807 54.1295 60.3738 39.3192 24.3516 42.2966 18.3576 68.0 0.0 4.0 44.6542 37.4833 69.4622 50.3289 80.7217 47.4236 48.0416 54.7449 49.0408 40.3113 40.7922 33.1059 34.176 72.8011 64.6297 16.1245 44.4072 17.0 40.3609 63.0635 31.3847 4.1231 
52.2015 77.666 25.0 16.7631 45.6946 27.8568 7.0711 9.0 69.0652 27.2947 53.2635 41.0488 55.7315 60.0 13.3417 57.2713 89.4986 62.7694 23.3452 34.9285 2.2361 40.1622 70.1783 71.6101 53.0094 36.0694 55.5788 31.0644 25.2982 43.566 55.9732 50.2195 79.0569 45.2548 42.1545 30.2655 68.884 21.6333 28.3196 57.7754 62.2656 40.025 28.1603 46.2709 20.6155 69.9714 4.0 0.0 48.0208 41.4367 73.1642 54.0833 83.7377 50.2096 52.0384 58.6941 53.0377 42.4382 44.7214 34.9857 35.7771 75.2861 68.593 20.0998 45.1221 19.2094 43.1393 66.9403 35.1141 1.0 
19.7231 29.8329 23.2594 32.0156 28.6007 31.0161 41.1825 53.2635 35.609 32.2025 9.0 42.1545 36.7696 53.9073 39.8497 42.45 42.5206 17.0294 37.054 14.2127 47.8853 12.3693 28.4429 33.0151 28.6356 15.0 22.0227 28.7924 33.0151 21.6333 13.8924 16.1245 31.241 11.4018 9.2195 23.7065 22.4722 26.4197 22.3607 12.1655 30.6757 34.9285 35.8469 20.6155 29.4109 35.3553 44.6542 48.0208 0.0 19.0 27.074 12.2066 37.0135 11.1803 29.1548 23.3452 29.5466 19.7231 17.2627 23.5372 25.9615 33.7343 31.3847 34.2053 36.3593 30.6757 11.1803 25.632 15.2643 48.5489 
37.3631 44.4185 22.8473 25.02 42.72 36.8917 36.0139 43.6578 28.1603 17.2047 28.0 52.4023 20.5183 67.8012 38.6394 57.8014 58.1808 24.7588 40.7185 12.0416 42.19 7.6158 47.2652 52.0096 13.8924 24.2074 14.1421 12.8062 37.5899 35.8469 16.9706 9.434 45.793 27.5136 10.198 11.1803 39.8497 23.7697 26.6271 20.8087 49.0306 45.9674 19.799 5.099 29.7321 54.231 37.4833 41.4367 19.0 0.0 34.2053 15.6205 53.2259 29.4279 13.6015 17.2627 14.4222 33.6155 3.6056 33.2415 36.0694 52.469 27.1662 22.4722 49.0408 30.3645 26.0 26.0 10.0 41.5933 
39.9249 17.4642 49.4773 56.4624 52.2015 58.0086 66.7308 76.9415 24.0208 51.4004 27.8927 67.4685 38.2753 75.5844 66.4906 63.0635 30.0167 10.4403 64.1249 38.2753 73.3894 33.1059 34.0588 40.4599 31.7648 42.0476 23.0217 47.0106 60.075 46.0977 17.4929 24.8395 18.2483 36.3456 31.0161 44.4185 22.6716 52.2015 49.366 15.5242 45.8039 60.208 53.9073 31.1127 56.0892 45.9674 69.4622 73.1642 27.074 34.2053 0.0 19.2354 27.2947 32.9848 33.121 20.5913 32.6497 44.7214 30.6105 50.0899 52.2398 36.8917 18.0 56.0803 60.4401 57.2713 37.1214 11.4018 38.0789 73.5391 
31.241 29.0689 31.1448 37.3363 40.8044 41.7732 47.8017 57.7062 23.4307 32.5576 18.868 54.1295 27.2947 66.0681 48.2597 54.4518 42.9535 9.2195 47.2652 19.4165 54.4059 13.9284 35.3553 41.0 19.105 25.9615 10.7703 28.2843 43.4166 33.8378 2.0 7.2801 30.4138 23.6008 12.1655 25.2389 26.0768 33.541 32.1403 5.3852 41.1825 46.9574 35.3836 13.9284 38.0526 44.5982 50.3289 54.0833 12.2066 15.6205 19.2354 0.0 38.2753 22.6716 20.025 11.4018 20.0998 31.9061 12.2066 35.1141 37.6962 40.1123 19.2354 36.8917 48.5489 39.1152 23.3238 14.1421 18.9737 54.4243 
35.1141 10.0 58.7963 68.593 47.5395 60.8276 76.6942 89.8053 51.2445 68.7968 30.4795 63.3482 63.6396 64.2806 73.4983 52.0384 5.831 30.5941 67.5352 51.225 83.2406 48.5489 18.0278 22.3607 56.0892 47.8017 46.8722 65.0 63.5295 44.3847 37.6431 45.5412 9.0554 38.833 45.4863 60.4649 14.8661 62.2896 55.8032 32.8938 33.0 57.0088 72.2011 52.2015 63.6003 28.6356 80.7217 83.7377 37.0135 53.2259 27.2947 38.2753 0.0 33.8378 57.2713 45.3982 57.0701 44.2832 50.1597 51.8845 52.8015 16.4924 45.1774 71.218 54.9181 65.0 40.8044 38.0132 52.2015 84.386 
8.6023 29.4109 25.6125 36.0555 19.3132 27.5136 43.1393 56.8507 45.9674 40.025 5.099 34.5254 47.927 43.8292 39.6611 31.8904 39.6611 24.5967 34.176 21.3776 49.5782 22.0907 20.5913 23.7697 39.8121 14.1421 33.0151 37.3363 30.0832 13.1529 24.0416 27.2947 30.6757 5.0 19.2354 31.5753 19.2354 29.2062 22.0227 20.8087 19.6469 27.2947 43.9318 31.6228 29.8329 25.0 47.4236 50.2096 11.1803 29.4279 32.9848 22.6716 33.8378 0.0 40.3113 34.0588 40.7185 12.0 28.1603 18.6815 20.2237 25.9422 41.2311 40.3113 27.5136 31.241 7.0711 34.6699 23.1948 50.9117 
48.7545 47.5395 36.2353 36.6742 55.6058 50.4777 47.5184 52.469 17.72 25.0799 37.6431 65.9469 7.6158 80.9197 51.2445 70.4557 61.4003 26.6833 54.1202 25.6125 53.1507 20.5183 55.3263 60.8276 1.4142 37.4833 10.4403 21.0 51.1077 48.6004 20.025 13.3417 48.7647 39.4462 22.2036 22.8035 46.0109 36.7696 40.2244 25.02 59.808 59.4138 25.7099 9.2195 42.9535 64.0312 48.0416 52.0384 29.1548 13.6015 33.121 20.025 57.2713 40.3113 0.0 12.53 1.0 46.4004 12.8062 46.6905 49.5177 60.1332 19.4165 32.0 62.2896 43.4626 38.2753 22.2036 23.6008 52.0096 
42.638 35.5106 38.4708 42.19 51.8556 50.9215 53.1507 60.7289 12.53 33.6155 30.2324 64.4981 18.2483 77.2334 55.1453 65.7647 49.2443 15.0 55.7853 26.4764 59.4138 20.3961 45.607 51.5461 11.1803 35.7771 3.1623 29.1548 52.2015 44.8219 10.2956 9.2195 36.6742 34.7131 20.2485 28.4429 35.3553 40.1123 40.8044 14.8661 52.4786 57.4543 35.3553 12.6491 45.5412 55.5428 54.7449 58.6941 23.3452 17.2627 20.5913 11.4018 45.3982 34.0588 12.53 0.0 12.083 42.8019 14.0357 45.1774 47.8853 50.01 10.0 39.5601 59.4054 46.3897 34.2053 9.8995 25.1794 58.8558 
49.1935 47.2969 37.1214 37.6563 56.2228 51.3128 48.5077 53.4603 16.7631 26.0768 37.9473 66.7083 7.2801 81.5659 52.2015 71.0282 61.131 26.4764 55.0091 26.4008 54.1479 21.2132 55.4437 61.0 1.0 38.1838 10.198 22.0 51.9711 49.2037 20.0 13.6015 48.5077 39.9625 22.8035 23.7697 46.0 37.6962 41.0488 25.0 60.1664 60.1415 26.6833 9.8995 43.8634 64.2884 49.0408 53.0377 29.5466 14.4222 32.6497 20.0998 57.0701 40.7185 1.0 12.083 0.0 47.0106 13.4536 47.4236 50.2494 60.208 18.6011 33.0 62.9682 44.3847 38.833 21.6333 24.4131 53.0094 
9.8995 41.0 20.3961 31.0483 9.2195 16.6433 35.5106 50.1199 55.2178 39.1152 17.0294 22.8035 53.8238 34.6554 30.4138 24.1868 50.0899 35.7351 23.3238 22.4722 41.4005 26.0768 28.4253 29.2062 46.2277 10.198 41.1096 37.6563 19.4165 2.2361 33.6155 34.6554 42.2019 8.544 24.2074 31.5753 30.3645 23.7697 14.8661 31.3847 20.2485 15.5242 43.1045 37.2022 21.9545 27.7308 40.3113 42.4382 19.7231 33.6155 44.7214 31.9061 44.2832 12.0 46.4004 42.8019 47.0106 0.0 33.6006 7.8102 8.544 33.2415 51.1077 37.2156 16.6433 23.3238 8.6023 45.1885 24.6982 43.2666 
36.4005 41.1825 25.0 28.1603 42.8019 38.4708 39.1152 47.1699 25.4951 20.8087 26.1725 53.4135 20.2485 68.1175 41.3038 57.6888 55.0091 21.2603 42.72 13.4164 45.3982 7.8102 45.0444 50.04 12.7279 24.7588 11.0 16.4012 39.3954 35.805 13.4536 5.831 42.5441 26.8328 9.434 14.5602 37.108 26.3059 28.178 17.4929 47.8017 46.7547 23.3452 3.6056 32.0156 52.6118 40.7922 44.7214 17.2627 3.6056 30.6105 12.2066 50.1597 28.1603 12.8062 14.0357 13.4536 33.6006 0.0 34.0588 36.8782 50.1597 24.0208 26.0 49.5177 32.7567 25.5539 22.4722 11.7047 44.911 
17.6918 48.0833 15.1327 25.0799 12.0 8.9443 28.178 42.9535 57.7062 35.171 23.3452 19.4165 53.7587 34.9857 22.6716 26.6833 57.7062 40.4475 15.6525 21.2603 33.8378 26.2488 36.2353 36.8782 46.7547 9.434 43.0465 34.5398 11.6619 8.6023 37.0 36.3593 49.3356 14.1421 25.2389 28.6356 37.6962 18.0 9.0554 35.6931 27.2947 12.7279 39.0512 37.5366 14.8661 34.9857 33.1059 34.9857 23.5372 33.2415 50.0899 35.1141 51.8845 18.6815 46.6905 45.1774 47.4236 7.8102 34.0588 0.0 2.8284 41.0366 54.231 32.0624 16.1245 16.1555 13.0 49.0408 23.4307 35.8469 
18.0278 49.4773 17.4642 27.0 10.198 8.4853 29.1548 44.0114 60.4152 37.6431 25.0799 16.6433 56.5862 32.249 23.0217 24.3311 58.6003 42.7551 15.0 24.0832 34.4819 29.0689 36.6197 36.7696 49.5782 12.2066 45.793 37.1618 11.3137 8.6023 39.5601 39.1152 50.6952 16.0 28.0179 31.305 38.8973 20.0998 11.4018 38.0789 26.6271 9.8995 41.4849 40.3609 16.2788 34.4093 34.176 35.7771 25.9615 36.0694 52.2398 37.6962 52.8015 20.2237 49.5177 47.8853 50.2494 8.544 36.8782 2.8284 0.0 41.2311 56.8595 34.2345 13.4164 17.4642 15.1327 51.5461 26.2488 36.6742 
23.3452 21.2603 51.3128 61.9112 34.0 49.679 68.2495 82.4197 58.8727 65.4599 25.0 49.0408 67.3647 48.0416 63.6396 36.0555 21.0238 35.4401 56.2228 46.8188 74.411 46.0977 5.3852 6.0 59.2115 39.6611 50.4876 62.3618 52.4976 32.6497 40.3113 47.0106 21.4009 30.5287 42.9535 56.921 14.8661 54.9181 47.0106 35.3553 17.4642 43.382 69.2604 53.0377 54.6717 12.1655 72.8011 75.2861 33.7343 52.469 36.8917 40.1123 16.4924 25.9422 60.1332 50.01 60.208 33.2415 50.1597 41.0366 41.2311 0.0 52.9245 66.2118 40.4969 56.0803 32.7567 45.31 48.3839 76.0592 
49.5782 35.2278 48.3735 52.1536 59.9083 60.4401 63.1269 70.342 6.0828 43.0116 36.7967 73.3485 22.2036 85.0 65.123 73.1095 48.0104 18.0278 65.5134 36.3456 69.3542 30.2655 49.1935 55.4707 18.0278 44.9444 13.0384 38.6005 61.8466 53.0 17.4929 19.105 36.1248 42.72 29.8329 38.3275 38.0789 50.0899 50.448 20.5183 58.258 66.1891 44.3847 22.3607 55.4437 60.208 64.6297 68.593 31.3847 27.1662 18.0 19.2354 45.1774 41.2311 19.4165 10.0 18.6011 51.1077 24.0208 54.231 56.8595 52.9245 0.0 49.2443 67.7422 56.3205 42.5441 7.6158 35.1283 68.7314 
45.3542 63.6553 17.0 8.0623 44.0454 29.7321 16.5529 21.1896 49.2544 7.2801 41.6773 46.6154 35.6931 65.146 22.6716 58.5491 76.6942 46.0435 29.6816 20.0 21.3776 23.4307 60.8358 63.9062 33.0151 27.6586 36.4005 11.0 28.6356 39.1152 38.5876 31.7805 65.0692 36.0555 26.1725 11.6619 56.6127 14.1421 23.0217 41.4005 57.0701 42.45 9.2195 26.9258 19.3132 64.0312 16.1245 20.0998 34.2053 22.4722 56.0803 36.8917 71.218 40.3113 32.0 39.5601 33.0 37.2156 26.0 32.0624 34.2345 66.2118 49.2443 0.0 47.0744 18.7883 33.8378 48.4665 19.105 20.025 
21.095 54.0 30.6757 39.4588 8.2462 18.0 39.3192 53.9351 71.8471 50.9215 32.573 8.544 69.527 18.868 31.7805 12.1655 60.4152 52.0 21.8403 37.2022 43.4166 41.7732 37.108 34.9285 62.2415 24.8395 57.6281 50.5668 20.0998 14.7648 50.2494 51.0882 55.0091 25.0599 40.3113 44.7214 43.0 32.9848 24.6982 47.8539 23.2594 5.099 54.7083 53.0754 28.1603 30.5287 44.4072 45.1221 36.3593 49.0408 60.4401 48.5489 54.9181 27.5136 62.2896 59.4054 62.9682 16.6433 49.5177 16.1245 13.4164 40.4969 67.7422 47.0744 0.0 29.0689 25.2389 61.7171 39.4081 46.0977 
33.0151 59.5399 8.0 10.7703 27.6586 11.1803 12.2066 26.8328 58.2495 24.2074 34.6699 27.8568 49.2443 46.5725 9.2195 41.0 70.8025 46.8722 11.3137 20.025 18.3848 26.0768 50.9902 52.4309 44.0114 17.2047 43.566 25.4951 9.8489 24.5967 41.1096 37.2156 60.9016 26.2488 27.0185 21.095 50.2195 6.7082 9.2195 41.7732 43.382 24.1868 27.4591 35.4401 1.4142 51.0 17.0 19.2094 30.6757 30.3645 57.2713 39.1152 65.0 31.241 43.4626 46.3897 44.3847 23.3238 32.7567 16.1555 17.4642 56.0803 56.3205 18.7883 29.0689 0.0 24.2074 53.0094 21.2132 20.0 
12.0 35.8469 18.6011 29.1548 17.6918 21.3776 36.0694 49.8197 46.6154 34.2345 10.7703 31.0161 45.793 43.1393 32.7567 32.2025 46.6154 27.6586 27.8927 16.0312 42.5206 18.3848 27.4591 30.0832 38.0132 7.0711 32.5576 32.0 23.7697 10.6301 25.0599 26.1725 37.1618 2.2361 16.1245 26.0192 26.0768 22.2036 15.0 23.0868 24.0 23.7697 38.2099 29.1548 22.8035 30.4138 40.3609 43.1393 11.1803 26.0 37.1214 23.3238 40.8044 7.0711 38.2753 34.2053 38.833 8.6023 25.5539 13.0 15.1327 32.7567 42.5441 33.8378 25.2389 24.2074 0.0 36.7696 18.1108 43.8406 
42.8019 28.0179 45.0111 50.2195 53.7122 55.9017 61.0 69.6419 13.6015 42.9418 30.0 67.7791 26.9258 78.492 62.0725 66.4003 41.1947 10.6301 61.4003 33.0606 67.4685 27.1662 41.5933 47.8853 20.8087 40.025 12.8062 38.4708 57.5587 46.9574 12.1655 16.7631 29.0 36.6742 26.0 37.0 30.4631 47.1699 46.2709 13.8924 50.9902 60.5392 44.9444 21.9545 52.0 52.6972 63.0635 66.9403 25.632 26.0 11.4018 14.1421 38.0132 34.6699 22.2036 9.8995 21.6333 45.1885 22.4722 49.0408 51.5461 45.31 7.6158 48.4665 61.7171 53.0094 36.7696 0.0 32.249 67.1863 
30.0666 44.5533 13.3417 18.3848 33.541 26.9258 28.8617 39.1152 37.108 17.088 23.4094 42.45 30.4138 58.2495 30.0167 48.7545 57.6281 27.7308 31.0161 2.2361 35.4401 5.099 43.0116 46.8722 23.8537 14.7648 22.3607 14.1421 27.7308 26.9258 20.8806 16.0312 45.9674 20.025 7.2111 8.544 37.7359 15.0 16.6433 22.8254 42.0476 36.1248 20.8806 14.7648 20.3961 48.0937 31.3847 35.1141 15.2643 10.0 38.0789 18.9737 52.2015 23.1948 23.6008 25.1794 24.4131 24.6982 11.7047 23.4307 26.2488 48.3839 35.1283 19.105 39.4081 21.2132 18.1108 32.249 0.0 35.4683 
53.0094 78.2368 25.6125 17.088 46.6154 28.7924 7.8102 8.0 69.1158 27.1662 53.9073 42.0476 55.5788 61.0 14.3178 58.2495 90.1388 63.1585 24.3311 35.3412 3.1623 40.4969 70.9366 72.4224 53.0 36.7696 55.7315 31.0161 26.2488 44.4185 56.3028 50.448 79.6304 45.9674 42.5441 30.4138 69.527 22.2036 29.0689 58.1808 63.1348 41.0 27.8927 46.3897 21.4009 70.8308 4.1231 1.0 48.5489 41.5933 73.5391 54.4243 84.386 50.9117 52.0096 58.8558 53.0094 43.2666 44.911 35.8469 36.6742 76.0592 68.7314 20.025 46.0977 20.0 43.8406 67.1863 35.4683 0.0 
