90
0.0 43.9318 29.2062 31.0644 49.4065 19.2354 48.8774 54.7083 26.2488 46.669 29.0172 28.3019 47.5079 29.0689 40.6079 41.2311 57.4543 30.0 46.7547 31.4006 25.6125 64.0312 34.2053 33.0151 54.1295 4.4721 51.4004 25.632 32.2025 31.4006 31.8904 53.7401 50.774 49.3964 40.4969 8.2462 38.4708 24.6982 16.1245 32.8024 28.3019 49.5782 22.2036 46.5725 18.9737 42.0119 25.0599 41.0 41.4005 15.0333 29.6816 43.4166 48.9183 53.9073 47.0106 54.6443 47.2017 38.6264 38.0789 47.1699 40.3113 31.0161 48.2597 9.2195 13.0 50.2195 31.7805 55.8659 46.5296 32.573 22.1359 50.8035 15.0333 30.0167 29.4279 14.4222 24.0832 46.5188 48.9183 50.4876 41.0122 26.9258 23.0868 53.0754 19.2354 38.0132 50.1597 48.5489 42.45 27.1662 
43.9318 0.0 51.3517 71.1126 92.7631 58.1378 54.7449 14.0357 51.5461 66.1211 68.8767 72.0069 7.2801 52.469 73.736 82.7647 16.0312 14.2127 90.6863 14.5602 51.8652 20.2485 50.3587 14.1421 54.4059 39.6232 70.0286 60.407 74.6525 48.6621 13.0 71.5681 10.198 14.7648 81.8413 36.7967 11.0454 20.0 33.6155 56.5155 44.911 62.1289 28.2312 42.72 61.8547 77.8781 57.5674 38.6394 4.0 34.9857 56.6127 87.3212 66.0076 64.4981 90.9065 74.027 90.6091 47.5184 79.6492 69.4622 83.8153 30.0666 81.9329 53.0754 54.3783 70.1142 73.4302 72.8354 56.2939 23.0868 40.7922 41.6293 34.9285 32.0156 66.4831 48.0208 19.8494 88.6002 65.4905 39.8121 36.0555 43.1856 40.6079 10.4403 34.9285 81.2712 76.1183 55.5788 4.4721 66.5733 
29.2062 51.3517 0.0 28.178 63.9531 20.025 76.8375 65.192 55.4437 18.0278 26.4008 38.4708 50.6952 1.4142 67.7791 39.6611 67.3647 42.2966 56.6127 37.054 54.8179 70.0928 62.9365 37.2156 81.2712 30.4138 80.604 15.2315 52.1536 60.1082 39.0128 25.0 61.131 47.927 61.131 33.4215 52.2398 40.2616 21.1896 62.0081 56.6392 78.492 44.7214 72.0694 29.0 67.72 11.7047 66.242 51.0392 40.8044 58.8218 52.4976 78.1025 82.7345 55.3624 83.8153 61.8142 13.6015 37.2156 76.2758 46.2385 54.5619 74.6324 32.311 23.5372 79.404 32.6956 27.0185 18.4391 29.1204 11.1803 75.1532 20.6155 20.2485 21.095 43.6005 36.6742 65.0308 19.799 74.3236 24.7588 8.2462 11.0454 56.3205 45.2217 43.0813 78.7718 76.6942 47.676 52.2015 
31.0644 71.1126 28.178 0.0 38.0526 13.0 76.5376 83.5703 51.264 35.0571 2.2361 14.7648 72.7186 26.8328 53.7401 12.0416 86.1626 58.5235 29.2746 56.8243 50.3289 91.2414 61.0328 57.8014 82.7103 35.2278 73.2462 13.0384 31.9061 58.5235 58.1378 40.6079 79.4796 72.0069 39.8121 39.2046 68.0074 54.1202 37.5899 56.3649 56.5155 74.7329 53.2353 76.6551 13.6015 51.225 16.6433 71.3442 69.4622 46.0109 52.3259 25.1794 72.0694 79.2023 27.6586 75.452 36.1248 41.6293 9.2195 67.6757 18.4391 62.0081 58.4123 25.4951 18.1108 71.5612 5.0 42.7551 43.9318 52.6308 33.2415 81.3019 36.2353 45.2548 7.2801 40.2616 52.2015 41.4849 39.0128 81.1542 52.4309 34.2053 33.9411 78.5493 50.01 15.2971 67.3573 75.8947 68.4763 37.5366 
49.4065 92.7631 63.9531 38.0526 0.0 44.1475 72.5672 101.9804 50.1597 73.1095 39.0 25.4951 96.8297 62.8013 36.0 31.9531 104.8046 78.5684 10.8167 80.8022 49.2443 112.4322 59.1354 82.4197 79.8311 53.4135 60.0083 49.2544 18.6011 57.9396 81.2158 78.5175 98.3514 98.737 15.1327 55.9732 85.6329 72.8629 64.0078 50.9608 58.6003 66.3702 66.7083 79.1202 35.7351 30.0666 52.469 75.6439 89.8276 58.7963 47.4342 13.9284 61.0737 70.1783 13.6015 60.208 2.2361 77.4661 32.0156 54.0 20.8806 71.5612 34.9285 40.2244 43.0813 58.0086 33.0606 80.6226 81.3019 81.0062 64.846 84.8646 62.6498 76.1577 45.0 46.4004 73.1095 9.2195 77.0584 85.6154 85.703 67.72 65.7875 102.3035 60.6053 23.5372 49.366 71.3863 91.6788 29.0689 
19.2354 58.1378 20.025 13.0 44.1475 0.0 67.1193 70.5762 42.72 33.1059 10.7703 18.6815 59.9083 19.0 50.2494 24.6982 73.1642 45.5412 37.5766 43.909 41.8808 78.2943 51.8845 44.9444 72.8011 23.0217 66.6033 7.8102 32.3883 49.1935 45.1774 39.8246 66.4831 59.5483 41.3038 27.0185 55.0818 41.2311 24.6982 48.6004 46.6154 66.5733 41.0 65.7343 9.0554 49.2443 9.4868 60.208 56.4624 34.2345 44.8219 33.541 64.8151 71.0211 36.7151 69.3109 41.9762 33.3766 21.6333 61.5224 28.0179 50.1597 56.3649 16.4012 6.7082 65.1153 15.6205 42.0595 38.1182 40.3113 21.6333 70.0357 23.3238 33.6006 10.198 30.8869 39.2173 45.0111 36.4005 69.7209 42.0476 23.7697 22.4722 65.7343 38.4708 25.0 62.6259 66.6408 55.5698 34.0 
48.8774 54.7449 76.8375 76.5376 72.5672 67.1193 0.0 53.2353 25.4951 94.8103 74.9466 66.7533 61.9839 77.0065 38.0789 83.3607 55.4437 46.6154 77.2334 55.0364 26.4764 65.4905 15.5242 56.8595 7.2801 46.6154 19.4165 74.2428 56.1427 18.0278 53.3104 101.8283 52.0096 68.884 57.4891 43.4166 43.7379 43.4166 57.28 22.0227 20.5913 9.434 34.4093 13.3417 62.9365 44.3847 73.9256 16.1245 50.8035 36.1248 26.0 76.0263 15.6205 10.0499 79.1012 22.8254 71.1969 82.807 80.604 22.6716 77.1622 26.4008 43.566 51.264 60.4152 20.6155 75.1864 103.8557 91.9348 64.4981 67.2086 17.8885 57.28 68.6003 77.0779 36.4005 47.5079 64.2884 96.5401 19.6977 78.7718 72.1388 67.897 64.2806 31.8277 76.4199 30.4138 1.4142 57.4891 45.0444 
54.7083 14.0357 65.192 83.5703 101.9804 70.5762 53.2353 0.0 56.6039 80.1561 81.3449 83.006 17.8885 66.2722 78.8923 94.9368 2.8284 25.0799 101.0198 28.1603 57.1402 12.3693 52.9245 28.0179 51.0392 50.2494 70.8308 73.4983 83.4865 51.8941 26.3059 85.5862 4.1231 25.2389 89.8721 46.8722 16.4012 30.0167 46.5725 60.3738 48.7647 61.8142 35.3553 40.05 73.3553 83.7616 70.8308 37.6563 14.3178 43.1856 61.4003 97.9081 66.7083 63.2851 101.5135 74.7329 99.905 61.5224 91.7878 71.4703 95.0158 33.121 86.8332 63.5138 66.2118 71.3092 85.4927 86.8332 70.214 37.1214 54.4518 37.1214 47.8017 46.0435 79.404 55.8659 31.3847 96.8969 79.511 35.1283 49.7293 57.0789 54.3323 15.5563 41.7732 92.6607 78.7718 54.3323 18.2483 74.3303 
26.2488 51.5461 55.4437 51.264 50.1597 42.72 25.4951 56.6039 0.0 72.8629 49.7695 41.3038 57.7235 55.3173 22.3607 57.8705 59.3633 38.6394 53.1507 45.0444 1.0 68.4763 10.0499 47.0425 32.1403 25.5539 25.2389 50.2195 32.28 8.0623 44.1814 79.9312 53.7122 62.6498 35.8469 23.7697 41.6293 33.2415 39.0 6.7082 8.6023 23.8537 23.5372 29.1204 37.6962 27.2029 50.448 25.4951 47.7598 19.105 5.099 51.4782 22.6716 28.3019 54.7449 28.6531 48.4665 64.0078 55.109 21.5407 52.0 23.6008 30.4631 26.4197 36.0555 24.1868 49.7293 82.0731 72.4017 51.4782 47.5079 34.7851 38.4838 52.4976 52.3546 12.0416 36.0139 43.0465 75.1665 35.4683 63.6003 52.4786 48.3735 61.9839 17.1172 51.0882 26.1725 24.7386 52.3927 21.1896 
46.669 66.1211 18.0278 35.0571 73.1095 33.1059 94.8103 80.1561 72.8629 0.0 34.2345 48.8365 64.0703 17.8045 83.2406 43.566 82.0549 58.9406 64.0312 52.6118 72.1803 83.2947 80.7217 52.345 99.2975 48.2701 97.8366 25.632 64.846 77.8974 54.7449 7.0711 76.2365 59.6825 73.4983 51.4004 68.6586 57.5847 38.9102 79.3095 74.5185 96.2081 62.6498 90.05 41.7852 82.3468 23.7065 84.22 66.4831 58.8218 75.9276 60.0083 95.5249 100.4988 62.1289 100.896 71.1758 19.2354 42.19 93.2363 53.0377 72.4707 89.4707 48.2597 38.5876 96.5401 40.05 9.2195 13.6015 43.0465 28.6356 93.0215 38.4708 34.1321 28.2843 60.8769 53.7587 76.1183 4.1231 92.1358 32.9848 24.3516 28.2312 69.2604 63.2456 50.01 95.1315 94.6414 62.0322 67.082 
29.0172 68.8767 26.4008 2.2361 39.0 10.7703 74.9466 81.3449 49.7695 34.2345 0.0 14.8661 70.4911 25.0799 53.0754 14.2127 83.9345 56.3028 30.5941 54.5894 48.8467 89.0056 59.4643 55.5698 81.0432 33.1361 72.111 11.1803 31.7648 56.921 55.9017 40.025 77.2528 69.814 39.9249 37.1214 65.8027 51.923 35.3553 55.0091 54.8179 73.3485 51.1566 74.8131 12.083 50.8035 14.7648 69.4622 67.2309 44.0 51.0 26.4764 70.8308 77.8203 29.1204 74.4043 37.0135 39.9249 11.3137 66.6108 19.9249 60.0 58.0086 23.7697 16.0312 70.4557 6.3246 42.2019 42.5793 50.448 31.1127 79.404 34.0 43.1393 6.0 38.6005 49.98 41.9762 38.1182 79.2275 50.4777 32.2025 31.8277 76.3217 48.0416 16.7631 66.5282 74.3303 66.242 36.7696 
28.3019 72.0069 38.4708 14.7648 25.4951 18.6815 66.7533 83.006 41.3038 48.8365 14.8661 0.0 75.0067 37.3363 39.8246 16.7631 85.7555 58.2495 19.4165 58.7282 40.3113 92.2009 51.3517 60.1082 73.437 32.7567 60.8358 24.0 17.2047 49.163 59.5483 54.8179 79.0759 75.8222 25.0799 36.2353 66.7308 53.0 40.4599 45.3542 48.0 63.6003 49.3964 69.0652 10.8167 36.7967 27.074 64.2806 69.6348 41.4367 41.2311 15.6205 60.1664 68.0074 19.105 62.6498 23.3452 51.9711 14.3178 55.0091 12.083 56.7539 43.9318 19.6977 18.6011 59.0339 10.6301 57.0088 56.0357 57.2014 39.8121 74.2428 39.0512 51.4782 20.6155 32.1403 52.2015 27.2947 52.6118 74.4312 60.5392 42.3792 40.7185 80.7217 44.643 10.198 53.8238 65.9242 70.1783 24.1868 
47.5079 7.2801 50.6952 72.7186 96.8297 59.9083 61.9839 17.8885 57.7235 64.0703 70.4911 75.0067 0.0 51.923 79.6994 84.5991 18.9737 19.3132 94.0479 16.2788 57.9741 19.4165 57.1402 15.0 61.6847 43.4166 77.0 61.2699 79.0569 55.3263 15.6205 69.029 15.0 7.8102 86.6083 41.0488 18.2483 25.0799 35.2278 62.9682 51.4782 69.2604 34.2053 50.0 64.5368 83.5703 58.1808 45.8912 11.1803 40.3113 62.8172 90.5207 73.0068 71.7008 94.0691 81.0 94.6414 45.0 81.5414 76.2365 86.5563 37.0 87.9318 56.7274 56.8507 77.026 75.452 70.1142 53.2353 21.587 40.8534 48.8467 36.6197 30.5941 67.5352 53.2259 23.8537 93.1933 63.0079 47.0106 32.3883 42.45 40.4969 5.831 40.8044 83.8689 82.7345 62.8013 5.3852 71.5891 
29.0689 52.469 1.4142 26.8328 62.8013 19.0 77.0065 66.2722 55.3173 17.8045 25.0799 37.3363 51.923 0.0 67.2309 38.2753 68.469 43.1856 55.3624 38.1182 54.6717 71.3092 62.9682 38.3275 81.5414 30.4795 80.4301 13.9284 51.2445 60.1415 40.05 24.8395 62.2013 49.2443 60.208 33.6006 53.1507 41.0 21.8403 61.8466 56.7274 78.492 45.1885 72.4707 28.0179 67.0522 10.4403 66.6483 52.0865 41.0488 58.6003 51.2445 77.9872 82.7587 54.0833 83.6002 60.6712 14.8661 35.8469 76.0263 44.9444 55.0364 74.0 31.7805 22.8035 79.2023 31.3847 26.9072 19.2354 30.3645 12.0416 75.6439 21.1896 21.5407 19.7231 43.4166 37.4833 64.0078 19.8494 74.8465 26.1725 9.4868 12.0 57.5674 45.4863 41.7852 78.3901 76.8375 48.8365 51.5461 
40.6079 73.736 67.7791 53.7401 36.0 50.2494 38.0789 78.8923 22.3607 83.2406 53.0754 39.8246 79.6994 67.2309 0.0 55.7584 81.6333 60.4401 42.9535 66.0984 21.9317 90.824 27.5862 68.0661 45.31 42.107 24.0208 57.9828 23.7065 27.6586 65.5134 90.05 76.0592 84.1724 21.095 42.0119 63.9766 54.8179 56.2228 19.105 30.2324 30.8058 45.5412 47.2017 42.2019 6.3246 59.5399 45.2769 70.0071 39.8121 17.4929 43.0116 25.1794 34.3657 45.3542 24.5153 35.0571 78.848 53.8238 18.0 46.5188 45.793 8.2462 35.4683 44.7214 22.0227 50.3289 92.2822 86.0349 71.0634 62.5859 53.0094 55.3263 70.2567 57.6281 28.0179 57.0701 27.074 86.3134 54.2033 81.3941 67.1863 63.561 84.1546 38.8973 47.0106 14.3178 36.7696 74.3303 16.4012 
41.2311 82.7647 39.6611 12.0416 31.9531 24.6982 83.3607 94.9368 57.8705 43.566 14.2127 16.7631 84.5991 38.2753 55.7584 0.0 97.5756 69.857 21.587 68.6003 56.8859 102.9563 67.897 69.6419 89.9444 45.607 77.4726 24.8395 32.2025 65.6201 69.8355 48.0416 90.8735 84.0238 38.2099 49.4773 79.1202 65.192 49.3964 62.0967 64.195 80.3617 63.3482 85.0235 22.3607 52.0096 28.4253 80.0062 80.9568 55.7315 57.9741 18.0278 76.896 84.7703 19.2354 79.1581 30.4631 52.8394 3.1623 71.5891 11.1803 71.5681 58.8982 34.1321 28.7924 75.6439 9.4868 50.01 54.0833 64.6607 45.2769 90.0056 48.0208 57.28 18.6011 48.0416 63.561 37.7359 47.676 90.05 64.2028 46.0977 45.9674 90.4268 59.4138 9.2195 69.9714 82.5651 80.2621 40.7185 
57.4543 16.0312 67.3647 86.1626 104.8046 73.1642 55.4437 2.8284 59.3633 82.0549 83.9345 85.7555 18.9737 68.469 81.6333 97.5756 0.0 27.7308 103.8123 30.4138 59.9083 10.0499 55.5428 30.1496 53.0 53.0 73.2462 75.9605 86.3134 54.5619 28.6356 87.367 6.7082 25.9422 92.6984 49.6488 19.2094 32.7567 49.0408 63.0635 51.4782 64.1327 38.1838 42.19 76.0592 86.5332 73.2462 40.025 16.7631 46.0109 64.1405 100.6876 69.1231 65.4905 104.2929 77.1298 102.7278 63.2851 94.4299 74.0 97.7548 35.8469 89.5545 66.2873 68.8767 73.7631 88.1419 88.5664 71.8471 39.0128 56.7186 39.0128 50.2892 48.0 81.9085 58.6941 34.0147 99.7246 81.3019 37.0135 51.1957 59.2115 56.5685 15.8114 44.5982 95.3834 81.3449 56.5685 20.025 77.1557 
30.0 14.2127 42.2966 58.5235 78.5684 45.5412 46.6154 25.0799 38.6394 58.9406 56.3028 58.2495 19.3132 43.1856 60.4401 69.857 27.7308 0.0 76.6942 8.6023 38.833 34.0588 39.1152 10.2956 48.0208 25.6125 59.4138 48.8365 60.4401 37.0135 6.7082 65.146 21.0238 24.0832 67.6757 22.6274 10.0 5.831 22.0907 44.1814 33.0 52.6308 15.1327 36.6197 48.3735 64.2573 46.3897 31.3847 11.4018 21.0238 43.7379 73.4098 55.5788 55.6597 77.0065 63.3877 76.4199 42.0476 66.7083 58.0086 70.1783 20.2485 68.6804 39.0512 41.1461 59.2115 60.4152 66.7308 51.4296 19.105 31.1448 37.4833 23.1948 25.9422 54.5711 34.0 6.3246 74.4043 59.1354 36.0694 33.9706 34.7131 31.257 24.1868 21.587 67.7422 64.1249 47.1699 13.9284 52.4786 
46.7547 90.6863 56.6127 29.2746 10.8167 37.5766 77.2334 101.0198 53.1507 64.0312 30.5941 19.4165 94.0479 55.3624 42.9535 21.587 103.8123 76.6942 0.0 77.7946 52.1728 110.752 62.8013 79.2465 84.3801 51.0882 66.7533 41.4849 21.095 61.1882 78.492 69.0652 97.2008 95.1315 22.1359 54.2033 84.6286 71.218 59.8164 55.2268 61.131 72.0278 66.3702 82.2253 30.2324 37.6431 44.9222 78.1601 88.0909 58.3095 51.3517 4.1231 67.2681 76.1052 2.8284 67.4685 9.8995 70.214 22.0907 60.6712 11.0 72.4983 43.4626 37.6431 38.0132 64.7765 24.3311 71.1126 73.1642 76.6094 59.0593 87.8009 58.4123 70.8308 36.4966 47.0106 70.8378 18.6011 68.0661 88.3233 79.6241 61.327 59.9416 99.7046 60.8276 14.0357 57.0088 76.1643 89.1067 32.249 
31.4006 14.5602 37.054 56.8243 80.8022 43.909 55.0364 28.1603 45.0444 52.6118 54.5894 58.7282 16.2788 38.1182 66.0984 68.6003 30.4138 8.6023 77.7946 0.0 45.0999 34.4384 46.6905 2.0 56.6039 27.4591 67.082 45.8803 63.2851 44.4072 2.2361 58.4637 24.0832 18.3848 71.1196 25.4951 16.5529 12.1655 19.2354 51.0098 40.3113 60.7289 22.2036 45.2217 48.2701 69.3758 43.0116 39.9625 14.0 26.3059 50.0899 74.2496 63.3482 63.9062 77.7946 71.0211 78.6003 34.7851 65.5134 65.2763 70.2922 28.6356 74.3303 40.6079 40.6079 66.7533 59.3633 59.9083 44.0114 10.8167 26.3059 46.0109 20.5913 18.6815 52.0 38.6005 9.0554 77.5242 52.3927 44.5533 25.6125 29.0 26.1725 22.0227 28.0 67.624 71.007 55.5428 11.6619 56.4624 
25.6125 51.8652 54.8179 50.3289 49.2443 41.8808 26.4764 57.1402 1.0 72.1803 48.8467 40.3113 57.9741 54.6717 21.9317 56.8859 59.9083 38.833 52.1728 45.0999 0.0 68.9638 11.0454 47.0956 33.1361 25.0599 25.807 49.4065 31.3209 9.0554 44.2832 79.2465 54.2033 62.8013 34.9857 23.4094 42.0476 33.3766 38.6264 7.2111 9.434 24.6982 23.7697 30.0832 36.7696 26.6271 49.679 26.4008 48.1041 19.0263 5.0 50.4876 23.3452 29.1548 53.7587 29.1548 47.5395 63.5295 54.1295 21.9317 51.0 24.2074 30.0832 25.5539 35.2278 24.6982 48.7647 81.3941 71.8679 51.3517 47.0106 35.7351 38.0789 52.2015 51.4782 11.3137 36.0555 42.19 74.5185 36.4005 63.3246 51.9711 47.8853 62.2977 17.2627 50.0899 26.3059 25.7099 52.6308 20.2485 
64.0312 20.2485 70.0928 91.2414 112.4322 78.2943 65.4905 12.3693 68.4763 83.2947 89.0056 92.2009 19.4165 71.3092 90.824 102.9563 10.0499 34.0588 110.752 34.4384 68.9638 0.0 65.192 33.6155 63.0079 59.6657 83.1986 80.2309 94.1116 64.0781 33.121 88.0227 14.7648 24.0832 100.896 56.6392 27.2029 39.6232 53.6656 72.4983 60.8358 74.1485 46.4004 52.2398 82.0975 95.5249 77.2528 50.01 22.6716 53.9073 73.3553 107.4477 79.0759 75.5381 111.0405 87.0976 110.3087 64.1249 99.8499 83.8153 104.0433 45.1885 98.8383 73.1095 74.6257 83.678 93.6483 89.0 72.0069 41.0 60.0833 49.0 55.0091 50.01 86.406 66.8431 40.0 107.8147 82.0549 47.0 51.0098 61.8466 59.7746 14.0357 53.0094 101.5135 91.0824 66.6108 22.8473 85.4283 
34.2053 50.3587 62.9365 61.0328 59.1354 51.8845 15.5242 52.9245 10.0499 80.7217 59.4643 51.3517 57.1402 62.9682 27.5862 67.897 55.5428 39.1152 62.8013 46.6905 11.0454 65.192 0.0 48.6621 22.0907 32.5269 20.3961 59.1692 41.7732 2.8284 45.3982 87.7838 50.5964 63.0079 44.3847 29.8329 39.6232 34.5254 44.6542 8.6023 6.7082 15.6205 24.5153 20.1246 47.4342 33.4215 59.0762 17.6918 46.3897 23.3238 11.7047 61.2944 16.7631 19.799 64.4981 24.3311 57.5674 70.214 65.1153 19.105 62.0081 20.3961 34.8281 35.8469 45.1774 20.0998 59.6657 89.8721 79.0253 54.7083 54.037 25.9422 44.4072 57.2451 61.7414 21.0238 38.0789 51.4782 82.7345 26.9258 68.0294 59.0339 54.8179 60.6712 19.6977 61.131 25.9615 14.8661 52.0384 30.5941 
33.0151 14.1421 37.2156 57.8014 82.4197 44.9444 56.8595 28.0179 47.0425 52.345 55.5698 60.1082 15.0 38.3275 68.0661 69.6419 30.1496 10.2956 79.2465 2.0 47.0956 33.6155 48.6621 0.0 58.3095 29.1548 69.0507 46.6154 65.0 46.3897 3.6056 58.0517 24.0 16.5529 72.8972 27.313 17.4929 14.1421 20.2485 53.0094 42.2966 62.6418 24.1868 46.8722 49.5782 71.3092 43.6578 41.6773 14.1421 28.2843 52.0865 75.6637 65.307 65.7875 79.196 72.9932 80.2122 34.2053 66.5733 67.2681 71.5891 30.4631 76.2955 42.2019 41.8688 68.7314 60.4649 59.439 43.3244 9.8489 26.6833 47.5079 21.6333 18.2483 52.8015 40.5216 11.0454 79.2591 51.9711 46.0109 24.4131 29.0689 26.4764 20.8087 30.0 68.884 73.0068 57.3847 10.7703 58.3095 
54.1295 54.4059 81.2712 82.7103 79.8311 72.8011 7.2801 51.0392 32.1403 99.2975 81.0432 73.437 61.6847 81.5414 45.31 89.9444 53.0 48.0208 84.3801 56.6039 33.1361 63.0079 22.0907 58.3095 0.0 51.4782 25.4558 79.7057 63.2851 24.3311 54.7083 106.2544 50.3587 68.9493 64.7611 48.0208 43.6578 45.607 61.0737 29.1548 26.2488 15.6205 37.4833 11.7047 69.1231 51.6236 79.1581 16.6433 50.5964 40.4969 33.0606 83.0963 22.0227 14.4222 86.209 28.4253 78.4474 86.3134 87.1321 29.4109 84.0536 28.4253 50.6063 57.28 66.1287 26.9072 81.5843 108.2266 95.5877 66.6108 71.218 14.0357 61.2209 71.5052 82.8734 42.45 49.8197 71.5681 100.8018 16.0312 81.2158 76.0592 71.8401 63.3482 36.0555 83.2166 37.0135 8.544 57.5847 52.1536 
4.4721 39.6232 30.4138 35.2278 53.4135 23.0217 46.6154 50.2494 25.5539 48.2701 33.1361 32.7567 43.4166 30.4795 42.107 45.607 53.0 25.6125 51.0882 27.4591 25.0599 59.6657 32.5269 29.1548 51.4782 0.0 50.774 28.8617 35.8469 29.6985 27.8029 55.3173 46.3249 45.6508 43.8634 4.0 34.0 20.2485 14.1421 32.249 26.2488 48.1041 18.0278 43.3244 23.4094 44.1022 27.8568 37.6431 37.0135 11.4018 29.5466 47.8017 48.0104 52.3259 51.4004 54.2033 51.225 38.4708 42.45 46.9574 44.7772 27.1662 50.01 13.4536 17.1172 49.7393 36.1386 57.3847 46.8722 29.6142 21.9545 47.2969 13.3417 28.1603 33.1361 14.5602 19.799 50.1199 50.2096 46.8722 39.3192 26.9258 22.8254 48.9183 15.8114 42.4853 50.5964 46.4004 38.2884 29.8329 
51.4004 70.0286 80.604 73.2462 60.0083 66.6033 19.4165 70.8308 25.2389 97.8366 72.111 60.8358 77.0 80.4301 24.0208 77.4726 73.2462 59.4138 66.7533 67.082 25.807 83.1986 20.3961 69.0507 25.4558 50.774 0.0 74.3303 46.5725 22.8035 65.7647 104.8904 69.0507 83.1505 45.0999 48.7647 59.0762 54.9181 63.9531 18.6011 26.9258 10.0 44.911 32.2025 60.2163 30.0167 74.9533 33.2415 66.0303 43.0813 21.9317 66.4906 4.1231 11.6619 69.0507 4.0 59.0762 89.1852 75.1532 6.0828 69.2604 40.0 26.9258 50.2494 60.1415 2.0 70.7107 107.0561 97.6371 75.0 72.7186 37.2156 63.5295 77.0779 75.6042 37.0135 58.4637 51.0098 100.2646 38.9487 88.0227 77.6981 73.5731 80.1561 39.8497 69.2892 12.083 18.0278 72.0278 36.7696 
25.632 60.407 15.2315 13.0384 49.2544 7.8102 74.2428 73.4983 50.2195 25.632 11.1803 24.0 61.2699 13.9284 57.9828 24.8395 75.9605 48.8365 41.4849 45.8803 49.4065 80.2309 59.1692 46.6154 79.7057 28.8617 74.3303 0.0 39.2938 56.4358 47.4342 32.2025 69.3758 59.9083 48.0521 32.7567 58.6941 45.1774 26.9258 56.2228 53.6656 74.0608 46.3897 72.1249 16.1555 56.7979 3.6056 66.4831 59.203 40.2616 52.4976 37.3631 72.4707 78.492 40.1622 77.0779 47.1699 28.7924 22.2036 69.2965 31.0161 55.9017 63.9531 24.0832 14.2127 72.8629 17.4642 34.4384 32.0624 40.4969 20.8087 76.1577 25.7099 32.6497 6.4031 38.2753 42.5793 51.1566 29.1204 75.71 39.4081 21.2603 21.4009 67.082 44.643 27.8568 70.4344 73.8241 57.3847 41.6773 
32.2025 74.6525 52.1536 31.9061 18.6011 32.3883 56.1427 83.4865 32.28 64.846 31.7648 17.2047 79.0569 51.2445 23.7065 32.2025 86.3134 60.4401 21.095 63.2851 31.3209 94.1116 41.7732 65.0 63.2851 35.8469 46.5725 39.2938 0.0 40.2616 63.5138 71.1688 79.9062 81.4923 9.0 38.0132 67.1789 54.6717 47.7598 34.1321 40.4969 51.1566 48.1664 61.4003 23.3452 19.8494 41.7732 57.5847 71.5891 40.3113 30.2655 20.0998 46.6905 55.3263 23.0 47.7598 16.6433 65.0 30.4795 40.5216 22.8473 53.0 26.8701 23.4094 29.0172 44.643 27.8029 73.3894 70.4557 64.622 50.4876 67.0522 46.4866 60.8769 37.1618 27.8029 55.2178 14.3178 68.4105 67.6757 71.1969 54.1479 51.4782 84.4038 42.0119 23.3238 38.0132 55.0818 73.8173 11.1803 
31.4006 48.6621 60.1082 58.5235 57.9396 49.1935 18.0278 51.8941 8.0623 77.8974 56.921 49.163 55.3263 60.1415 27.6586 65.6201 54.5619 37.0135 61.1882 44.4072 9.0554 64.0781 2.8284 46.3897 24.3311 29.6985 22.8035 56.4358 40.2616 0.0 43.1856 84.9588 49.3964 61.0082 43.382 27.0185 38.0789 32.249 41.8808 8.6023 4.1231 18.4391 22.2036 21.1896 44.9222 33.2415 56.3028 18.0278 44.7214 20.5913 10.8167 59.5399 19.3132 22.6274 62.8013 26.6833 56.3028 67.424 62.8013 21.0 60.0083 18.9737 35.2278 33.2415 42.4853 22.3607 57.2713 87.046 76.2168 52.2015 51.225 26.9258 41.6173 54.5619 59.0931 18.3848 35.6931 50.5371 79.9062 27.7308 65.3911 56.2228 52.0096 59.0339 17.088 59.0339 27.4591 17.4642 50.1597 29.1204 
31.8904 13.0 39.0128 58.1378 81.2158 45.1774 53.3104 26.3059 44.1814 54.7449 55.9017 59.5483 15.6205 40.05 65.5134 69.8355 28.6356 6.7082 78.492 2.2361 44.2832 33.121 45.3982 3.6056 54.7083 27.8029 65.7647 47.4342 63.5138 43.1856 0.0 60.6383 22.2036 18.6815 71.1969 25.5539 14.3178 11.0 20.6155 50.01 39.1152 59.203 21.0238 43.2666 49.2037 68.9638 44.643 38.0789 12.0416 25.7099 49.2544 75.0067 61.9839 62.2977 78.5684 69.7209 79.0253 37.0 66.7308 64.1249 71.218 26.9258 73.7564 41.1096 41.6173 65.4905 60.5392 62.0967 46.2385 13.0384 28.1603 43.9318 21.9317 20.8806 53.4883 38.2753 8.544 77.6981 54.5711 42.45 27.8029 31.0161 28.0713 21.2132 27.074 68.6003 70.0071 53.8516 10.6301 56.3649 
53.7401 71.5681 25.0 40.6079 78.5175 39.8246 101.8283 85.5862 79.9312 7.0711 40.025 54.8179 69.029 24.8395 90.05 48.0416 87.367 65.146 69.0652 58.4637 79.2465 88.0227 87.7838 58.0517 106.2544 55.3173 104.8904 32.2025 71.1688 84.9588 60.6383 0.0 81.7435 64.1249 79.6994 58.4123 74.7262 64.0781 45.6508 86.3713 81.5659 103.2763 69.4622 96.8969 48.3322 89.0 30.5287 91.0659 72.1803 65.8027 82.9759 65.123 102.5914 107.5639 67.0075 107.9352 76.6551 24.0832 47.0106 100.2646 58.0775 79.2591 96.1509 55.2178 45.4863 103.5857 45.5412 2.2361 16.2788 48.5077 35.3553 99.7647 45.2769 39.8121 34.2053 67.9412 60.1664 82.0 6.0828 98.8383 37.1214 30.8707 34.8855 74.0068 70.214 55.1453 102.0784 101.671 67.3647 73.8241 
50.774 10.198 61.131 79.4796 98.3514 66.4831 52.0096 4.1231 53.7122 76.2365 77.2528 79.0759 15.0 62.2013 76.0592 90.8735 6.7082 21.0238 97.2008 24.0832 54.2033 14.7648 50.5964 24.0 50.3587 46.3249 69.0507 69.3758 79.9062 49.3964 22.2036 81.7435 0.0 22.6716 86.4523 43.0116 12.7279 26.0768 42.45 57.7754 46.0977 60.2993 31.8904 39.0512 69.3542 80.7775 66.7083 36.1248 10.198 39.598 58.5918 94.0479 64.9384 62.0322 97.6524 72.9932 96.2601 57.7062 87.7268 69.3758 91.0659 30.4631 84.0773 59.6406 62.1691 69.4262 81.4371 83.0241 66.4906 33.2415 50.3587 36.6742 43.6807 42.107 75.2861 52.4023 27.313 93.4345 75.6637 34.7131 46.1736 53.0377 50.2494 13.8924 38.4187 88.6848 76.5376 53.0377 14.5602 70.9366 
49.3964 14.7648 47.927 72.0069 98.737 59.5483 68.884 25.2389 62.6498 59.6825 69.814 75.8222 7.8102 49.2443 84.1724 84.0238 25.9422 24.0832 95.1315 18.3848 62.8013 24.0832 63.0079 16.5529 68.9493 45.6508 83.1505 59.9083 81.4923 61.0082 18.6815 64.1249 22.6716 0.0 89.4427 43.8634 25.2982 29.4279 35.3836 68.2642 57.0351 75.8024 39.2046 57.2451 65.1153 87.6413 56.6039 52.8867 18.3848 44.3847 67.7422 91.4385 79.2275 78.4474 94.921 87.1436 96.5194 40.4475 81.0555 82.0061 86.977 43.2897 92.4175 58.5235 57.3149 83.0542 75.1665 65.0308 48.0104 19.4165 39.1152 56.3649 36.7967 27.7308 66.2873 56.921 27.2029 95.7706 58.2151 54.5619 27.0185 39.8121 38.5876 10.4403 45.5412 84.1487 88.2043 69.6348 11.4018 74.8465 
40.4969 81.8413 61.131 39.8121 15.1327 41.3038 57.4891 89.8721 35.8469 73.4983 39.9249 25.0799 86.6083 60.208 21.095 38.2099 92.6984 67.6757 22.1359 71.1196 34.9857 100.896 44.3847 72.8972 64.7611 43.8634 45.0999 48.0521 9.0 43.382 71.1969 79.6994 86.4523 89.4427 0.0 45.6508 73.7564 61.8547 56.3205 36.0555 44.4185 51.2445 54.5619 64.4748 32.249 15.5242 50.636 61.2944 78.6003 47.0106 32.6956 22.8254 46.0109 55.0818 24.6982 45.5412 14.0 74.0 37.0135 39.0512 27.6586 58.258 21.4709 32.0156 38.0132 43.1045 35.3553 81.9085 79.404 73.0548 59.4138 70.2638 55.0818 69.6348 45.5412 34.0588 62.7694 7.2111 77.1298 71.1126 80.0625 63.1269 60.407 91.8096 48.1041 29.0 34.9285 56.2939 81.3019 15.5563 
8.2462 36.7967 33.4215 39.2046 55.9732 27.0185 43.4166 46.8722 23.7697 51.4004 37.1214 36.2353 41.0488 33.6006 42.0119 49.4773 49.6488 22.6274 54.2033 25.4951 23.4094 56.6392 29.8329 27.313 48.0208 4.0 48.7647 32.7567 38.0132 27.0185 25.5539 58.4123 43.0116 43.8634 45.6508 0.0 30.5287 17.0294 15.2315 30.4631 23.3452 45.4533 14.0357 39.5601 27.2029 44.5533 31.6228 33.8378 33.9706 7.6158 28.1603 51.0392 45.793 49.5782 54.6443 52.3259 53.8145 40.4969 46.3249 45.31 48.3011 23.1948 50.0899 16.6433 21.095 47.8539 40.025 60.4401 49.2037 29.0689 24.2074 43.4166 14.7648 28.8617 37.1214 14.0 17.2047 52.1536 53.1507 42.9535 40.025 29.2062 25.0 46.4004 12.083 46.0977 49.4773 43.2782 35.805 31.0161 
38.4708 11.0454 52.2398 68.0074 85.6329 55.0818 43.7379 16.4012 41.6293 68.6586 65.8027 66.7308 18.2483 53.1507 63.9766 79.1202 19.2094 10.0 84.6286 16.5529 42.0476 27.2029 39.6232 17.4929 43.6578 34.0 59.0762 58.6941 67.1789 38.0789 14.3178 74.7262 12.7279 25.2982 73.7564 30.5287 0.0 13.9284 32.0624 46.1736 34.4819 51.0882 19.2094 31.9531 57.2713 68.4763 56.3205 27.6586 7.0711 26.8701 46.6154 81.5414 55.0364 53.4603 85.1469 63.0714 83.5464 51.264 75.9605 58.6941 78.7718 19.2354 72.0902 47.1699 50.3289 59.2115 69.6419 76.243 60.5392 27.2947 41.1096 31.3847 33.1361 35.1141 64.3273 39.6989 16.1245 80.7217 68.6804 29.6816 41.8808 44.5533 41.1947 21.095 25.807 76.4788 65.5134 44.5533 13.9284 58.258 
24.6982 20.0 40.2616 54.1202 72.8629 41.2311 43.4166 30.0167 33.2415 57.5847 51.923 53.0 25.0799 41.0 54.8179 65.192 32.7567 5.831 71.218 12.1655 33.3766 39.6232 34.5254 14.1421 45.607 20.2485 54.9181 45.1774 54.6717 32.249 11.0 64.0781 26.0768 29.4279 61.8547 17.0294 13.9284 0.0 19.2354 39.0128 28.1603 48.7032 10.0499 34.6554 43.382 58.5235 43.0116 29.0689 16.9706 15.2315 38.3275 68.0074 51.1957 52.0 71.6101 58.8558 70.7248 41.8808 62.0322 53.1507 65.0 17.2047 63.0635 33.6006 36.4005 54.5894 55.7136 65.7951 51.3128 21.095 29.1204 36.4005 20.0998 26.2488 50.636 28.178 4.2426 68.6003 58.1808 35.2278 35.609 33.2415 29.4109 30.0167 16.1245 62.6498 59.0085 43.8292 19.6977 46.6476 
16.1245 33.6155 21.1896 37.5899 64.0078 24.6982 57.28 46.5725 39.0 38.9102 35.3553 40.4599 35.2278 21.8403 56.2228 49.3964 49.0408 22.0907 59.8164 19.2354 38.6264 53.6656 44.6542 20.2485 61.0737 14.1421 63.9531 26.9258 47.7598 41.8808 20.6155 45.6508 42.45 35.3836 56.3205 15.2315 32.0624 19.2354 0.0 45.6946 38.0132 60.2163 23.8537 51.3128 29.7321 58.0086 24.3311 45.4863 32.28 21.4009 43.3244 56.0803 60.9016 64.2028 59.5483 67.5426 61.7738 25.6125 46.3249 60.5392 51.6236 33.6155 64.0703 24.3516 21.9317 63.0714 40.2244 47.5079 34.6554 17.0 10.2956 54.1202 1.4142 14.0357 32.8938 28.6356 16.0 62.0322 39.9625 53.2259 25.1794 15.0 10.8167 41.0488 25.4951 48.8365 64.56 57.3149 30.8869 43.2897 
32.8024 56.5155 62.0081 56.3649 50.9608 48.6004 22.0227 60.3738 6.7082 79.3095 55.0091 45.3542 62.9682 61.8466 19.105 62.0967 63.0635 44.1814 55.2268 51.0098 7.2111 72.4983 8.6023 53.0094 29.1548 32.249 18.6011 56.2228 34.1321 8.6023 50.01 86.3713 57.7754 68.2642 36.0555 30.4631 46.1736 39.0128 45.6946 0.0 11.7047 18.3848 29.0689 28.6531 42.9418 24.8395 56.6392 26.2488 52.6308 25.4951 4.1231 54.0093 16.2788 22.8473 57.0789 21.9545 49.4773 70.7107 59.4811 14.8661 55.3263 27.313 26.6271 32.2025 42.0119 17.4929 54.4243 88.5268 79.0759 57.8705 54.2033 34.4819 45.1885 59.1354 57.9828 18.4391 42.0476 43.0813 81.6884 35.5106 70.214 59.1692 55.0727 66.9403 23.0217 54.7449 20.0 21.0 57.7062 23.0217 
28.3019 44.911 56.6392 56.5155 58.6003 46.6154 20.5913 48.7647 8.6023 74.5185 54.8179 48.0 51.4782 56.7274 30.2324 64.195 51.4782 33.0 61.131 40.3113 9.434 60.8358 6.7082 42.2966 26.2488 26.2488 26.9258 53.6656 40.4969 4.1231 39.1152 81.5659 46.0977 57.0351 44.4185 23.3452 34.4819 28.1603 38.0132 11.7047 0.0 22.2036 18.1108 21.2132 42.9535 35.4683 53.3385 17.088 41.0 16.6433 12.8062 59.2284 23.4094 26.2488 62.5859 30.8058 56.8595 63.6003 61.2944 25.02 59.2115 15.6525 38.0789 31.0483 39.9249 26.4764 55.5788 83.6301 72.4707 48.0833 47.5079 26.6833 37.8021 50.5371 56.648 16.2788 31.5753 51.6236 76.4199 27.2029 61.327 52.4976 48.2701 55.3173 13.0 58.0345 31.257 20.2485 46.2709 29.5466 
49.5782 62.1289 78.492 74.7329 66.3702 66.5733 9.434 61.8142 23.8537 96.2081 73.3485 63.6003 69.2604 78.492 30.8058 80.3617 64.1327 52.6308 72.0278 60.7289 24.6982 74.1485 15.6205 62.6418 15.6205 48.1041 10.0 74.0608 51.1566 18.4391 59.203 103.2763 60.2993 75.8024 51.2445 45.4533 51.0882 48.7032 60.2163 18.3848 22.2036 0.0 39.0 22.4722 61.2699 37.108 74.2024 24.1868 58.1378 38.833 22.4722 71.2531 6.4031 4.4721 74.108 13.4164 65.192 85.8021 77.7946 13.8924 73.1642 32.5576 35.3412 50.2494 59.9083 11.3137 72.8011 105.3803 94.6414 69.4622 69.6563 27.2947 60.0 72.5603 76.1577 35.805 52.5547 57.7062 98.2904 29.0689 83.1865 74.6525 70.4344 72.0069 34.9857 72.7805 21.4009 8.0623 64.4981 40.4475 
22.2036 28.2312 44.7214 53.2353 66.7083 41.0 34.4093 35.3553 23.5372 62.6498 51.1566 49.3964 34.2053 45.1885 45.5412 63.3482 38.1838 15.1327 66.3702 22.2036 23.7697 46.4004 24.5153 24.1868 37.4833 18.0278 44.911 46.3897 48.1664 22.2036 21.0238 69.4622 31.8904 39.2046 54.5619 14.0357 19.2094 10.0499 23.8537 29.0689 18.1108 39.0 0.0 27.4591 41.0 49.6588 44.911 21.6333 24.5967 8.0623 28.6356 63.5295 41.2311 42.4853 67.1193 48.8365 64.6607 48.8365 60.208 43.1045 61.4654 9.8489 53.7587 29.7321 35.1283 44.5533 53.9351 71.3442 58.1378 30.4631 34.1321 30.4631 24.1868 34.2053 51.0392 20.5183 13.6015 61.5549 63.8122 29.7321 44.4185 38.833 34.6699 38.6264 6.7082 59.4643 49.0408 34.6699 28.8617 39.0512 
46.5725 42.72 72.0694 76.6551 79.1202 65.7343 13.3417 40.05 29.1204 90.05 74.8131 69.0652 50.0 72.4707 47.2017 85.0235 42.19 36.6197 82.2253 45.2217 30.0832 52.2398 20.1246 46.8722 11.7047 43.3244 32.2025 72.1249 61.4003 21.1896 43.2666 96.8969 39.0512 57.2451 64.4748 39.5601 31.9531 34.6554 51.3128 28.6531 21.2132 22.4722 27.4591 0.0 63.2851 53.2541 71.1688 5.831 38.8973 31.9531 31.7805 80.4114 28.178 23.3452 83.7437 35.8469 77.4919 76.0592 82.0549 34.4093 80.399 17.8045 53.8145 51.2445 59.2284 33.121 76.1643 98.7927 85.4283 55.4437 61.5873 5.831 51.6236 60.8276 75.9276 37.0 38.8973 71.5891 91.2688 7.0711 70.1783 66.2873 62.1289 51.788 27.5136 79.1581 42.2019 14.5602 45.8803 50.2892 
18.9737 61.8547 29.0 13.6015 35.7351 9.0554 62.9365 73.3553 37.6962 41.7852 12.083 10.8167 64.5368 28.0179 42.2019 22.3607 76.0592 48.3735 30.2324 48.2701 36.7696 82.0975 47.4342 49.5782 69.1231 23.4094 60.2163 16.1555 23.3452 44.9222 49.2037 48.3322 69.3542 65.1153 32.249 27.2029 57.2713 43.382 29.7321 42.9418 42.9535 61.2699 41.0 63.2851 0.0 40.7063 18.4391 58.0775 59.6825 33.3766 38.9487 26.4008 58.8303 65.7419 29.8329 62.6259 33.5261 42.19 19.2354 54.8179 22.0227 49.2544 47.8853 12.0416 7.8102 58.6003 13.0384 50.5668 47.1699 46.4004 29.1548 68.0661 28.3196 40.7063 15.5563 26.6833 42.19 36.0555 45.2217 68.0074 49.98 32.0156 30.0832 70.2922 37.1214 19.4165 55.1725 62.2977 59.8164 25.807 
42.0119 77.8781 67.72 51.225 30.0666 49.2443 44.3847 83.7616 27.2029 82.3468 50.8035 36.7967 83.5703 67.0522 6.3246 52.0096 86.5332 64.2573 37.6431 69.3758 26.6271 95.5249 33.4215 71.3092 51.6236 44.1022 30.0167 56.7979 19.8494 33.2415 68.9638 89.0 80.7775 87.6413 15.5242 44.5533 68.4763 58.5235 58.0086 24.8395 35.4683 37.108 49.6588 53.2541 40.7063 0.0 58.6941 51.0882 74.2496 43.3244 22.6716 38.0789 31.4006 40.6079 40.1622 30.1496 29.2746 79.4292 50.3289 24.0832 42.19 50.8035 7.2111 35.6931 44.2719 28.0179 47.4236 91.236 86.1278 73.5527 63.5059 59.0762 57.0 72.0 55.7584 30.8058 60.4401 21.0 85.6154 60.2163 83.0241 67.897 64.4981 88.2383 42.9535 43.0116 19.4165 43.0813 78.1857 15.5242 
25.0599 57.5674 11.7047 16.6433 52.469 9.4868 73.9256 70.8308 50.448 23.7065 14.7648 27.074 58.1808 10.4403 59.5399 28.4253 73.2462 46.3897 44.9222 43.0116 49.679 77.2528 59.0762 43.6578 79.1581 27.8568 74.9533 3.6056 41.7732 56.3028 44.643 30.5287 66.7083 56.6039 50.636 31.6228 56.3205 43.0116 24.3311 56.6392 53.3385 74.2024 44.911 71.1688 18.4391 58.6941 0.0 65.4599 56.5155 39.2173 53.0377 40.8044 72.9178 78.6003 43.6578 77.8332 50.3587 25.2982 25.807 70.0928 34.5398 54.5711 65.7951 24.8395 15.0 73.5527 21.0238 32.7567 29.0 37.2156 17.4929 75.0 23.1948 29.2062 9.8995 38.4187 40.1995 54.037 26.9258 74.4648 35.805 17.6918 18.0278 63.9766 43.6578 31.3847 71.6101 73.5731 54.4243 43.382 
41.0 38.6394 66.242 71.3442 75.6439 60.208 16.1245 37.6563 25.4951 84.22 69.4622 64.2806 45.8912 66.6483 45.2769 80.0062 40.025 31.3847 78.1601 39.9625 26.4008 50.01 17.6918 41.6773 16.6433 37.6431 33.2415 66.4831 57.5847 18.0278 38.0789 91.0659 36.1248 52.8867 61.2944 33.8378 27.6586 29.0689 45.4863 26.2488 17.088 24.1868 21.6333 5.831 58.0775 51.0882 65.4599 0.0 34.7131 26.2488 28.8444 76.1577 29.1204 26.0192 79.555 37.108 73.9256 70.2922 77.0 34.4384 75.8024 12.0416 52.4023 46.0435 53.7587 33.8378 71.0282 92.9624 79.6492 50.0 55.7584 10.0 45.793 55.1543 70.406 32.1403 33.3017 68.4763 85.44 10.198 64.6607 60.4649 56.3028 48.1664 21.8403 74.4312 42.0595 17.0294 41.4849 46.6154 
41.4005 4.0 51.0392 69.4622 89.8276 56.4624 50.8035 14.3178 47.7598 66.4831 67.2309 69.6348 11.1803 52.0865 70.0071 80.9568 16.7631 11.4018 88.0909 14.0 48.1041 22.6716 46.3897 14.1421 50.5964 37.0135 66.0303 59.203 71.5891 44.7214 12.0416 72.1803 10.198 18.3848 78.6003 33.9706 7.0711 16.9706 32.28 52.6308 41.0 58.1378 24.5967 38.8973 59.6825 74.2496 56.5155 34.7131 0.0 31.6228 52.811 84.8116 62.0081 60.531 88.4081 70.0286 87.6926 48.2701 77.8203 65.4905 81.5414 26.0768 78.1857 50.448 52.3546 66.1211 71.5542 73.5459 57.28 23.7697 40.1995 38.0132 33.5261 32.3883 65.146 44.6542 17.4929 85.4283 66.0984 36.2353 37.5766 43.0 40.1123 14.3178 31.305 79.0759 72.1803 51.6236 7.2111 63.2456 
15.0333 34.9857 40.8044 46.0109 58.7963 34.2345 36.1248 43.1856 19.105 58.8218 44.0 41.4367 40.3113 41.0488 39.8121 55.7315 46.0109 21.0238 58.3095 26.3059 19.0263 53.9073 23.3238 28.2843 40.4969 11.4018 43.0813 40.2616 40.3113 20.5913 25.7099 65.8027 39.598 44.3847 47.0106 7.6158 26.8701 15.2315 21.4009 25.4951 16.6433 38.833 8.0623 31.9531 33.3766 43.3244 39.2173 26.2488 31.6228 0.0 24.0208 55.4707 39.8121 42.8019 59.0593 46.8188 56.7274 47.0106 52.6118 40.2616 53.4883 16.0 48.0521 21.8403 28.0179 42.3792 46.3897 67.8012 55.9732 32.3883 31.1127 35.9026 21.2603 34.0147 44.4072 13.0384 17.2627 53.9073 60.4401 35.5106 44.9444 36.0694 31.8277 45.1774 4.4721 51.5461 45.2769 36.0694 34.9285 31.6228 
29.6816 56.6127 58.8218 52.3259 47.4342 44.8219 26.0 61.4003 5.099 75.9276 51.0 41.2311 62.8172 58.6003 17.4929 57.9741 64.1405 43.7379 51.3517 50.0899 5.0 73.3553 11.7047 52.0865 33.0606 29.5466 21.9317 52.4976 30.2655 10.8167 49.2544 82.9759 58.5918 67.7422 32.6956 28.1603 46.6154 38.3275 43.3244 4.1231 12.8062 22.4722 28.6356 31.7805 38.9487 22.6716 53.0377 28.8444 52.811 24.0208 0.0 50.04 20.0 26.9258 53.1507 25.0 45.8803 67.9779 55.3624 17.4929 51.2445 28.3019 25.4951 28.4253 38.2884 20.6155 50.3289 85.1469 76.1577 56.3205 51.4296 37.5766 42.72 57.0088 54.0833 15.2643 41.0488 39.8121 78.4092 38.4708 68.1542 56.356 52.3259 67.0522 22.2036 50.636 21.3776 25.02 57.4891 19.105 
43.4166 87.3212 52.4976 25.1794 13.9284 33.541 76.0263 97.9081 51.4782 60.0083 26.4764 15.6205 90.5207 51.2445 43.0116 18.0278 100.6876 73.4098 4.1231 74.2496 50.4876 107.4477 61.2944 75.6637 83.0963 47.8017 66.4906 37.3631 20.0998 59.5399 75.0067 65.123 94.0479 91.4385 22.8254 51.0392 81.5414 68.0074 56.0803 54.0093 59.2284 71.2531 63.5295 80.4114 26.4008 38.0789 40.8044 76.1577 84.8116 55.4707 50.04 0.0 66.7533 75.4255 3.6056 67.4463 12.53 66.0984 18.2483 60.4152 7.0711 70.0071 44.2945 34.4093 34.2053 64.5368 20.2237 67.1863 69.0507 72.8011 55.0727 85.9069 54.6717 66.888 32.3883 44.5982 67.4759 20.5183 64.0312 86.3481 75.5844 57.2713 55.9464 96.2081 58.1808 10.0 57.2451 75.0067 85.6329 31.0 
48.9183 66.0076 78.1025 72.0694 61.0737 64.8151 15.6205 66.7083 22.6716 95.5249 70.8308 60.1664 73.0068 77.9872 25.1794 76.896 69.1231 55.5788 67.2681 63.3482 23.3452 79.0759 16.7631 65.307 22.0227 48.0104 4.1231 72.4707 46.6905 19.3132 61.9839 102.5914 64.9384 79.2275 46.0109 45.793 55.0364 51.1957 60.9016 16.2788 23.4094 6.4031 41.2311 28.178 58.8303 31.4006 72.9178 29.1204 62.0081 39.8121 20.0 66.7533 0.0 9.2195 69.4622 8.0623 60.0083 86.2844 74.4648 7.6158 69.1231 36.0139 29.1548 48.4149 58.258 5.0 69.7782 104.7378 94.8683 71.4703 69.8928 33.2866 60.5392 73.8241 74.0608 34.6554 54.8179 52.2398 97.8366 34.9857 84.6936 74.8866 70.7248 76.1052 36.4005 68.9638 15.0 14.2127 68.0661 36.4005 
53.9073 64.4981 82.7345 79.2023 70.1783 71.0211 10.0499 63.2851 28.3019 100.4988 77.8203 68.0074 71.7008 82.7587 34.3657 84.7703 65.4905 55.6597 76.1052 63.9062 29.1548 75.5381 19.799 65.7875 14.4222 52.3259 11.6619 78.492 55.3263 22.6274 62.2977 107.5639 62.0322 78.4474 55.0818 49.5782 53.4603 52.0 64.2028 22.8473 26.2488 4.4721 42.4853 23.3452 65.7419 40.6079 78.6003 26.0192 60.531 42.8019 26.9258 75.4255 9.2195 0.0 78.2304 14.1421 69.0652 89.8109 82.2192 16.7631 77.4661 35.4401 38.2753 54.7083 64.3506 13.4164 77.2528 109.6586 98.7168 72.9178 73.7564 27.5136 64.0312 76.3217 80.6226 40.2244 55.9464 61.4003 102.5329 29.4109 86.8332 78.7464 74.5185 74.1687 38.833 77.1298 23.7065 9.0 67.082 44.7214 
47.0106 90.9065 55.3624 27.6586 13.6015 36.7151 79.1012 101.5135 54.7449 62.1289 29.1204 19.105 94.0691 54.0833 45.3542 19.2354 104.2929 77.0065 2.8284 77.7946 53.7587 111.0405 64.4981 79.196 86.209 51.4004 69.0507 40.1622 23.0 62.8013 78.5684 67.0075 97.6524 94.921 24.6982 54.6443 85.1469 71.6101 59.5483 57.0789 62.5859 74.108 67.1193 83.7437 29.8329 40.1622 43.6578 79.555 88.4081 59.0593 53.1507 3.6056 69.4622 78.2304 0.0 69.857 12.7279 68.9493 20.0 62.9682 9.2195 73.5391 46.0977 38.0132 37.6431 67.082 22.8035 69.029 71.5891 76.2168 58.3095 89.2693 58.1378 70.1783 34.9285 48.1041 71.0634 21.4009 66.1891 89.7385 78.7147 60.3738 59.1692 99.7647 61.7414 12.3693 59.4811 78.0577 89.1964 34.0588 
54.6443 74.027 83.8153 75.452 60.208 69.3109 22.8254 74.7329 28.6531 100.896 74.4043 62.6498 81.0 83.6002 24.5153 79.1581 77.1298 63.3877 67.4685 71.0211 29.1548 87.0976 24.3311 72.9932 28.4253 54.2033 4.0 77.0779 47.7598 26.6833 69.7209 107.9352 72.9932 87.1436 45.5412 52.3259 63.0714 58.8558 67.5426 21.9545 30.8058 13.4164 48.8365 35.8469 62.6259 30.1496 77.8332 37.108 70.0286 46.8188 25.0 67.4463 8.0623 14.1421 69.857 0.0 59.4138 92.6607 76.9415 7.8102 70.5762 44.0 26.1725 53.0377 62.9365 4.4721 72.7186 110.1136 101.0198 78.848 76.1577 40.7063 67.082 80.7775 78.1025 40.2244 62.3699 51.0882 103.407 42.4853 91.7606 81.1234 77.026 84.1487 43.6807 70.7743 11.0454 21.4709 76.0263 38.4708 
47.2017 90.6091 61.8142 36.1248 2.2361 41.9762 71.1969 99.905 48.4665 71.1758 37.0135 23.3452 94.6414 60.6712 35.0571 30.4631 102.7278 76.4199 9.8995 78.6003 47.5395 110.3087 57.5674 80.2122 78.4474 51.225 59.0762 47.1699 16.6433 56.3028 79.0253 76.6551 96.2601 96.5194 14.0 53.8145 83.5464 70.7248 61.7738 49.4773 56.8595 65.192 64.6607 77.4919 33.5261 29.2746 50.3587 73.9256 87.6926 56.7274 45.8803 12.53 60.0083 69.0652 12.7279 59.4138 0.0 75.3127 30.3645 53.0377 19.3132 69.6419 34.4819 38.0132 40.8534 57.0789 31.1448 78.7718 79.2275 78.7718 62.6259 83.2166 60.4152 73.9256 43.0116 44.4072 70.9366 8.9443 75.1066 83.9345 83.4865 65.521 63.5689 100.1249 58.6003 21.8403 48.6621 70.0357 89.4986 27.313 
