10
0.0 7.2801 7.2111 8.2462 6.0828 2.2361 5.099 6.3246 2.2361 4.4721 
7.2801 0.0 2.2361 7.8102 8.9443 9.0554 6.7082 1.0 8.0 3.0 
7.2111 2.2361 0.0 5.6569 7.2801 8.544 5.099 2.0 7.2801 2.8284 
8.2462 7.8102 5.6569 0.0 3.6056 8.0623 3.1623 7.2111 6.7082 6.3246 
6.0828 8.9443 7.2801 3.6056 0.0 5.099 2.2361 8.0623 4.0 6.4031 
2.2361 9.0554 8.544 8.0623 5.099 0.0 5.0 8.0623 1.4142 6.0828 
5.099 6.7082 5.099 3.1623 2.2361 5.0 0.0 5.831 3.6056 4.2426 
6.3246 1.0 2.0 7.2111 8.0623 8.0623 5.831 0.0 7.0 2.0 
2.2361 8.0 7.2801 6.7082 4.0 1.4142 3.6056 7.0 0.0 5.0 
4.4721 3.0 2.8284 6.3246 6.4031 6.0828 4.2426 2.0 5.0 0.0 
