20
0.0 15.6205 8.6023 16.1555 5.831 8.9443 17.0294 10.198 13.9284 13.6015 11.4018 18.0278 7.6158 13.0384 11.7047 3.0 2.2361 9.8995 3.1623 8.6023 
15.6205 0.0 7.6158 5.0 17.4929 14.5602 1.4142 10.0 5.099 4.1231 7.0711 3.0 15.2971 3.1623 16.0312 13.4536 16.6433 17.72 17.4929 7.0711 
8.6023 7.6158 0.0 10.0499 12.1655 11.4018 8.9443 4.2426 8.2462 5.0 7.2111 10.4403 8.0 6.0 9.8489 7.2801 9.2195 14.1421 10.0 2.8284 
16.1555 5.0 10.0499 0.0 16.2788 12.2066 5.3852 13.6015 2.2361 8.6023 5.0 4.0 18.0278 4.1231 19.6469 13.4164 17.72 15.2643 18.6815 8.0623 
5.831 17.4929 12.1655 16.2788 0.0 5.099 18.868 15.0333 14.1421 16.7631 11.3137 19.2094 13.4164 14.4222 17.4642 5.0 7.8102 4.4721 8.4853 10.7703 
8.9443 14.5602 11.4018 12.2066 5.099 0.0 15.8114 15.2315 10.2956 15.0 7.6158 15.6525 15.5563 11.4018 19.2094 6.4031 11.1803 3.1623 12.083 9.0554 
17.0294 1.4142 8.9443 5.3852 18.868 15.8114 0.0 11.0454 6.0 5.0 8.2462 2.2361 16.4924 4.4721 17.0 14.8661 18.0278 18.9737 18.868 8.4853 
10.198 10.0 4.2426 13.6015 15.0333 15.2315 11.0454 0.0 12.083 6.0828 11.4018 13.0 5.831 9.4868 6.0828 10.0499 9.8489 17.72 10.2956 7.0711 
13.9284 5.099 8.2462 2.2361 14.1421 10.2956 6.0 12.083 0.0 7.8102 2.8284 5.3852 16.1245 2.8284 18.0278 11.1803 15.5242 13.4164 16.4924 6.0 
13.6015 4.1231 5.0 8.6023 16.7631 15.0 5.0 6.0828 7.8102 0.0 8.544 7.0711 11.7047 5.0 12.0 12.083 14.1421 18.0278 14.8661 6.0828 
11.4018 7.0711 7.2111 5.0 11.3137 7.6158 8.2462 11.4018 2.8284 8.544 0.0 8.0623 14.5602 4.0 17.0 8.544 13.1529 10.7703 14.1421 4.4721 
18.0278 3.0 10.4403 4.0 19.2094 15.6525 2.2361 13.0 5.3852 7.0711 8.0623 0.0 18.2483 5.0 19.0263 15.6205 19.2354 18.7883 20.1246 9.434 
7.6158 15.2971 8.0 18.0278 13.4164 15.5563 16.4924 5.831 16.1245 11.7047 14.5602 18.2483 0.0 14.0 4.1231 9.2195 6.0828 17.2047 6.0 10.198 
13.0384 3.1623 6.0 4.1231 14.4222 11.4018 4.4721 9.4868 2.8284 5.0 4.0 5.0 14.0 0.0 15.5242 10.6301 14.3178 14.5602 15.2315 4.4721 
11.7047 16.0312 9.8489 19.6469 17.4642 19.2094 17.0 6.0828 18.0278 12.0 17.0 19.0263 4.1231 15.5242 0.0 13.0384 10.198 21.095 10.0499 12.53 
3.0 13.4536 7.2801 13.4164 5.0 6.4031 14.8661 10.0499 11.1803 12.083 8.544 15.6205 9.2195 10.6301 13.0384 0.0 5.099 8.0623 6.0828 6.4031 
2.2361 16.6433 9.2195 17.72 7.8102 11.1803 18.0278 9.8489 15.5242 14.1421 13.1529 19.2354 6.0828 14.3178 10.198 5.099 0.0 12.0416 1.0 9.8489 
9.8995 17.72 14.1421 15.2643 4.4721 3.1623 18.9737 17.72 13.4164 18.0278 10.7703 18.7883 17.2047 14.5602 21.095 8.0623 12.0416 0.0 12.8062 12.0 
3.1623 17.4929 10.0 18.6815 8.4853 12.083 18.868 10.2956 16.4924 14.8661 14.1421 20.1246 6.0 15.2315 10.0499 6.0828 1.0 12.8062 0.0 10.7703 
8.6023 7.0711 2.8284 8.0623 10.7703 9.0554 8.4853 7.0711 6.0 6.0828 4.4721 9.434 10.198 4.4721 12.53 6.4031 9.8489 12.0 10.7703 0.0 
