50
0.0 22.6274 47.5395 15.2971 5.3852 46.1736 41.1825 17.0294 17.0 41.0488 37.5899 15.1327 23.4307 35.5106 45.0111 18.1108 42.3792 50.1199 40.3113 38.833 43.566 27.5862 29.8329 34.5254 44.8219 34.7131 18.2483 22.2036 33.0606 38.9487 46.8722 34.4819 27.0185 32.9848 46.5188 32.28 42.5793 17.4929 13.1529 7.2111 36.0694 40.4475 42.72 34.0147 46.3249 13.0 6.7082 44.3847 16.0312 10.0 
22.6274 0.0 28.0713 13.0384 17.8045 41.0366 20.3961 17.0294 16.0312 28.6531 38.0132 14.0357 2.2361 37.6962 32.6497 14.1421 38.4187 29.1204 31.8904 23.4094 35.4683 35.2278 7.6158 20.5913 22.4722 29.2062 13.1529 3.6056 24.7588 18.2483 30.8058 14.0357 5.099 17.8885 26.3059 16.5529 34.7131 7.0711 14.3178 29.7321 13.4536 26.0 21.1896 15.1327 39.6232 11.7047 25.5539 41.4005 35.3412 17.088 
47.5395 28.0713 0.0 32.6497 42.1545 32.0 8.2462 45.0111 44.0114 16.2788 37.6431 33.121 29.0 39.5601 17.0294 42.0 32.249 6.0 23.3452 11.6619 25.02 44.1022 21.0238 15.6205 13.4536 26.9258 41.0 26.4764 22.8254 10.0499 9.2195 29.5466 27.1662 15.6205 2.8284 15.8114 25.0799 30.3645 34.8855 53.6656 19.3132 12.6491 9.434 13.6015 29.0172 34.5398 47.5079 35.1283 54.8179 44.7214 
15.2971 13.0384 32.6497 0.0 10.0499 33.6155 27.0185 21.2603 20.5183 26.0192 27.6586 1.0 15.0 26.6271 30.0666 19.8494 30.2324 35.805 26.2488 23.5372 29.7321 22.561 17.8885 19.2354 32.0156 21.4709 19.2094 10.4403 18.6815 24.8395 31.5753 27.074 18.1108 17.72 31.9061 17.088 28.7924 6.0 2.2361 21.0238 24.5967 25.1794 29.0 19.4165 33.1059 3.6056 15.0 32.8024 23.6008 16.5529 
5.3852 17.8045 42.1545 10.0499 0.0 42.1545 35.8469 16.1555 15.8114 36.0 34.4093 10.0 18.868 32.6497 40.0125 16.2788 38.4838 44.7772 35.6931 33.541 39.0512 25.807 24.7588 29.2746 39.6989 30.3645 16.1245 17.0294 28.2843 33.6155 41.5933 30.4631 22.4722 27.6586 41.1461 26.9258 38.0789 12.2066 8.0 12.0416 31.1448 35.2278 37.4433 28.6356 42.0595 7.6158 8.2462 40.7063 18.4391 9.434 
46.1736 41.0366 32.0 33.6155 42.1545 0.0 34.9285 54.6443 53.8238 16.2788 11.7047 33.121 43.1856 14.8661 15.0333 52.8015 4.0 38.0 9.8489 22.8035 7.0711 24.5153 39.1152 22.3607 42.9535 12.2066 52.0096 37.4833 16.2788 34.4819 23.0868 51.6236 44.2041 25.0599 34.0588 26.4197 7.2801 37.0135 34.8855 48.6621 42.9535 20.3961 37.855 30.8707 3.1623 37.2156 41.7732 4.2426 43.0465 50.1199 
41.1825 20.3961 8.2462 27.0185 35.8469 34.9285 0.0 37.1214 36.1248 18.6815 38.1182 27.6586 21.095 39.4588 21.0238 34.0588 34.2345 8.9443 25.318 12.1655 27.8927 42.1545 13.0384 14.1421 8.0623 27.074 33.0606 19.3132 22.2036 2.2361 14.8661 21.4709 19.0263 12.6491 6.0 12.083 27.6586 23.7065 29.2062 47.7074 11.1803 14.5602 3.0 7.8102 32.28 28.3019 42.0119 37.3363 50.2096 37.3631 
17.0294 17.0294 45.0111 21.2603 16.1555 54.6443 37.1214 0.0 1.0 44.5982 48.7955 21.9317 16.0312 47.5079 48.7032 3.1623 51.4004 45.5412 46.5296 40.025 50.1199 41.6773 24.0832 36.6879 37.6431 42.4382 4.1231 19.4165 38.9487 35.0571 47.676 22.2036 18.4391 34.2053 43.1045 32.9848 49.2443 17.8885 20.5183 23.1948 28.1603 42.45 37.4833 32.1403 53.8516 17.6918 23.3452 54.037 33.0606 7.0711 
17.0 16.0312 44.0114 20.5183 15.8114 53.8238 36.1248 1.0 0.0 43.6578 48.1041 21.2132 15.0333 46.8615 47.7598 2.2361 50.6063 44.5533 45.6508 39.0512 49.2443 41.1825 23.0868 35.7351 36.6879 41.6173 3.1623 18.4391 38.0789 34.0588 46.6905 21.4009 17.4642 33.2415 42.107 32.0156 48.3735 17.0 19.8494 23.3452 27.2029 41.4849 36.4966 31.1448 53.0 16.9706 23.1948 53.2635 33.0151 7.0 
41.0488 28.6531 16.2788 26.0192 36.0 16.2788 18.6815 44.5982 43.6578 0.0 21.5407 26.0 30.5287 23.7065 4.1231 42.1545 16.0312 22.2036 7.0711 6.7082 9.2195 29.6985 24.7588 8.0623 26.6833 11.4018 41.2311 25.4951 8.9443 18.3848 8.6023 36.8782 30.6105 10.8167 18.0278 12.2066 9.0554 26.9258 28.0 45.7056 27.4591 4.1231 21.587 15.6205 13.6015 29.1548 38.833 19.0 43.8634 41.7732 
37.5899 38.0132 37.6431 27.6586 34.4093 11.7047 38.1182 48.7955 48.1041 21.5407 0.0 26.9072 40.2492 3.1623 22.4722 47.5079 8.0623 43.4166 14.7648 26.4764 14.8661 13.0384 38.3275 24.0208 46.0435 11.0454 46.8615 34.4384 16.0 37.0135 29.9666 50.5964 42.1545 26.0192 39.0512 27.074 14.2127 32.45 28.2843 38.8973 43.566 25.0 41.1096 32.0624 13.8924 31.1448 32.311 8.0623 32.0624 43.2782 
15.1327 14.0357 33.121 1.0 10.0 33.121 27.6586 21.9317 21.2132 26.0 26.9072 0.0 16.0 25.807 30.0167 20.6155 29.6816 36.4005 25.9615 23.7697 29.4109 21.587 18.7883 19.4165 32.8024 21.0238 20.0 11.4018 18.4391 25.4951 31.7805 28.0713 19.105 18.0278 32.45 17.4642 28.4605 7.0 2.0 20.6155 25.4951 25.318 29.6985 20.0 32.6956 4.2426 14.4222 32.2025 22.8035 17.0 
23.4307 2.2361 29.0 15.0 18.868 43.1856 21.095 16.0312 15.0333 30.5287 40.2492 16.0 0.0 39.9249 34.4819 13.0 40.6079 29.6142 33.9706 25.0799 37.5366 37.3363 8.0623 22.4722 22.3607 31.4006 12.0 5.831 26.9072 19.0263 32.28 12.1655 3.6056 19.7231 27.074 18.3576 36.7967 9.0 16.1245 30.6105 13.0384 27.7308 21.587 16.4924 41.7253 13.3417 26.8328 43.6005 36.7696 17.0 
35.5106 37.6962 39.5601 26.6271 32.6497 14.8661 39.4588 47.5079 46.8615 23.7065 3.1623 25.807 39.9249 0.0 25.0 46.4004 11.1803 45.2217 17.2047 28.1603 17.6918 10.0 38.6394 25.318 47.2652 12.6491 45.8039 34.176 17.2627 38.2099 32.249 50.6952 42.0595 27.074 40.8044 28.0179 16.9706 31.7648 27.0185 36.4005 44.1814 26.9258 42.4264 33.0151 17.0 30.0 29.9666 11.1803 29.1548 41.7253 
45.0111 32.6497 17.0294 30.0666 40.0125 15.0333 21.0238 48.7032 47.7598 4.1231 22.4722 30.0167 34.4819 25.0 0.0 46.2385 15.8114 23.0217 7.8102 9.8995 8.2462 32.0156 28.4253 12.083 28.7924 13.6015 45.31 29.5466 12.3693 21.095 8.0623 40.3113 34.4093 14.7648 19.2354 16.1245 8.544 31.0483 32.0156 49.4975 30.6105 7.0711 23.7697 19.105 12.0 33.2415 42.5793 18.4391 47.1699 45.8912 
18.1108 14.1421 42.0 19.8494 16.2788 52.8015 34.0588 3.1623 2.2361 42.1545 47.5079 20.6155 13.0 46.4004 46.2385 0.0 49.679 42.4264 44.4185 37.3631 48.0208 41.1461 21.0238 34.176 34.4819 40.6079 1.0 16.7631 36.8917 32.0156 44.911 19.2094 15.2971 31.6228 40.05 30.3645 47.1699 15.8114 19.4165 24.7386 25.0 39.8497 34.3657 29.2746 51.8652 16.4012 24.0208 52.4023 34.0147 8.2462 
42.3792 38.4187 32.249 30.2324 38.4838 4.0 34.2345 51.4004 50.6063 16.0312 8.0623 29.6816 40.6079 11.1803 15.8114 49.679 0.0 38.2099 9.0 22.0907 7.6158 20.6155 37.1214 20.8806 42.2966 9.2195 48.9183 34.8281 13.8924 33.541 23.7697 49.6488 41.8808 23.4094 34.0588 24.6982 7.2801 33.9706 31.3847 44.7214 41.4367 20.0 37.2156 29.4109 5.831 33.8378 37.855 3.1623 39.0512 46.6476 
50.1199 29.1204 6.0 35.805 44.7772 38.0 8.9443 45.5412 44.5533 22.2036 43.4166 36.4005 29.6142 45.2217 23.0217 42.4264 38.2099 0.0 29.2746 17.088 31.0161 49.2443 21.587 20.5913 9.8489 32.573 41.4367 28.2312 28.2312 11.1803 15.1327 27.6586 27.1662 20.0 4.4721 19.8494 31.0644 32.6497 38.0132 56.6039 18.0278 18.4391 8.0623 16.4012 35.0143 37.2156 50.8035 41.1096 58.7282 46.1736 
40.3113 31.8904 23.3452 26.2488 35.6931 9.8489 25.318 46.5296 45.6508 7.0711 14.7648 25.9615 33.9706 17.2047 7.8102 44.4185 9.0 29.2746 0.0 13.1529 3.6056 24.4131 29.4109 12.53 33.3766 6.3246 43.566 28.4253 7.6158 24.7386 15.2315 41.8808 34.7131 15.2643 25.0799 16.6433 2.8284 28.6531 27.8927 44.0114 33.1059 11.0 28.2843 21.0238 7.8102 29.7321 37.0135 12.0416 40.5216 42.72 
38.833 23.4094 11.6619 23.5372 33.541 22.8035 12.1655 40.025 39.0512 6.7082 26.4764 23.7697 25.0799 28.1603 9.8995 37.3631 22.0907 17.088 13.1529 0.0 15.8114 32.45 18.6011 4.4721 20.2237 15.5242 36.4005 20.6155 11.1803 11.7047 8.0623 30.4138 24.6982 6.0 12.6491 7.0711 15.5242 23.0217 25.7099 44.2719 20.8087 2.8284 15.1327 9.2195 20.2485 26.1725 37.6962 25.1794 44.1022 38.0526 
43.566 35.4683 25.02 29.7321 39.0512 7.0711 27.8927 50.1199 49.2443 9.2195 14.8661 29.4109 37.5366 17.6918 8.2462 48.0208 7.6158 31.0161 3.6056 15.8114 0.0 25.9422 32.8024 15.8114 35.9026 9.0 47.1699 32.0156 11.1803 27.5136 16.2788 45.2217 38.2099 18.6011 27.0185 20.0 1.0 32.249 31.3209 47.0106 36.2353 13.3417 30.8058 24.1868 4.4721 33.2415 40.0125 10.198 42.9535 46.2385 
27.5862 35.2278 44.1022 22.561 25.807 24.5153 42.1545 41.6773 41.1825 29.6985 13.0384 21.587 37.3363 10.0 32.0156 41.1461 20.6155 49.2443 24.4131 32.45 25.9422 0.0 38.1182 28.6531 49.3356 18.4391 40.7185 32.0624 21.4009 40.4969 38.2099 49.0918 40.1123 29.5466 44.7772 30.0832 25.0599 28.4429 22.1359 27.2947 44.4072 32.0156 44.9444 34.7851 26.2488 25.2982 21.4009 21.095 19.2354 35.2278 
29.8329 7.6158 21.0238 17.8885 24.7588 39.1152 13.0384 24.0832 23.0868 24.7588 38.3275 18.7883 8.0623 38.6394 28.4253 21.0238 37.1214 21.587 29.4109 18.6011 32.8024 38.1182 0.0 17.0294 15.0 28.2312 20.025 7.8102 23.2594 11.0 25.0799 12.53 6.3246 14.2127 19.0263 12.8062 32.2025 12.8062 19.7231 36.7967 6.7082 21.4009 13.6015 9.434 37.2022 17.8045 32.0156 40.2492 41.3401 24.6982 
34.5254 20.5913 15.6205 19.2354 29.2746 22.3607 14.1421 36.6879 35.7351 8.0623 24.0208 19.4165 22.4722 25.318 12.083 34.176 20.8806 20.5913 12.53 4.4721 15.8114 28.6531 17.0294 0.0 22.0227 13.0 33.2415 17.4642 8.0623 13.0 12.3693 29.4109 22.6716 2.8284 16.1245 4.2426 15.2643 19.2354 21.3776 39.8497 20.6155 6.0 17.1172 8.544 20.2485 22.0227 33.2415 24.0416 39.6611 34.2345 
44.8219 22.4722 13.4536 32.0156 39.6989 42.9535 8.0623 37.6431 36.6879 26.6833 46.0435 32.8024 22.3607 47.2652 28.7924 34.4819 42.2966 9.8489 33.3766 20.2237 35.9026 49.3356 15.0 22.0227 0.0 35.0143 33.5261 22.6716 30.0666 9.0554 21.9545 18.1108 19.3132 20.2237 10.6301 19.4165 35.6931 27.5862 34.0588 51.7397 9.4868 22.561 5.099 14.5602 40.2616 32.5269 46.6905 45.3982 55.6058 39.3573 
34.7131 29.2062 26.9258 21.4709 30.3645 12.2066 27.074 42.4382 41.6173 11.4018 11.0454 21.0238 31.4006 12.6491 13.6015 40.6079 9.2195 32.573 6.3246 15.5242 9.0 18.4391 28.2312 13.0 35.0143 0.0 39.8246 25.6125 5.099 26.0 20.0 40.7185 32.7567 15.1327 28.1603 16.2788 8.0 24.8395 22.8473 38.0132 32.9848 14.3178 30.0666 21.2132 11.7047 25.0599 31.0161 12.2066 34.2053 38.0132 
18.2483 13.1529 41.0 19.2094 16.1245 52.0096 33.0606 4.1231 3.1623 41.2311 46.8615 20.0 12.0 45.8039 45.31 1.0 48.9183 41.4367 43.566 36.4005 47.1699 40.7185 20.025 33.2415 33.5261 39.8246 0.0 15.8114 36.0555 31.0161 43.9318 18.4391 14.3178 30.6757 39.0512 29.4109 46.3249 15.0 18.868 25.0 24.0416 38.8973 33.3766 28.2843 51.0392 15.8114 24.0 51.6624 34.0588 8.544 
22.2036 3.6056 26.4764 10.4403 17.0294 37.4833 19.3132 19.4165 18.4391 25.4951 34.4384 11.4018 5.831 34.176 29.5466 16.7631 34.8281 28.2312 28.4253 20.6155 32.0156 32.0624 7.8102 17.4642 22.6716 25.6125 15.8114 0.0 21.2132 17.088 28.2843 17.0294 8.0623 14.8661 25.0 13.6015 31.241 5.0 12.083 29.0689 14.4222 23.0868 20.5913 13.0384 36.1248 10.0 24.2074 37.8021 33.6155 18.2483 
33.0606 24.7588 22.8254 18.6815 28.2843 16.2788 22.2036 38.9487 38.0789 8.9443 16.0 18.4391 26.9072 17.2627 12.3693 36.8917 13.8924 28.2312 7.6158 11.1803 11.1803 21.4009 23.2594 8.0623 30.0666 5.099 36.0555 21.2132 0.0 21.0238 17.0294 35.7771 28.0179 10.0499 23.7697 11.1803 10.2956 21.095 20.3961 37.2156 27.8927 10.6301 25.1794 16.1245 15.0 22.1359 30.2655 17.0 34.9285 35.1141 
38.9487 18.2483 10.0499 24.8395 33.6155 34.4819 2.2361 35.0571 34.0588 18.3848 37.0135 25.4951 19.0263 38.2099 21.095 32.0156 33.541 11.1803 24.7386 11.7047 27.5136 40.4969 11.0 13.0 9.0554 26.0 31.0161 17.088 21.0238 0.0 15.6205 20.2485 17.1172 11.1803 8.0623 10.4403 27.2029 21.4709 27.0185 45.4863 10.0 14.3178 4.4721 5.831 31.9531 26.0768 39.8246 36.6742 48.1041 35.171 
46.8722 30.8058 9.2195 31.5753 41.5933 23.0868 14.8661 47.676 46.6905 8.6023 29.9666 31.7805 32.28 32.249 8.0623 44.911 23.7697 15.1327 15.2315 8.0623 16.2788 38.2099 25.0799 12.3693 21.9545 20.0 43.9318 28.2843 17.0294 15.6205 0.0 35.805 31.3847 14.0357 11.7047 15.0 16.4924 31.0 33.7343 52.2015 25.6125 6.7082 17.2047 15.8114 20.025 34.2345 45.5412 26.4764 51.4782 46.0109 
34.4819 14.0357 29.5466 27.074 30.4631 51.6236 21.4709 22.2036 21.4009 36.8782 50.5964 28.0713 12.1655 50.6952 40.3113 19.2094 49.6488 27.6586 41.8808 30.4138 45.2217 49.0918 12.53 29.4109 18.1108 40.7185 18.4391 17.0294 35.7771 20.2485 35.805 0.0 9.0 26.6271 26.9258 25.2389 44.6542 21.095 28.2843 41.6773 10.2956 33.2415 20.2485 21.2603 49.6488 25.4951 38.6264 52.7731 48.7032 26.2488 
27.0185 5.099 27.1662 18.1108 22.4722 44.2041 19.0263 18.4391 17.4642 30.6105 42.1545 19.105 3.6056 42.0595 34.4093 15.2971 41.8808 27.1662 34.7131 24.6982 38.2099 40.1123 6.3246 22.6716 19.3132 32.7567 14.3178 8.0623 28.0179 17.1172 31.3847 9.0 0.0 19.8494 25.02 18.4391 37.5366 12.1655 19.4165 34.2053 9.8489 27.4591 19.105 15.6525 42.5206 16.7631 30.4138 44.9444 40.3113 20.2485 
32.9848 17.8885 15.6205 17.72 27.6586 25.0599 12.6491 34.2053 33.2415 10.8167 26.0192 18.0278 19.7231 27.074 14.7648 31.6228 23.4094 20.0 15.2643 6.0 18.6011 29.5466 14.2127 2.8284 20.2237 15.1327 30.6757 14.8661 10.0499 11.1803 14.0357 26.6271 19.8494 0.0 15.6205 1.4142 18.0278 17.0294 19.9249 38.6264 18.0278 8.2462 15.5242 6.0828 23.0217 20.2237 32.2025 26.5707 39.2046 32.0624 
46.5188 26.3059 2.8284 31.9061 41.1461 34.0588 6.0 43.1045 42.107 18.0278 39.0512 32.45 27.074 40.8044 19.2354 40.05 34.0588 4.4721 25.0799 12.6491 27.0185 44.7772 19.0263 16.1245 10.6301 28.1603 39.0512 25.0 23.7697 8.0623 11.7047 26.9258 25.02 15.6205 0.0 15.5563 27.0 29.1548 34.1321 52.8394 16.7631 14.1421 6.7082 12.53 31.1448 33.541 46.8722 37.0135 54.5619 43.1741 
32.28 16.5529 15.8114 17.088 26.9258 26.4197 12.083 32.9848 32.0156 12.2066 27.074 17.4642 18.3576 28.0179 16.1245 30.3645 24.6982 19.8494 16.6433 7.0711 20.0 30.0832 12.8062 4.2426 19.4165 16.2788 29.4109 13.6015 11.1803 10.4403 15.0 25.2389 18.4391 1.4142 15.5563 0.0 19.4165 16.0 19.3132 38.0789 16.7631 9.4868 14.8661 5.0 24.4131 19.4165 31.7648 27.8568 39.0512 31.0161 
42.5793 34.7131 25.0799 28.7924 38.0789 7.2801 27.6586 49.2443 48.3735 9.0554 14.2127 28.4605 36.7967 16.9706 8.544 47.1699 7.2801 31.0644 2.8284 15.5242 1.0 25.0599 32.2025 15.2643 35.6931 8.0 46.3249 31.241 10.2956 27.2029 16.4924 44.6542 37.5366 18.0278 27.0 19.4165 0.0 31.3847 30.3645 46.0109 35.7771 13.1529 30.5941 23.7065 5.0 32.311 39.0128 10.0499 41.9762 45.31 
17.4929 7.0711 30.3645 6.0 12.2066 37.0135 23.7065 17.8885 17.0 26.9258 32.45 7.0 9.0 31.7648 31.0483 15.8114 33.9706 32.6497 28.6531 23.0217 32.249 28.4429 12.8062 19.2354 27.5862 24.8395 15.0 5.0 21.095 21.4709 31.0 21.095 12.1655 17.0294 29.1548 16.0 31.3847 0.0 7.2801 24.2074 19.4165 25.1794 25.2389 16.7631 36.0555 5.0 19.2094 36.7696 28.6531 15.0333 
13.1529 14.3178 34.8855 2.2361 8.0 34.8855 29.2062 20.5183 19.8494 28.0 28.2843 2.0 16.1245 27.0185 32.0156 19.4165 31.3847 38.0132 27.8927 25.7099 31.3209 22.1359 19.7231 21.3776 34.0588 22.8473 18.868 12.083 20.3961 27.0185 33.7343 28.2843 19.4165 19.9249 34.1321 19.3132 30.3645 7.2801 0.0 18.7883 26.4197 27.2947 31.1448 21.6333 34.5398 3.1623 12.8062 33.8378 21.6333 15.2643 
7.2111 29.7321 53.6656 21.0238 12.0416 48.6621 47.7074 23.1948 23.3452 45.7056 38.8973 20.6155 30.6105 36.4005 49.4975 24.7386 44.7214 56.6039 44.0114 44.2719 47.0106 27.2947 36.7967 39.8497 51.7397 38.0132 25.0 29.0689 37.2156 45.4863 52.2015 41.6773 34.2053 38.6264 52.8394 38.0789 46.0109 24.2074 18.7883 0.0 43.1393 45.607 49.4065 40.3113 49.2544 19.4165 7.0 46.3249 11.1803 16.4924 
36.0694 13.4536 19.3132 24.5967 31.1448 42.9535 11.1803 28.1603 27.2029 27.4591 43.566 25.4951 13.0384 44.1814 30.6105 25.0 41.4367 18.0278 33.1059 20.8087 36.2353 44.4072 6.7082 20.6155 9.4868 32.9848 24.0416 14.4222 27.8927 10.0 25.6125 10.2956 9.8489 18.0278 16.7631 16.7631 35.7771 19.4165 26.4197 43.1393 0.0 23.6008 10.198 12.083 40.7063 24.4131 38.6005 44.5982 48.0208 30.0167 
40.4475 26.0 12.6491 25.1794 35.2278 20.3961 14.5602 42.45 41.4849 4.1231 25.0 25.318 27.7308 26.9258 7.0711 39.8497 20.0 18.4391 11.0 2.8284 13.3417 32.0156 21.4009 6.0 22.561 14.3178 38.8973 23.0868 10.6301 14.3178 6.7082 33.2415 27.4591 8.2462 14.1421 9.4868 13.1529 25.1794 27.2947 45.607 23.6008 0.0 17.4642 12.0416 17.72 28.0179 38.8973 23.0217 44.7772 40.1995 
42.72 21.1896 9.434 29.0 37.4433 37.855 3.0 37.4833 36.4966 21.587 41.1096 29.6985 21.587 42.4264 23.7697 34.3657 37.2156 8.0623 28.2843 15.1327 30.8058 44.9444 13.6015 17.1172 5.099 30.0666 33.3766 20.5913 25.1794 4.4721 17.2047 20.2485 19.105 15.5242 6.7082 14.8661 30.5941 25.2389 31.1448 49.4065 10.198 17.4642 0.0 10.2956 35.171 30.0 43.9318 40.3113 52.4023 38.2753 
34.0147 15.1327 13.6015 19.4165 28.6356 30.8707 7.8102 32.1403 31.1448 15.6205 32.0624 20.0 16.4924 33.0151 19.105 29.2746 29.4109 16.4012 21.0238 9.2195 24.1868 34.7851 9.434 8.544 14.5602 21.2132 28.2843 13.0384 16.1245 5.831 15.8114 21.2603 15.6525 6.0828 12.53 5.0 23.7065 16.7631 21.6333 40.3113 12.083 12.0416 10.2956 0.0 28.6531 21.0238 34.4093 32.573 42.4264 31.257 
46.3249 39.6232 29.0172 33.1059 42.0595 3.1623 32.28 53.8516 53.0 13.6015 13.8924 32.6956 41.7253 17.0 12.0 51.8652 5.831 35.0143 7.8102 20.2485 4.4721 26.2488 37.2022 20.2485 40.2616 11.7047 51.0392 36.1248 15.0 31.9531 20.025 49.6488 42.5206 23.0217 31.1448 24.4131 5.0 36.0555 34.5398 49.2544 40.7063 17.72 35.171 28.6531 0.0 36.6742 42.2966 7.2111 44.2832 49.6588 
13.0 11.7047 34.5398 3.6056 7.6158 37.2156 28.3019 17.6918 16.9706 29.1548 31.1448 4.2426 13.3417 30.0 33.2415 16.4012 33.8378 37.2156 29.7321 26.1725 33.2415 25.2982 17.8045 22.0227 32.5269 25.0599 15.8114 10.0 22.1359 26.0768 34.2345 25.4951 16.7631 20.2237 33.541 19.4165 32.311 5.0 3.1623 19.4165 24.4131 28.0179 30.0 21.0238 36.6742 0.0 14.2127 36.4005 23.7065 13.0 
6.7082 25.5539 47.5079 15.0 8.2462 41.7732 42.0119 23.3452 23.1948 38.833 32.311 14.4222 26.8328 29.9666 42.5793 24.0208 37.855 50.8035 37.0135 37.6962 40.0125 21.4009 32.0156 33.2415 46.6905 31.0161 24.0 24.2074 30.2655 39.8246 45.5412 38.6264 30.4138 32.2025 46.8722 31.7648 39.0128 19.2094 12.8062 7.0 38.6005 38.8973 43.9318 34.4093 42.2966 14.2127 0.0 39.5601 10.198 16.2788 
44.3847 41.4005 35.1283 32.8024 40.7063 4.2426 37.3363 54.037 53.2635 19.0 8.0623 32.2025 43.6005 11.1803 18.4391 52.4023 3.1623 41.1096 12.0416 25.1794 10.198 21.095 40.2492 24.0416 45.3982 12.2066 51.6624 37.8021 17.0 36.6742 26.4764 52.7731 44.9444 26.5707 37.0135 27.8568 10.0499 36.7696 33.8378 46.3249 44.5982 23.0217 40.3113 32.573 7.2111 36.4005 39.5601 0.0 40.0125 49.0918 
16.0312 35.3412 54.8179 23.6008 18.4391 43.0465 50.2096 33.0606 33.0151 43.8634 32.0624 22.8035 36.7696 29.1548 47.1699 34.0147 39.0512 58.7282 40.5216 44.1022 42.9535 19.2354 41.3401 39.6611 55.6058 34.2053 34.0588 33.6155 34.9285 48.1041 51.4782 48.7032 40.3113 39.2046 54.5619 39.0512 41.9762 28.6531 21.6333 11.1803 48.0208 44.7772 52.4023 42.4264 44.2832 23.7065 10.198 40.0125 0.0 26.0192 
10.0 17.088 44.7214 16.5529 9.434 50.1199 37.3631 7.0711 7.0 41.7732 43.2782 17.0 17.0 41.7253 45.8912 8.2462 46.6476 46.1736 42.72 38.0526 46.2385 35.2278 24.6982 34.2345 39.3573 38.0132 8.544 18.2483 35.1141 35.171 46.0109 26.2488 20.2485 32.0624 43.1741 31.0161 45.31 15.0333 15.2643 16.4924 30.0167 40.1995 38.2753 31.257 49.6588 13.0 16.2788 49.0918 26.0192 0.0 
