70
0.0 34.0 33.9706 13.4164 26.4197 16.1555 34.4819 14.3178 7.2111 10.4403 8.9443 26.9258 19.2354 32.28 34.5254 36.4005 11.4018 16.4012 11.0454 29.9666 40.3113 35.4683 24.1868 55.3173 26.6271 25.4951 27.6586 42.19 32.6956 23.2594 39.5601 19.9249 15.8114 45.0999 35.4683 44.0454 28.4253 33.7343 37.0135 54.5619 39.5601 6.4031 21.4009 37.4833 17.0 43.566 45.1885 32.6497 36.7696 43.6807 26.5707 31.9061 23.0868 41.0366 48.1041 27.6586 27.2947 36.6742 34.8281 34.4093 29.1204 31.9531 17.0294 27.5862 32.9848 27.7849 21.3776 16.1245 45.0 12.1655 
34.0 0.0 67.424 47.4131 60.4152 50.0899 60.0083 44.1475 40.4969 37.4833 41.6173 60.9016 14.7648 25.02 64.7765 15.2643 43.0116 35.2278 41.1096 29.1548 12.0416 63.0714 9.8489 70.9366 16.1555 43.382 26.4008 42.8019 3.0 54.4885 26.4008 24.5967 49.6588 43.9318 13.0384 12.6491 39.8497 40.7185 7.0711 70.5762 29.0689 35.7351 31.7805 31.8904 51.0 35.4683 27.313 59.0085 4.4721 49.3964 60.4152 17.0294 52.7731 14.1421 55.2268 60.6053 58.2495 49.0408 53.1507 51.4198 62.7694 43.3244 19.2354 36.4005 66.4831 59.4643 50.2494 48.4149 41.7253 28.2843 
33.9706 67.424 0.0 21.4009 10.198 19.7231 40.3113 31.3847 27.0185 30.8707 25.807 9.2195 52.8015 57.7235 30.3645 70.0928 29.5296 36.4005 26.8328 52.9528 74.2765 36.8782 57.8014 65.9242 60.208 36.0 58.8303 68.3081 65.7343 15.1327 71.5612 47.1699 20.5913 71.4703 69.3109 77.9872 43.0116 58.8218 70.9366 64.9384 70.8308 35.0 43.1741 67.5352 18.0278 73.3485 77.666 38.2099 69.6419 66.2873 14.0 65.2993 30.1496 74.9533 68.469 7.2801 27.074 56.7186 50.0899 51.2445 15.2971 54.8179 50.9117 45.1774 16.5529 11.0454 21.095 19.2354 72.45 44.2041 
13.4164 47.4131 21.4009 0.0 13.0384 3.0 29.2062 12.0416 8.0 15.5242 8.2462 13.6015 32.6497 43.1045 25.0599 48.7955 9.0554 23.0868 12.083 39.6232 53.2635 28.3196 37.5899 53.6656 38.8973 28.6007 37.5899 48.6621 46.0977 15.1327 50.2494 31.0 3.1623 51.788 48.1041 57.2014 34.0 39.3192 50.2195 52.7731 49.6488 13.6015 29.8329 46.6154 3.6056 52.5547 56.3028 27.0185 50.1597 48.0 13.3417 43.9318 16.4012 53.8145 51.2445 16.1555 18.0278 39.2046 34.4819 34.9285 16.1245 36.0139 29.8329 34.5398 20.0998 18.1108 17.0 8.9443 52.3927 22.8035 
26.4197 60.4152 10.198 13.0384 0.0 10.6301 30.8058 21.4709 20.2485 26.1725 19.6469 1.0 45.6508 54.1479 21.9545 61.5549 20.0 33.0 22.0907 50.0 66.2193 27.8568 50.6063 56.5155 51.6624 35.4401 49.4065 58.1893 59.0339 15.2643 62.2013 42.5793 11.3137 61.3514 60.959 70.214 41.9762 48.7032 63.2456 55.5428 61.2944 26.1725 40.0 57.8014 9.434 63.5295 68.4105 28.6356 63.0714 56.0892 4.4721 56.5685 20.025 66.7083 58.3095 9.434 17.4642 46.5296 40.0125 41.1096 7.0711 44.643 42.8019 43.4166 10.2956 14.2127 20.6155 15.0333 62.3939 35.3553 
16.1555 50.0899 19.7231 3.0 10.6301 0.0 27.4591 12.1655 11.0 18.4391 11.1803 11.3137 35.3412 46.0977 22.4722 50.9313 9.8489 25.9615 14.8661 42.5793 55.6058 26.1725 40.2492 52.3927 41.0366 31.0644 39.1152 49.2443 48.8467 15.8114 51.8652 34.0 1.0 52.3927 50.3289 59.6406 36.6742 39.8121 52.6972 51.4782 51.1077 15.5563 32.7567 47.8539 2.0 53.7122 58.0086 25.2389 52.9245 48.0937 10.4403 45.9674 14.7648 56.0803 51.0392 15.2971 15.6205 39.0128 33.7343 34.3657 13.1529 36.2215 32.2025 37.3363 17.1172 18.0278 18.6011 10.6301 53.1601 24.7588 
34.4819 60.0083 40.3113 29.2062 30.8058 27.4591 0.0 20.2485 34.7131 42.638 36.0694 31.7805 47.676 66.3099 11.7047 53.3667 23.6008 50.0 40.3113 64.4127 60.0167 5.0 51.2445 25.7099 45.2769 57.28 37.3631 36.0694 60.1332 42.9418 48.3322 54.1295 26.6271 38.8973 53.9351 64.9384 61.8466 28.0179 59.3043 24.7386 46.0652 28.6356 55.7584 41.1825 29.1548 45.2217 54.5619 2.2361 64.0703 30.8058 26.4764 48.0521 12.8062 59.439 30.8707 39.8497 13.3417 21.2603 12.8062 14.8661 25.0799 23.0217 41.1947 61.6117 25.0799 44.0114 46.0435 38.0132 41.0366 32.3883 
14.3178 44.1475 31.3847 12.0416 21.4709 12.1655 20.2485 0.0 15.0 22.6274 16.6433 22.3607 30.1496 46.4866 21.0 41.8808 3.6056 29.8329 20.8087 44.2832 47.4131 21.1896 34.5254 42.72 32.249 37.6431 28.3196 37.108 43.566 27.1662 41.1096 34.176 11.1803 40.2616 41.6773 51.8941 41.7732 27.6586 45.31 41.8808 40.0 9.0554 35.5106 36.3593 14.1421 42.0595 47.4236 18.3576 47.676 36.0139 19.2094 36.6197 9.0554 47.5079 39.2046 27.4591 14.1421 27.1662 22.8473 23.0868 20.5183 24.0832 25.0 41.4005 23.6008 30.0167 28.4605 20.6155 41.1096 16.1555 
7.2111 40.4969 27.0185 8.0 20.2485 11.0 34.7131 15.0 0.0 8.0623 2.0 20.6155 25.807 35.1283 32.311 43.6005 11.4018 15.6525 5.831 31.7805 47.3814 34.6699 30.8058 57.6888 33.8378 22.6716 34.4819 48.0 38.9487 16.1555 46.6154 23.0 11.0454 51.0098 42.638 50.9902 27.2029 39.1152 43.9318 56.8595 46.4866 11.0 22.1359 44.1475 11.1803 50.2195 52.3259 32.6497 42.9418 48.6621 21.2132 39.1152 22.2036 48.1664 52.6308 20.5183 25.0799 40.8044 37.5899 37.5766 24.0832 36.6742 24.2074 27.2947 28.0713 20.5913 15.0 8.9443 51.1566 18.9737 
10.4403 37.4833 30.8707 15.5242 26.1725 18.4391 42.638 22.6274 8.0623 0.0 7.2801 26.3059 23.6008 28.0179 40.3113 43.382 19.105 7.6158 4.1231 24.1868 46.0435 42.72 28.4253 65.0 34.176 15.2643 37.1214 52.469 35.4683 17.0294 48.2701 16.4924 18.6815 55.3263 42.0595 49.0408 19.2094 44.1475 42.0119 64.2028 48.6621 16.5529 14.3178 47.0956 18.1108 53.1507 53.4509 40.6079 39.2046 54.1202 28.0179 39.5601 30.2324 47.1699 58.5235 23.7065 33.1059 47.0106 44.6542 44.4185 31.0644 42.3792 24.3516 19.2354 35.0571 22.0227 13.0384 11.7047 55.0818 22.0227 
8.9443 41.6173 25.807 8.2462 19.6469 11.1803 36.0694 16.6433 2.0 7.2801 0.0 19.9249 27.0185 35.0143 33.1059 45.2217 13.0384 14.8661 4.2426 31.4006 48.8365 35.805 32.0156 59.3633 35.5106 21.2132 36.4005 50.0 39.9625 14.3178 48.4665 23.0868 11.4018 53.0094 44.2041 52.345 26.0768 41.1096 45.2769 58.5235 48.3839 13.0 21.587 46.0977 11.0 52.1728 54.1295 33.9706 43.909 50.636 21.0238 40.8167 23.4307 49.679 54.5711 19.105 25.9422 42.72 39.3573 39.3954 24.0 38.6394 25.807 26.4008 28.0 18.868 13.0 7.2111 53.1507 20.8806 
26.9258 60.9016 9.2195 13.6015 1.0 11.3137 31.7805 22.3607 20.6155 26.3059 19.9249 0.0 46.1411 54.231 22.8254 62.2415 20.8087 33.0151 22.2036 50.01 66.8431 28.7924 51.1077 57.4891 52.345 35.171 50.2195 59.1354 59.4811 14.7648 63.0079 42.7551 12.0416 62.2977 61.6198 70.8025 41.7732 49.6488 63.8201 56.5155 62.1289 26.8701 40.0125 58.6686 10.0 64.4127 69.2026 29.6142 63.5059 57.0701 5.3852 57.28 21.0238 67.3573 59.3043 8.6023 18.4391 47.5184 41.0122 42.107 7.8102 45.607 43.4166 43.2897 10.8167 13.4536 20.2485 15.0 63.3246 36.0694 
19.2354 14.7648 52.8015 32.6497 45.6508 35.3412 47.676 30.1496 25.807 23.6008 27.0185 46.1411 0.0 22.8035 51.0882 20.6155 28.6356 23.0868 26.9072 24.1661 22.4722 50.1597 5.0 62.434 13.1529 32.5576 21.095 39.1152 13.6015 40.3609 28.1603 15.1327 34.9285 41.1825 18.9737 25.4951 31.0161 33.9411 18.4391 61.9112 29.6142 21.3776 22.0 30.0832 36.2353 35.4401 32.0624 46.3897 17.72 43.9318 45.6946 18.0 39.0512 23.7065 49.5177 46.0977 44.2832 40.8044 42.9535 41.5933 48.1041 35.0 7.2111 28.1603 51.8652 45.2769 36.6197 33.9706 39.8121 15.2971 
32.28 25.02 57.7235 43.1045 54.1479 46.0977 66.3099 46.4866 35.1283 28.0179 35.0143 54.231 22.8035 0.0 66.7083 39.0512 43.6807 21.3776 32.0624 5.6569 37.054 67.6757 23.2594 84.2021 34.8855 24.4131 43.8292 61.8547 22.0227 42.72 49.0408 12.3693 46.1736 63.8122 36.8782 37.1214 18.3848 56.6392 32.0624 83.6002 51.0784 37.6962 14.5602 52.3546 46.0109 57.2713 51.4198 64.622 23.1948 66.7083 56.0 38.6264 55.3624 39.1152 72.2496 50.448 59.439 63.0317 64.0703 63.0079 59.0085 57.3149 29.7321 14.8661 63.0079 47.4342 37.0 39.3192 62.2656 35.805 
34.5254 64.7765 30.3645 25.0599 21.9545 22.4722 11.7047 21.0 32.311 40.3113 33.1059 22.8254 51.0882 66.7083 0.0 60.5392 23.1948 47.927 37.1214 63.8905 66.7308 7.0711 55.3263 36.0555 51.5461 53.535 45.1774 46.8615 64.3817 36.1248 57.1402 54.3415 21.9545 49.8197 60.7454 71.4703 59.0593 38.1838 65.2534 35.0571 55.2178 30.0167 54.4243 50.6063 23.6008 55.2268 63.5138 10.2956 68.469 42.19 17.4929 55.1543 12.0416 66.4831 42.5441 31.3847 7.2801 32.45 24.1868 26.0768 15.2315 33.2415 45.5412 59.5063 14.1421 36.0555 40.3609 32.8024 51.7397 36.4966 
36.4005 15.2643 70.0928 48.7955 61.5549 50.9313 53.3667 41.8808 43.6005 43.382 45.2217 62.2415 20.6155 39.0512 60.5392 0.0 42.0119 43.6807 46.1411 42.2966 7.0711 57.28 17.0294 59.439 9.8995 53.1507 16.1245 29.0689 17.8885 59.3633 11.3137 35.1283 50.2494 29.6816 2.2361 12.0416 51.1566 29.2746 9.2195 59.2284 14.2127 35.3836 42.2966 17.8885 52.3259 20.5183 12.3693 52.8867 19.2094 36.4005 60.4401 5.3852 49.1935 6.0828 42.1545 64.0312 55.0091 38.2099 44.0454 42.0119 62.2013 33.0151 19.4165 48.0416 65.4599 64.0703 56.356 52.4309 27.2029 26.2488 
11.4018 43.0116 29.5296 9.0554 20.0 9.8489 23.6008 3.6056 11.4018 19.105 13.0384 20.8087 28.6356 43.6807 23.1948 42.0119 0.0 26.4008 17.2047 41.2311 47.1699 24.1661 33.2415 46.3249 32.2025 34.0588 29.4109 39.6232 42.2019 24.0208 42.2019 31.3209 8.9443 42.7551 41.6173 51.4782 38.2884 30.2655 44.7214 45.4863 41.3401 7.2801 32.249 38.0132 11.7047 43.8634 48.4149 21.6333 46.3249 39.0128 18.4391 36.8782 11.7047 47.4342 42.4264 25.0 16.0312 30.4138 26.4008 26.5707 20.2485 27.0 24.1661 38.0132 23.7065 27.1662 25.0 17.2627 43.4166 15.8114 
16.4012 35.2278 36.4005 23.0868 33.0 25.9615 50.0 29.8329 15.6525 7.6158 14.8661 33.0151 23.0868 21.3776 47.927 43.6807 26.4008 0.0 11.1803 17.0 45.1885 50.2494 27.313 71.7008 35.3553 10.0499 40.1995 56.7539 32.8024 21.5407 50.1597 11.4018 26.2488 59.439 42.0595 47.5079 12.0416 49.0408 40.7063 70.9366 51.0098 22.8035 7.0 50.1597 25.4951 56.0803 54.7449 48.0104 36.1248 59.2368 35.2278 40.6079 37.7359 46.6154 63.9766 29.1204 40.7185 52.8394 51.225 50.8035 38.3275 47.8539 26.0192 11.6619 42.2966 26.4008 16.1245 18.0278 58.8558 26.2488 
11.0454 41.1096 26.8328 12.083 22.0907 14.8661 40.3113 20.8087 5.831 4.1231 4.2426 22.2036 26.9072 32.0624 37.1214 46.1411 17.2047 11.1803 0.0 28.0713 49.2037 40.0 31.8277 63.5138 36.6742 16.9706 38.6394 53.0848 39.2046 13.4536 50.2892 20.6155 15.2315 56.0357 44.9444 52.4023 21.9545 44.4072 45.3431 62.6817 50.448 16.2788 18.1108 48.5077 14.3178 54.5894 55.7136 38.2099 43.0116 54.1295 24.0832 42.0476 27.6586 50.2195 58.2409 19.7231 30.0167 46.4866 43.4166 43.382 27.1662 42.2019 26.8328 22.4722 31.1448 18.3848 10.4403 7.6158 56.0089 23.1948 
29.9666 29.1548 52.9528 39.6232 50.0 42.5793 64.4127 44.2832 31.7805 24.1868 31.4006 50.01 24.1661 5.6569 63.8905 42.2966 41.2311 17.0 28.0713 0.0 41.0488 65.3911 25.7099 83.6301 37.0 18.868 45.1774 63.1348 26.1725 37.855 51.6624 10.6301 42.7551 65.2993 40.1995 41.5933 12.7279 57.2014 36.0555 82.9759 53.4509 35.8469 10.0 54.231 42.2966 59.4643 54.5894 62.6099 27.8927 67.424 52.1536 41.2311 52.9245 43.0116 72.8011 45.7056 56.6127 62.9682 63.2535 62.3699 55.2268 57.3847 30.5287 9.2195 59.2115 42.45 32.0156 35.0143 63.9766 35.3553 
40.3113 12.0416 74.2765 53.2635 66.2193 55.6058 60.0167 47.4131 47.3814 46.0435 48.8365 66.8431 22.4722 37.054 66.7308 7.0711 47.1699 45.1885 49.2037 41.0488 0.0 63.7887 17.8885 66.4906 15.2315 54.0833 23.0217 35.8469 15.0333 62.6259 17.4929 35.4401 55.0 36.2353 6.0828 5.0 51.1957 36.3456 5.0 66.2873 20.5913 40.2244 42.72 24.6982 56.8507 26.6271 16.4012 59.439 14.8661 43.3244 65.4599 12.0416 55.1543 2.2361 49.0408 67.897 60.9262 45.2769 51.0098 49.0 67.4166 40.05 23.4307 47.8539 70.8308 67.4759 59.0762 55.9732 33.6155 31.3847 
35.4683 63.0714 36.8782 28.3196 27.8568 26.1725 5.0 21.1896 34.6699 42.72 35.805 28.7924 50.1597 67.6757 7.0711 57.28 24.1661 50.2494 40.0 65.3911 63.7887 0.0 54.0093 29.1548 48.8365 56.8507 41.4367 41.0122 63.0 41.0488 52.7731 55.3624 25.4558 43.8634 57.7235 68.6586 61.8547 32.8024 62.8013 28.1603 50.6063 30.0832 56.356 45.793 27.6586 50.0 59.0593 4.4721 67.0075 35.805 23.4094 51.923 12.53 63.3246 35.7771 37.1618 10.8167 26.2488 17.8045 19.8494 21.587 27.8029 44.0 61.9112 21.0238 41.5933 44.6878 36.7967 45.9674 35.0143 
24.1868 9.8489 57.8014 37.5899 50.6063 40.2492 51.2445 34.5254 30.8058 28.4253 32.0156 51.1077 5.0 23.2594 55.3263 17.0294 33.2415 27.313 31.8277 25.7099 17.8885 54.0093 0.0 64.4127 11.6619 36.4005 21.2132 39.0512 9.0554 45.2769 25.9615 18.1108 39.8121 40.8044 15.1327 20.6155 34.1321 35.0 13.6015 63.9531 27.8568 25.9615 25.318 29.1548 41.1825 34.0147 29.0689 50.0899 13.1529 44.5982 50.5668 15.5242 43.2897 19.3132 50.3289 51.0882 48.6621 42.5441 45.5412 44.0114 52.9245 36.7151 10.0499 31.0161 56.648 50.2096 41.4005 38.9487 39.1152 19.0 
55.3173 70.9366 65.9242 53.6656 56.5155 52.3927 25.7099 42.72 57.6888 65.0 59.3633 57.4891 62.434 84.2021 36.0555 59.439 46.3249 71.7008 63.5138 83.6301 66.4906 29.1548 64.4127 0.0 54.7814 80.2122 44.5982 32.0 72.0902 68.1542 50.2494 73.0 51.4782 33.1361 60.8769 71.3863 83.7377 30.3645 67.72 1.0 47.1699 48.9183 76.3806 42.2966 54.231 43.0116 55.0091 27.8927 75.3923 24.0 52.1728 55.0818 37.6962 65.1153 19.2354 65.521 39.0512 21.9317 20.5183 21.2603 50.636 27.7308 55.2268 82.807 50.1597 69.5701 70.6612 62.6099 36.1248 48.4149 
26.6271 16.1555 60.208 38.8973 51.6624 41.0366 45.2769 32.249 33.8378 34.176 35.5106 52.345 13.1529 34.8855 51.5461 9.8995 32.2025 35.3553 36.6742 37.0 15.2315 48.8365 11.6619 54.7814 0.0 45.1774 10.2956 27.5862 17.4929 49.7393 15.0333 28.2843 40.3609 29.2062 9.434 19.9249 44.1022 24.5967 14.0357 54.4243 16.4924 25.4951 35.0571 17.4929 42.4264 22.4722 19.4165 44.5533 20.6155 33.6006 50.6063 5.3852 39.9249 15.2643 39.4081 54.2033 45.6946 32.8938 37.3363 35.5106 52.4309 27.2029 9.8489 41.3038 55.7584 54.3783 47.0106 42.72 27.4591 16.4012 
25.4951 43.382 36.0 28.6007 35.4401 31.0644 57.28 37.6431 22.6716 15.2643 21.2132 35.171 32.5576 24.4131 53.535 53.1507 34.0588 10.0499 16.9706 18.868 54.0833 56.8507 36.4005 80.2122 45.1774 0.0 50.2494 66.7083 40.7063 21.095 60.075 18.7883 31.6228 69.4262 51.4198 55.9464 7.0711 58.8218 49.3964 79.404 61.0 31.7648 11.6619 60.208 30.0167 66.1211 64.4981 55.1725 43.566 68.9493 38.6264 50.3587 44.5982 55.6597 73.5391 29.0689 46.6154 62.1691 59.9083 59.6825 41.7852 57.3847 36.0 9.8489 45.5412 25.02 15.1327 21.0238 68.884 36.1386 
27.6586 26.4008 58.8303 37.5899 49.4065 39.1152 37.3631 28.3196 34.4819 37.1214 36.4005 50.2195 21.095 43.8292 45.1774 16.1245 29.4109 40.1995 38.6394 45.1774 23.0217 41.4367 21.2132 44.5982 10.2956 50.2494 0.0 18.0278 27.7849 50.5964 12.8062 35.4683 38.2753 20.1246 17.0 28.0179 50.448 14.3178 23.3452 44.2719 12.083 24.1661 41.4849 10.0 40.8167 16.0312 19.105 37.0 30.8707 23.4307 47.5079 11.0 34.4093 22.2036 29.2062 53.6656 40.2244 22.8035 28.0 26.0192 48.7955 17.2627 14.8661 48.0833 51.6624 54.7814 49.0306 43.3244 18.9737 15.5242 
42.19 42.8019 68.3081 48.6621 58.1893 49.2443 36.0694 37.108 48.0 52.469 50.0 59.1354 39.1152 61.8547 46.8615 29.0689 39.6232 56.7539 53.0848 63.1348 35.8469 41.0122 39.0512 32.0 27.5862 66.7083 18.0278 0.0 44.6878 63.2851 18.6815 53.2259 48.2701 3.1623 30.8869 40.4969 67.6757 9.4868 38.0789 32.0156 15.5242 37.0 58.8727 11.1803 51.1957 11.0454 23.0217 36.7967 47.2017 8.0 55.1543 25.807 39.3573 34.176 13.3417 64.5368 44.4185 15.0 23.4307 21.2603 55.4617 13.8924 32.6497 65.5515 57.3062 66.7533 63.0 56.1427 5.0 30.5941 
32.6956 3.0 65.7343 46.0977 59.0339 48.8467 60.1332 43.566 38.9487 35.4683 39.9625 59.4811 13.6015 22.0227 64.3817 17.8885 42.2019 32.8024 39.2046 26.1725 15.0333 63.0 9.0554 72.0902 17.4929 40.7063 27.7849 44.6878 0.0 52.4976 28.8444 21.9545 48.4665 45.9674 15.6525 15.5242 37.0 42.0595 10.0499 71.6938 31.4006 34.9285 29.0689 33.9411 49.6588 37.8021 30.0832 59.0339 4.1231 51.0392 59.2368 19.105 52.345 17.1172 56.8595 58.8218 57.7062 50.1597 53.8516 52.2015 61.6847 44.3847 19.0 33.5261 65.4599 57.4891 48.0833 46.6154 43.8634 28.0179 
23.2594 54.4885 15.1327 15.1327 15.2643 15.8114 42.9418 27.1662 16.1555 17.0294 14.3178 14.7648 40.3609 42.72 36.1248 59.3633 24.0208 21.5407 13.4536 37.855 62.6259 41.0488 45.2769 68.1542 49.7393 21.095 50.5964 63.2851 52.4976 0.0 62.7694 32.6497 16.7631 66.3702 58.2495 65.8559 28.0179 54.0833 58.7963 67.2309 62.6259 26.6833 28.1603 60.1664 13.9284 66.2193 68.4471 40.7063 56.2228 63.0317 19.2094 55.0727 30.4631 63.6003 66.3702 8.0 30.2324 54.3323 49.4773 50.01 22.2036 51.0098 39.9625 30.0666 25.5539 5.0 6.0 7.2801 66.7533 35.1141 
39.5601 26.4008 71.5612 50.2494 62.2013 51.8652 48.3322 41.1096 46.6154 48.2701 48.4665 63.0079 28.1603 49.0408 57.1402 11.3137 42.2019 50.1597 50.2892 51.6624 17.4929 52.7731 25.9615 50.2494 15.0333 60.075 12.8062 18.6815 28.8444 62.7694 0.0 43.2897 51.0392 18.7883 13.4536 21.9317 59.1354 21.3776 20.5183 50.1597 3.1623 36.7151 50.0899 8.0 53.535 9.2195 6.4031 48.3011 30.4795 26.4764 60.3075 10.4403 46.8615 15.6525 32.0156 66.242 52.6308 30.2655 37.3631 35.171 61.5549 25.9615 24.1868 56.3205 64.3506 67.1193 60.7289 55.5428 16.1245 27.7308 
19.9249 24.5967 47.1699 31.0 42.5793 34.0 54.1295 34.176 23.0 16.4924 23.0868 42.7551 15.1327 12.3693 54.3415 35.1283 31.3209 11.4018 20.6155 10.6301 35.4401 55.3624 18.1108 73.0 28.2843 18.7883 35.4683 53.2259 21.9545 32.6497 43.2897 0.0 34.0147 55.5428 33.2415 37.1618 16.0312 46.8722 30.6757 72.3464 44.7214 25.4951 7.2801 44.9222 34.0588 50.448 47.0 52.3927 25.0 57.1402 44.1022 33.0606 43.0116 37.108 62.426 39.9249 47.0744 52.4023 52.6308 51.7397 47.0425 46.8615 20.6155 13.0384 51.0392 37.5899 27.4591 28.1603 54.4243 24.7588 
15.8114 49.6588 20.5913 3.1623 11.3137 1.0 26.6271 11.1803 11.0454 18.6815 11.4018 12.0416 34.9285 46.1736 21.9545 50.2494 8.9443 26.2488 15.2315 42.7551 55.0 25.4558 39.8121 51.4782 40.3609 31.6228 38.2753 48.2701 48.4665 16.7631 51.0392 34.0147 0.0 51.4198 49.679 59.0762 37.1214 38.833 52.1536 50.5668 50.2494 14.8661 32.9848 46.9574 3.0 52.8015 57.2014 24.4131 52.5547 47.0956 10.7703 45.2548 13.8924 55.4437 50.04 16.2788 15.0 38.0132 32.7567 33.3766 13.3417 35.2278 31.6228 37.6962 17.2627 19.0263 19.4165 11.4018 52.2015 24.0416 
45.0999 43.9318 71.4703 51.788 61.3514 52.3927 38.8973 40.2616 51.0098 55.3263 53.0094 62.2977 41.1825 63.8122 49.8197 29.6816 42.7551 59.439 56.0357 65.2993 36.2353 43.8634 40.8044 33.1361 29.2062 69.4262 20.1246 3.1623 45.9674 66.3702 18.7883 55.5428 51.4198 0.0 31.6228 40.7185 70.214 12.6491 38.833 33.2415 15.6525 40.0125 61.3514 12.0416 54.3415 10.198 22.3607 39.6989 48.2701 9.4868 58.3095 26.9072 42.4853 34.4384 14.0 67.6831 47.5079 17.6918 26.1725 24.0416 58.6003 17.0 34.9285 68.0074 60.4152 69.8713 66.0076 59.2115 3.0 33.3766 
35.4683 13.0384 69.3109 48.1041 60.959 50.3289 53.9351 41.6773 42.638 42.0595 44.2041 61.6198 18.9737 36.8782 60.7454 2.2361 41.6173 42.0595 44.9444 40.1995 6.0828 57.7235 15.1327 60.8769 9.434 51.4198 17.0 30.8869 15.6525 58.2495 13.4536 33.2415 49.679 31.6228 0.0 11.0454 49.2544 30.5941 7.2111 60.6383 16.2788 34.8281 40.4475 19.7231 51.6624 22.6274 14.5602 53.3667 17.0294 38.0789 60.0 6.0 49.2443 5.831 43.8634 63.1269 55.0364 39.4588 45.0 43.0116 61.8547 34.1321 18.4391 46.0977 65.192 63.0079 55.0727 51.4004 29.2062 25.807 
44.0454 12.6491 77.9872 57.2014 70.214 59.6406 64.9384 51.8941 50.9902 49.0408 52.345 70.8025 25.4951 37.1214 71.4703 12.0416 51.4782 47.5079 52.4023 41.5933 5.0 68.6586 20.6155 71.3863 19.9249 55.9464 28.0179 40.4969 15.5242 65.8559 21.9317 37.1618 59.0762 40.7185 11.0454 0.0 52.4976 41.3038 7.0711 71.1969 25.0799 44.4185 44.3847 29.4109 60.803 30.8869 19.8494 64.3273 14.0 48.0833 69.6419 17.0294 59.808 6.3246 53.7587 71.4493 65.5515 50.2494 56.0089 54.0 71.6938 45.0444 27.4591 49.0408 75.1798 70.7672 62.0081 59.397 38.0132 35.7771 
28.4253 39.8497 43.0116 34.0 41.9762 36.6742 61.8466 41.7732 27.2029 19.2094 26.0768 41.7732 31.0161 18.3848 59.0593 51.1566 38.2884 12.0416 21.9545 12.7279 51.1957 61.8547 34.1321 83.7377 44.1022 7.0711 50.448 67.6757 37.0 28.0179 59.1354 16.0312 37.1214 70.214 49.2544 52.4976 0.0 60.4152 46.3249 82.9759 60.407 34.8281 9.0554 60.208 35.8469 65.9242 63.0079 59.8164 39.3954 70.6824 44.9222 49.0102 49.4065 52.9528 75.591 36.0139 51.9711 64.6607 63.2535 62.8013 48.0833 59.5399 35.6931 3.6056 51.923 32.0624 22.0227 27.2029 69.3758 37.5766 
33.7343 40.7185 58.8218 39.3192 48.7032 39.8121 28.0179 27.6586 39.1152 44.1475 41.1096 49.6488 33.9411 56.6392 38.1838 29.2746 30.2655 49.0408 44.4072 57.2014 36.3456 32.8024 35.0 30.3645 24.5967 58.8218 14.3178 9.4868 42.0595 54.0833 21.3776 46.8722 38.833 12.6491 30.5941 41.3038 60.4152 0.0 37.3631 30.0832 18.6815 28.1603 51.8845 13.6015 41.7732 17.2047 27.2029 28.4253 45.1885 10.2956 45.6946 24.7386 30.0167 35.1283 15.6205 55.109 35.2278 9.0 16.1555 13.9284 46.0652 5.0 26.9072 58.5918 48.0208 57.4282 54.0833 47.0106 13.8924 22.8473 
37.0135 7.0711 70.9366 50.2195 63.2456 52.6972 59.3043 45.31 43.9318 42.0119 45.2769 63.8201 18.4391 32.0624 65.2534 9.2195 44.7214 40.7063 45.3431 36.0555 5.0 62.8013 13.6015 67.72 14.0357 49.3964 23.3452 38.0789 10.0499 58.7963 20.5183 30.6757 52.1536 38.833 7.2111 7.0711 46.3249 37.3631 0.0 67.4463 23.4307 37.5899 37.9473 26.9258 53.8238 29.7321 20.5913 58.5491 10.2956 45.1885 62.7694 12.6491 53.4509 7.0711 50.9902 64.3817 59.1354 46.0977 51.1566 49.2544 64.8845 40.6079 20.5913 42.9535 68.4251 63.7024 55.0 52.3259 36.4005 29.1548 
54.5619 70.5762 64.9384 52.7731 55.5428 51.4782 24.7386 41.8808 56.8595 64.2028 58.5235 56.5155 61.9112 83.6002 35.0571 59.2284 45.4863 70.9366 62.6817 82.9759 66.2873 28.1603 63.9531 1.0 54.4243 79.404 44.2719 32.0156 71.6938 67.2309 50.1597 72.3464 50.5668 33.2415 60.6383 71.1969 82.9759 30.0832 67.4463 0.0 47.0956 48.1664 75.6637 42.19 53.3104 43.0465 55.0 26.9258 75.0267 24.0208 51.1957 54.8179 36.7696 64.9384 19.4165 64.56 38.0789 21.5407 19.799 20.6155 49.6488 27.313 54.7083 82.0731 49.163 68.6222 69.7711 61.7171 36.2215 47.8017 
39.5601 29.0689 70.8308 49.6488 61.2944 51.1077 46.0652 40.0 46.4866 48.6621 48.3839 62.1289 29.6142 51.0784 55.2178 14.2127 41.3401 51.0098 50.448 53.4509 20.5913 50.6063 27.8568 47.1699 16.4924 61.0 12.083 15.5242 31.4006 62.6259 3.1623 44.7214 50.2494 15.6525 16.2788 25.0799 60.407 18.6815 23.4307 47.0956 0.0 36.2491 51.3517 5.099 52.8394 6.4031 8.544 46.1411 33.2415 23.3452 59.203 12.53 45.2769 18.7883 28.8617 65.7419 50.9902 27.4591 34.7851 32.573 60.3075 23.4094 25.0 57.7062 62.9682 66.8506 60.8769 55.3624 13.0384 27.5136 
6.4031 35.7351 35.0 13.6015 26.1725 15.5563 28.6356 9.0554 11.0 16.5529 13.0 26.8701 21.3776 37.6962 30.0167 35.3836 7.2801 22.8035 16.2788 35.8469 40.2244 30.0832 25.9615 48.9183 25.4951 31.7648 24.1661 37.0 34.9285 26.6833 36.7151 25.4951 14.8661 40.0125 34.8281 44.4185 34.8281 28.1603 37.5899 48.1664 36.2491 0.0 27.6586 33.5261 17.0294 39.5601 42.72 26.9258 39.0512 37.855 25.2389 30.4138 18.1108 40.6079 42.0595 29.5296 23.0217 30.4631 28.4253 28.0179 27.2947 25.9615 17.0 33.9411 30.8707 30.6757 26.0 19.4165 40.1995 9.2195 
21.4009 31.7805 43.1741 29.8329 40.0 32.7567 55.7584 35.5106 22.1359 14.3178 21.587 40.0125 22.0 14.5602 54.4243 42.2966 32.249 7.0 18.1108 10.0 42.72 56.356 25.318 76.3806 35.0571 11.6619 41.4849 58.8727 29.0689 28.1603 50.0899 7.2801 32.9848 61.3514 40.4475 44.3847 9.0554 51.8845 37.9473 75.6637 51.3517 27.6586 0.0 51.1957 32.3883 56.8859 54.037 53.8516 31.9061 62.1772 42.19 40.0 43.8292 44.3847 67.2309 35.9026 47.1699 56.6127 55.8659 55.2268 45.2769 51.3128 26.6833 6.7082 49.2544 32.8938 22.4722 25.02 60.4401 29.1548 
37.4833 31.8904 67.5352 46.6154 57.8014 47.8539 41.1825 36.3593 44.1475 47.0956 46.0977 58.6686 30.0832 52.3546 50.6063 17.8885 38.0132 50.1597 48.5077 54.231 24.6982 45.793 29.1548 42.2966 17.4929 60.208 10.0 11.1803 33.9411 60.1664 8.0 44.9222 46.9574 12.0416 19.7231 29.4109 60.208 13.6015 26.9258 42.19 5.099 33.5261 51.1957 0.0 49.6588 6.0828 13.6015 41.3401 36.2353 18.6815 55.4707 14.8661 41.0366 23.0868 24.3516 62.7694 46.669 22.3607 29.7321 27.5136 56.4004 18.3848 24.5153 57.7235 58.8982 64.195 58.8558 52.8867 10.0 25.318 
17.0 51.0 18.0278 3.6056 9.434 2.0 29.1548 14.1421 11.1803 18.1108 11.0 10.0 36.2353 46.0109 23.6008 52.3259 11.7047 25.4951 14.3178 42.2966 56.8507 27.6586 41.1825 54.231 42.4264 30.0167 40.8167 51.1957 49.6588 13.9284 53.535 34.0588 3.0 54.3415 51.6624 60.803 35.8469 41.7732 53.8238 53.3104 52.8394 17.0294 32.3883 49.6588 0.0 55.5428 59.6406 26.9258 53.7122 50.0899 10.0499 47.4236 16.5529 57.3847 53.0377 13.3417 16.9706 41.0122 35.6931 36.3456 13.0 38.2099 33.4215 36.6879 17.0 16.0312 17.0294 9.2195 55.0818 26.2488 
43.566 35.4683 73.3485 52.5547 63.5295 53.7122 45.2217 42.0595 50.2195 53.1507 52.1728 64.4127 35.4401 57.2713 55.2268 20.5183 43.8634 56.0803 54.5894 59.4643 26.6271 50.0 34.0147 43.0116 22.4722 66.1211 16.0312 11.0454 37.8021 66.2193 9.2195 50.448 52.8015 10.198 22.6274 30.8869 65.9242 17.2047 29.7321 43.0465 6.4031 39.5601 56.8859 6.0828 55.5428 0.0 12.1655 45.607 39.6232 19.0263 61.0574 18.868 46.2277 24.6982 24.0832 68.7095 51.7397 25.0799 33.121 30.8869 61.8547 22.2036 30.2655 63.3482 64.2028 70.214 64.9384 58.9406 7.2801 31.4006 
45.1885 27.313 77.666 56.3028 68.4105 58.0086 54.5619 47.4236 52.3259 53.4509 54.1295 69.2026 32.0624 51.4198 63.5138 12.3693 48.4149 54.7449 55.7136 54.5894 16.4012 59.0593 29.0689 55.0091 19.4165 64.4981 19.105 23.0217 30.0832 68.4471 6.4031 47.0 57.2014 22.3607 14.5602 19.8494 63.0079 27.2029 20.5913 55.0 8.544 42.72 54.037 13.6015 59.6406 12.1655 0.0 54.5894 30.8869 31.0161 66.6033 14.1421 53.2635 14.2127 36.2215 72.2011 59.0339 35.9026 43.3244 41.1096 67.897 31.9531 29.1204 60.0083 70.7248 72.8972 66.1287 61.2699 19.4165 33.6155 
32.6497 59.0085 38.2099 27.0185 28.6356 25.2389 2.2361 18.3576 32.6497 40.6079 33.9706 29.6142 46.3897 64.622 10.2956 52.8867 21.6333 48.0104 38.2099 62.6099 59.439 4.4721 50.0899 27.8927 44.5533 55.1725 37.0 36.7967 59.0339 40.7063 48.3011 52.3927 24.4131 39.6989 53.3667 64.3273 59.8164 28.4253 58.5491 26.9258 46.1411 26.9258 53.8516 41.3401 26.9258 45.607 54.5894 0.0 63.0079 31.9061 24.3311 47.5395 10.6301 58.9406 32.311 37.6431 11.1803 22.2036 13.8924 15.8114 23.0217 23.4307 40.05 59.6406 23.1948 41.7852 43.8292 35.805 41.7253 31.1448 
36.7696 4.4721 69.6419 50.1597 63.0714 52.9245 64.0703 47.676 42.9418 39.2046 43.909 63.5059 17.72 23.1948 68.469 19.2094 46.3249 36.1248 43.0116 27.8927 14.8661 67.0075 13.1529 75.3923 20.6155 43.566 30.8707 47.2017 4.1231 56.2228 30.4795 25.0 52.5547 48.2701 17.0294 14.0 39.3954 45.1885 10.2956 75.0267 33.2415 39.0512 31.9061 36.2353 53.7122 39.6232 30.8869 63.0079 0.0 53.8516 63.3246 21.4009 56.4358 17.088 59.6825 62.6817 61.8142 53.4883 57.4891 55.7853 65.7875 47.7598 23.0217 35.8469 69.5701 61.2209 51.6624 50.4777 46.0109 32.0624 
43.6807 49.3964 66.2873 48.0 56.0892 48.0937 30.8058 36.0139 48.6621 54.1202 50.636 57.0701 43.9318 66.7083 42.19 36.4005 39.0128 59.2368 54.1295 67.424 43.3244 35.805 44.5982 24.0 33.6006 68.9493 23.4307 8.0 51.0392 63.0317 26.4764 57.1402 47.0956 9.4868 38.0789 48.0833 70.6824 10.2956 45.1885 24.0208 23.3452 37.855 62.1772 18.6815 50.0899 19.0263 31.0161 31.9061 53.8516 0.0 52.6308 32.6497 36.4005 41.7612 5.831 63.2851 40.8534 9.8489 18.0278 16.1245 52.4976 12.0416 37.0135 68.884 53.8516 66.0303 63.5059 56.1427 12.3693 33.1059 
26.5707 60.4152 14.0 13.3417 4.4721 10.4403 26.4764 19.2094 21.2132 28.0179 21.0238 5.3852 45.6946 56.0 17.4929 60.4401 18.4391 35.2278 24.0832 52.1536 65.4599 23.4094 50.5668 52.1728 50.6063 38.6264 47.5079 55.1543 59.2368 19.2094 60.3075 44.1022 10.7703 58.3095 60.0 69.6419 44.9222 45.6946 62.7694 51.1957 59.203 25.2389 42.19 55.4707 10.0499 61.0574 66.6033 24.3311 63.3246 52.6308 0.0 55.3173 16.2788 65.8027 54.5894 13.8924 13.1529 42.9535 36.1248 37.3363 3.1623 41.4367 42.19 46.0977 7.0711 18.6011 24.1868 17.72 59.5063 34.2053 
31.9061 17.0294 65.2993 43.9318 56.5685 45.9674 48.0521 36.6197 39.1152 39.5601 40.8167 57.28 18.0 38.6264 55.1543 5.3852 36.8782 40.6079 42.0476 41.2311 12.0416 51.923 15.5242 55.0818 5.3852 50.3587 11.0 25.807 19.105 55.0727 10.4403 33.0606 45.2548 26.9072 6.0 17.0294 49.0102 24.7386 12.6491 54.8179 12.53 30.4138 40.0 14.8661 47.4236 18.868 14.1421 47.5395 21.4009 32.6497 55.3173 0.0 43.8292 11.4018 38.4708 59.4054 49.6488 33.541 39.0 37.0135 57.0088 28.1603 15.2315 46.0977 60.2163 59.6825 52.3927 48.0208 24.7588 21.2132 
23.0868 52.7731 30.1496 16.4012 20.025 14.7648 12.8062 9.0554 22.2036 30.2324 23.4307 21.0238 39.0512 55.3624 12.0416 49.1935 11.7047 37.7359 27.6586 52.9245 55.1543 12.53 43.2897 37.6962 39.9249 44.5982 34.4093 39.3573 52.345 30.4631 46.8615 43.0116 13.8924 42.4853 49.2443 59.808 49.4065 30.0167 53.4509 36.7696 45.2769 18.1108 43.8292 41.0366 16.5529 46.2277 53.2635 10.6301 56.4358 36.4005 16.2788 43.8292 0.0 55.0364 38.3275 28.2843 5.831 26.6833 20.0 21.095 16.1555 25.4951 33.541 49.3964 18.0278 32.0156 33.2866 25.2389 43.909 24.5153 
41.0366 14.1421 74.9533 53.8145 66.7083 56.0803 59.439 47.5079 48.1664 47.1699 49.679 67.3573 23.7065 39.1152 66.4831 6.0828 47.4342 46.6154 50.2195 43.0116 2.2361 63.3246 19.3132 65.1153 15.2643 55.6597 22.2036 34.176 17.1172 63.6003 15.6525 37.108 55.4437 34.4384 5.831 6.3246 52.9528 35.1283 7.0711 64.9384 18.7883 40.6079 44.3847 23.0868 57.3847 24.6982 14.2127 58.9406 17.088 41.7612 65.8027 11.4018 55.0364 0.0 47.4342 68.6804 60.8358 44.1022 50.0899 48.0416 67.6757 39.0 24.0416 49.6488 71.0211 68.4105 60.208 56.8507 31.7648 31.6228 
48.1041 55.2268 68.469 51.2445 58.3095 51.0392 30.8707 39.2046 52.6308 58.5235 54.5711 59.3043 49.5177 72.2496 42.5441 42.1545 42.4264 63.9766 58.2409 72.8011 49.0408 35.7771 50.3289 19.2354 39.4081 73.5391 29.2062 13.3417 56.8595 66.3702 32.0156 62.426 50.04 14.0 43.8634 53.7587 75.591 15.6205 50.9902 19.4165 28.8617 42.0595 67.2309 24.3516 53.0377 24.0832 36.2215 32.311 59.6825 5.831 54.5894 38.4708 38.3275 47.4342 0.0 66.0076 42.2019 12.0416 18.6815 17.2627 54.1295 16.1555 42.5206 73.9256 55.0818 69.0652 67.2681 59.6825 17.0 38.0789 
27.6586 60.6053 7.2801 16.1555 9.434 15.2971 39.8497 27.4591 20.5183 23.7065 19.105 8.6023 46.0977 50.448 31.3847 64.0312 25.0 29.1204 19.7231 45.7056 67.897 37.1618 51.0882 65.521 54.2033 29.0689 53.6656 64.5368 58.8218 8.0 66.242 39.9249 16.2788 67.6831 63.1269 71.4493 36.0139 55.109 64.3817 64.56 65.7419 29.5296 35.9026 62.7694 13.3417 68.7095 72.2011 37.6431 62.6817 63.2851 13.8924 59.4054 28.2843 68.6804 66.0076 0.0 26.5707 54.037 48.1664 49.0408 16.4012 51.4782 44.6878 38.0526 19.105 5.0 14.0 12.2066 68.4105 38.5876 
27.2947 58.2495 27.074 18.0278 17.4642 15.6205 13.3417 14.1421 25.0799 33.1059 25.9422 18.4391 44.2832 59.439 7.2801 55.0091 16.0312 40.7185 30.0167 56.6127 60.9262 10.8167 48.6621 39.0512 45.6946 46.6154 40.2244 44.4185 57.7062 30.2324 52.6308 47.0744 15.0 47.5079 55.0364 65.5515 51.9711 35.2278 59.1354 38.0789 50.9902 23.0217 47.1699 46.669 16.9706 51.7397 59.0339 11.1803 61.8142 40.8534 13.1529 49.6488 5.831 60.8358 42.2019 26.5707 0.0 31.0161 23.5372 25.0 12.0416 30.5287 39.0512 52.3259 13.0 30.8707 33.9706 26.1725 49.0918 30.0832 
36.6742 49.0408 56.7186 39.2046 46.5296 39.0128 21.2603 27.1662 40.8044 47.0106 42.72 47.5184 40.8044 63.0317 32.45 38.2099 30.4138 52.8394 46.4866 62.9682 45.2769 26.2488 42.5441 21.9317 32.8938 62.1691 22.8035 15.0 50.1597 54.3323 30.2655 52.4023 38.0132 17.6918 39.4588 50.2494 64.6607 9.0 46.0977 21.5407 27.4591 30.4631 56.6127 22.3607 41.0122 25.0799 35.9026 22.2036 53.4883 9.8489 42.9535 33.541 26.6833 44.1022 12.0416 54.037 31.0161 0.0 8.4853 6.4031 42.72 5.831 33.6006 63.2456 44.0114 57.0351 55.3173 47.676 20.0 27.6586 
34.8281 53.1507 50.0899 34.4819 40.0125 33.7343 12.8062 22.8473 37.5899 44.6542 39.3573 41.0122 42.9535 64.0703 24.1868 44.0454 26.4008 51.225 43.4166 63.2535 51.0098 17.8045 45.5412 20.5183 37.3363 59.9083 28.0 23.4307 53.8516 49.4773 37.3631 52.6308 32.7567 26.1725 45.0 56.0089 63.2535 16.1555 51.1566 19.799 34.7851 28.4253 55.8659 29.7321 35.6931 33.121 43.3244 13.8924 57.4891 18.0278 36.1248 39.0 20.0 50.0899 18.6815 48.1664 23.5372 8.4853 0.0 2.2361 35.5106 11.4018 35.8469 62.2896 36.4005 51.6236 51.264 43.3244 28.4253 28.3019 
34.4093 51.4198 51.2445 34.9285 41.1096 34.3657 14.8661 23.0868 37.5766 44.4185 39.3954 42.107 41.5933 63.0079 26.0768 42.0119 26.5707 50.8035 43.382 62.3699 49.0 19.8494 44.0114 21.2603 35.5106 59.6825 26.0192 21.2603 52.2015 50.01 35.171 51.7397 33.3766 24.0416 43.0116 54.0 62.8013 13.9284 49.2544 20.6155 32.573 28.0179 55.2268 27.5136 36.3456 30.8869 41.1096 15.8114 55.7853 16.1245 37.3363 37.0135 21.095 48.0416 17.2627 49.0408 25.0 6.4031 2.2361 0.0 36.8782 9.2195 34.4384 61.7171 37.9473 52.345 51.5461 43.6807 26.2488 27.2029 
29.1204 62.7694 15.2971 16.1245 7.0711 13.1529 25.0799 20.5183 24.0832 31.0644 24.0 7.8102 48.1041 59.0085 15.2315 62.2013 20.2485 38.3275 27.1662 55.2268 67.4166 21.587 52.9245 50.636 52.4309 41.7852 48.7955 55.4617 61.6847 22.2036 61.5549 47.0425 13.3417 58.6003 61.8547 71.6938 48.0833 46.0652 64.8845 49.6488 60.3075 27.2947 45.2769 56.4004 13.0 61.8547 67.897 23.0217 65.7875 52.4976 3.1623 57.0088 16.1555 67.6757 54.1295 16.4012 12.0416 42.72 35.5106 36.8782 0.0 41.6293 44.2945 49.2443 4.0 21.2603 27.2947 20.8806 59.9416 36.0555 
31.9531 43.3244 54.8179 36.0139 44.643 36.2215 23.0217 24.0832 36.6742 42.3792 38.6394 45.607 35.0 57.3149 33.2415 33.0151 27.0 47.8539 42.2019 57.3847 40.05 27.8029 36.7151 27.7308 27.2029 57.3847 17.2627 13.8924 44.3847 51.0098 25.9615 46.8615 35.2278 17.0 34.1321 45.0444 59.5399 5.0 40.6079 27.313 23.4094 25.9615 51.3128 18.3848 38.2099 22.2036 31.9531 23.4307 47.7598 12.0416 41.4367 28.1603 25.4951 39.0 16.1555 51.4782 30.5287 5.831 11.4018 9.2195 41.6293 0.0 27.8029 57.9828 43.4166 54.0833 51.4782 44.1022 18.6011 22.2036 
17.0294 19.2354 50.9117 29.8329 42.8019 32.2025 41.1947 25.0 24.2074 24.3516 25.807 43.4166 7.2111 29.7321 45.5412 19.4165 24.1661 26.0192 26.8328 30.5287 23.4307 44.0 10.0499 55.2268 9.8489 36.0 14.8661 32.6497 19.0 39.9625 24.1868 20.6155 31.6228 34.9285 18.4391 27.4591 35.6931 26.9072 20.5913 54.7083 25.0 17.0 26.6833 24.5153 33.4215 30.2655 29.1204 40.05 23.0217 37.0135 42.19 15.2315 33.541 24.0416 42.5206 44.6878 39.0512 33.6006 35.8469 34.4384 44.2945 27.8029 0.0 33.2415 47.8539 44.6542 37.1618 33.0151 33.8378 9.0554 
27.5862 36.4005 45.1774 34.5398 43.4166 37.3363 61.6117 41.4005 27.2947 19.2354 26.4008 43.2897 28.1603 14.8661 59.5063 48.0416 38.0132 11.6619 22.4722 9.2195 47.8539 61.9112 31.0161 82.807 41.3038 9.8489 48.0833 65.5515 33.5261 30.0666 56.3205 13.0384 37.6962 68.0074 46.0977 49.0408 3.6056 58.5918 42.9535 82.0731 57.7062 33.9411 6.7082 57.7235 36.6879 63.3482 60.0083 59.6406 35.8469 68.884 46.0977 46.0977 49.3964 49.6488 73.9256 38.0526 52.3259 63.2456 62.2896 61.7171 49.2443 57.9828 33.2415 0.0 53.1507 34.3657 24.0832 28.4429 67.0522 35.8469 
32.9848 66.4831 16.5529 20.0998 10.2956 17.1172 25.0799 23.6008 28.0713 35.0571 28.0 10.8167 51.8652 63.0079 14.1421 65.4599 23.7065 42.2966 31.1448 59.2115 70.8308 21.0238 56.648 50.1597 55.7584 45.5412 51.6624 57.3062 65.4599 25.5539 64.3506 51.0392 17.2627 60.4152 65.192 75.1798 51.923 48.0208 68.4251 49.163 62.9682 30.8707 49.2544 58.8982 17.0 64.2028 70.7248 23.1948 69.5701 53.8516 7.0711 60.2163 18.0278 71.0211 55.0818 19.105 13.0 44.0114 36.4005 37.9473 4.0 43.4166 47.8539 53.1507 0.0 24.0832 30.8707 24.7386 61.9112 39.4462 
27.7849 59.4643 11.0454 18.1108 14.2127 18.0278 44.0114 30.0167 20.5913 22.0227 18.868 13.4536 45.2769 47.4342 36.0555 64.0703 27.1662 26.4008 18.3848 42.45 67.4759 41.5933 50.2096 69.5701 54.3783 25.02 54.7814 66.7533 57.4891 5.0 67.1193 37.5899 19.0263 69.8713 63.0079 70.7672 32.0624 57.4282 63.7024 68.6222 66.8506 30.6757 32.8938 64.195 16.0312 70.214 72.8972 41.7852 61.2209 66.0303 18.6011 59.6825 32.0156 68.4105 69.0652 5.0 30.8707 57.0351 51.6236 52.345 21.2603 54.0833 44.6542 34.3657 24.0832 0.0 10.4403 11.6619 70.406 39.3954 
21.3776 50.2494 21.095 17.0 20.6155 18.6011 46.0435 28.4605 15.0 13.0384 13.0 20.2485 36.6197 37.0 40.3609 56.356 25.0 16.1245 10.4403 32.0156 59.0762 44.6878 41.4005 70.6612 47.0106 15.1327 49.0306 63.0 48.0833 6.0 60.7289 27.4591 19.4165 66.0076 55.0727 62.0081 22.0227 54.0833 55.0 69.7711 60.8769 26.0 22.4722 58.8558 17.0294 64.9384 66.1287 43.8292 51.6624 63.5059 24.1868 52.3927 33.2866 60.208 67.2681 14.0 33.9706 55.3173 51.264 51.5461 27.2947 51.4782 37.1618 24.0832 30.8707 10.4403 0.0 8.0623 66.1211 33.541 
16.1245 48.4149 19.2354 8.9443 15.0333 10.6301 38.0132 20.6155 8.9443 11.7047 7.2111 15.0 33.9706 39.3192 32.8024 52.4309 17.2627 18.0278 7.6158 35.0143 55.9732 36.7967 38.9487 62.6099 42.72 21.0238 43.3244 56.1427 46.6154 7.2801 55.5428 28.1603 11.4018 59.2115 51.4004 59.397 27.2029 47.0106 52.3259 61.7171 55.3624 19.4165 25.02 52.8867 9.2195 58.9406 61.2699 35.805 50.4777 56.1427 17.72 48.0208 25.2389 56.8507 59.6825 12.2066 26.1725 47.676 43.3244 43.6807 20.8806 44.1022 33.0151 28.4429 24.7386 11.6619 8.0623 0.0 59.5399 27.8568 
45.0 41.7253 72.45 52.3927 62.3939 53.1601 41.0366 41.1096 51.1566 55.0818 53.1507 63.3246 39.8121 62.2656 51.7397 27.2029 43.4166 58.8558 56.0089 63.9766 33.6155 45.9674 39.1152 36.1248 27.4591 68.884 18.9737 5.0 43.8634 66.7533 16.1245 54.4243 52.2015 3.0 29.2062 38.0132 69.3758 13.8924 36.4005 36.2215 13.0384 40.1995 60.4401 10.0 55.0818 7.2801 19.4165 41.7253 46.0109 12.3693 59.5063 24.7588 43.909 31.7648 17.0 68.4105 49.0918 20.0 28.4253 26.2488 59.9416 18.6011 33.8378 67.0522 61.9112 70.406 66.1211 59.5399 0.0 33.0606 
12.1655 28.2843 44.2041 22.8035 35.3553 24.7588 32.3883 16.1555 18.9737 22.0227 20.8806 36.0694 15.2971 35.805 36.4966 26.2488 15.8114 26.2488 23.1948 35.3553 31.3847 35.0143 19.0 48.4149 16.4012 36.1386 15.5242 30.5941 28.0179 35.1141 27.7308 24.7588 24.0416 33.3766 25.807 35.7771 37.5766 22.8473 29.1548 47.8017 27.5136 9.2195 29.1548 25.318 26.2488 31.4006 33.6155 31.1448 32.0624 33.1059 34.2053 21.2132 24.5153 31.6228 38.0789 38.5876 30.0832 27.6586 28.3019 27.2029 36.0555 22.2036 9.0554 35.8469 39.4462 39.3954 33.541 27.8568 33.0606 0.0 
