10
0.0 3.0 4.4721 3.6056 8.6023 6.0828 3.6056 3.1623 6.4031 8.0623 
3.0 0.0 6.4031 3.1623 6.4031 3.1623 6.3246 1.0 4.4721 5.6569 
4.4721 6.4031 0.0 4.1231 12.7279 9.434 6.0828 5.831 10.6301 12.0416 
3.6056 3.1623 4.1231 0.0 9.434 5.6569 7.0711 2.2361 7.6158 8.6023 
8.6023 6.4031 12.7279 9.434 0.0 4.1231 10.4403 7.2111 2.2361 1.0 
6.0828 3.1623 9.434 5.6569 4.1231 0.0 9.0554 3.6056 3.1623 3.1623 
3.6056 6.3246 6.0828 7.0711 10.4403 9.0554 0.0 6.7082 8.2462 10.198 
3.1623 1.0 5.831 2.2361 7.2111 3.6056 6.7082 0.0 5.3852 6.4031 
6.4031 4.4721 10.6301 7.6158 2.2361 3.1623 8.2462 5.3852 0.0 2.0 
8.0623 5.6569 12.0416 8.6023 1.0 3.1623 10.198 6.4031 2.0 0.0 
