60
0.0 8.0623 22.3607 36.0694 33.2415 25.0 33.7343 13.4164 31.7805 25.9422 27.6586 14.1421 12.0416 35.4683 24.0832 28.2312 27.313 31.7648 27.8029 18.868 31.3847 33.2415 26.2488 34.6699 6.4031 21.5407 24.3311 29.8329 18.4391 24.1661 29.8329 13.1529 44.5533 10.8167 21.095 13.6015 23.5372 13.0384 18.4391 40.2244 26.9258 29.0172 16.7631 13.8924 13.6015 26.9258 9.8995 14.0357 28.6356 38.8973 30.0 4.0 28.8617 35.9026 29.0 20.2237 15.8114 2.2361 35.4401 32.249 
8.0623 0.0 15.0 31.6228 25.4951 25.2982 26.2488 8.0623 33.541 22.3607 34.6699 21.095 4.0 29.0689 16.0312 31.4006 19.7231 35.4683 22.8473 24.7588 23.7065 25.4951 26.0 27.6586 13.4164 26.4008 25.9422 23.4307 23.8537 31.9531 34.8281 5.099 38.4187 18.3848 13.3417 12.0 31.5753 19.2094 19.4165 44.5533 19.2354 21.0 19.8494 8.9443 20.0 20.2485 17.0 6.3246 22.2036 33.0151 26.9258 9.434 21.5407 28.4605 35.609 12.1655 14.0357 6.3246 28.2312 24.1868 
22.3607 15.0 0.0 35.5106 19.105 25.0 21.4009 17.8885 34.2053 15.2643 49.6488 36.0555 12.0416 14.7648 8.9443 34.8855 5.099 39.3573 12.3693 39.6989 9.2195 11.1803 37.0 12.7279 28.3019 41.0366 27.7849 9.4868 32.249 46.5188 41.1096 10.6301 24.1868 33.121 12.0416 24.1868 45.5412 34.2053 32.249 48.7647 5.0 12.7279 25.7099 18.7883 35.0 20.6155 31.9061 12.53 22.8035 19.3132 34.0588 24.4131 18.7883 23.4307 50.6063 7.0 25.4951 21.095 24.4131 13.4164 
36.0694 31.6228 35.5106 0.0 22.1359 56.356 19.3132 23.6008 65.0 50.0 47.5184 39.0 29.5296 48.0104 27.074 63.0079 36.0139 67.0075 47.8539 37.108 37.1214 37.3363 18.0 44.1022 36.0555 34.3657 57.4543 44.1022 54.4518 50.2892 65.7951 29.9666 56.3205 39.8246 23.5372 22.8035 52.9245 35.8469 23.0868 75.9276 35.0143 26.1725 51.4004 22.8035 36.7696 15.0333 37.5899 26.8328 13.0 53.0094 8.0623 33.4215 18.1108 19.2354 46.1736 28.6356 20.8087 33.9411 17.0 29.6142 
33.2415 25.4951 19.105 22.1359 0.0 43.9318 3.0 21.095 53.1507 34.2053 55.7853 43.4166 21.587 27.6586 10.8167 53.2541 17.0 57.6888 30.5287 44.643 16.4924 16.1245 32.6497 23.3452 37.0135 44.0114 46.4004 25.0799 48.4665 55.3263 58.5918 20.8806 35.0143 42.0476 12.1655 25.9615 56.0089 40.6079 32.2025 67.1193 16.1245 6.4031 42.9418 21.2132 41.5933 10.0 40.1123 19.2354 10.6301 32.5576 25.0 33.0 5.831 4.4721 55.6597 14.7648 25.632 31.1448 6.0828 8.0623 
25.0 25.2982 25.0 56.356 43.9318 0.0 45.9674 33.2415 9.2195 12.1655 47.8539 36.4005 26.8328 27.074 33.2415 11.0454 28.6531 15.2971 17.2627 42.2019 31.7805 33.6155 50.636 29.6142 30.2655 45.7056 4.1231 23.7697 16.2788 41.3401 19.105 26.4197 32.5576 32.28 34.2053 36.8782 37.8021 36.6742 43.1856 24.3516 29.1548 37.6431 10.2956 34.176 36.8782 43.0116 32.7567 29.5296 45.2217 27.1662 52.2015 29.0 42.5206 48.1041 50.1597 29.7321 39.0512 26.0768 48.7955 38.2753 
33.7343 26.2488 21.4009 19.3132 3.0 45.9674 0.0 21.0238 55.1725 36.6197 55.109 43.1045 22.4722 30.5941 12.7279 55.0 19.6977 59.4054 33.121 43.9318 19.4165 19.105 30.8058 26.3059 37.054 43.0116 48.2701 27.8568 49.6588 55.0818 60.0333 21.9317 38.0132 42.0119 13.0 25.318 56.0357 40.1995 31.0161 68.8186 18.7883 8.9443 44.4185 21.0 41.1947 8.544 40.0 19.9249 8.6023 35.5106 22.6716 33.1361 5.0 2.2361 54.8179 16.4012 24.7386 31.5753 3.1623 11.0454 
13.4164 8.0623 17.8885 23.6008 21.095 33.2415 21.0238 0.0 41.5933 29.0 35.1141 22.3607 7.0 32.6497 14.4222 39.4081 21.4009 43.4166 28.4429 24.1661 24.7588 26.1725 19.4165 30.2324 16.0312 24.4131 34.0 27.313 31.241 34.2345 42.45 8.0623 42.0595 21.0 9.8489 6.4031 35.0143 19.6469 14.4222 52.4023 20.6155 18.3848 27.8029 1.0 20.6155 13.6015 19.0263 5.3852 15.2315 37.1618 18.9737 12.1655 16.0312 23.0868 35.3412 12.0416 7.6158 11.1803 22.3607 22.3607 
31.7805 33.541 34.2053 65.0 53.1507 9.2195 55.1725 41.5933 0.0 20.6155 50.9608 41.1096 35.5106 34.9285 42.45 6.4031 37.7359 8.544 25.632 47.0956 40.7063 42.4853 57.9741 37.9473 36.1248 51.0098 7.6158 32.311 17.72 43.6578 14.4222 35.2278 39.0 37.054 43.2782 44.5982 39.3954 42.0 50.2195 16.1245 38.2753 46.8615 15.1327 42.4853 42.0119 52.0096 38.0 38.2753 54.2033 34.1321 60.4152 35.6931 51.6624 57.3149 53.6004 38.8973 46.8188 33.2415 57.9828 47.4342 
25.9422 22.3607 15.2643 50.0 34.2053 12.1655 36.6197 29.0 20.6155 0.0 52.6308 39.6611 22.0 15.0 24.1868 23.1948 17.6918 27.4591 5.099 44.7772 20.2485 21.9545 48.1664 17.4642 32.249 47.4236 16.0312 11.7047 25.632 47.3814 31.0 21.0238 21.5407 35.805 26.5707 34.2345 44.8219 38.9487 41.7732 36.4005 18.3848 27.8029 18.3848 30.0 39.4462 35.4683 35.5106 24.0832 37.6962 15.8114 47.3814 29.5466 34.0 38.6005 54.4059 21.5407 36.1248 26.0 39.6611 27.5862 
27.6586 34.6699 49.6488 47.5184 55.7853 47.8539 55.109 35.1141 50.9608 52.6308 0.0 13.6015 38.0789 63.1269 49.2443 45.1221 54.3783 46.3897 55.1725 11.1803 58.3095 60.0333 29.8329 62.2013 21.4009 13.1529 45.31 57.4891 33.2415 8.0623 41.0488 39.4462 72.1803 16.9706 44.9444 29.8329 13.1529 15.6525 25.0 51.0392 53.8516 53.4883 37.5766 34.7851 14.7648 46.6905 17.8045 38.9102 47.3814 66.4831 39.4588 25.2389 50.2195 56.8859 3.1623 46.0652 30.4138 28.6007 55.5788 57.3847 
14.1421 21.095 36.0555 39.0 43.4166 36.4005 43.1045 22.3607 41.1096 39.6611 13.6015 0.0 24.5967 49.5782 36.0555 36.0139 40.8167 38.3275 41.8688 6.0 44.7772 46.5296 23.4307 48.6004 7.8102 10.198 34.5254 43.9318 24.0832 12.0 34.2053 25.9422 58.6941 4.1231 32.0156 18.0278 13.9284 3.1623 16.1245 44.9222 40.3113 40.5216 26.4764 22.2036 2.2361 35.0 4.2426 25.632 36.0555 53.0377 31.305 11.6619 38.1182 45.0444 14.8661 32.6956 19.2354 15.0 44.0 44.2719 
12.0416 4.0 12.0416 29.5296 21.587 26.8328 22.4722 7.0 35.5106 22.0 38.0789 24.5967 0.0 26.6271 12.0416 33.9706 16.4012 38.1838 21.587 27.8029 20.2485 21.9545 26.3059 24.7588 17.088 29.0 28.0179 21.095 27.2947 35.7351 38.0132 1.4142 36.0555 22.1359 9.4868 12.6491 35.5106 22.4722 20.6155 47.4236 15.8114 17.0 22.6716 8.0 23.3238 17.0294 20.6155 2.8284 19.105 30.8869 25.7099 13.0 17.8885 24.6982 38.833 8.2462 14.3178 10.198 24.5967 20.2237 
35.4683 29.0689 14.7648 48.0104 27.6586 27.074 30.5941 32.6497 34.9285 15.0 63.1269 49.5782 26.6271 0.0 21.2132 38.1182 12.1655 42.2966 10.0499 53.7587 11.1803 11.7047 51.6236 4.4721 41.7732 55.4437 31.0161 5.6569 40.025 59.0762 46.0 25.2389 9.434 46.2277 25.7099 38.9487 57.3062 48.0833 47.0106 50.9902 13.1529 22.0907 32.7567 33.541 48.7955 33.0606 45.3431 27.2947 35.0143 5.0 47.8539 38.1838 30.0167 32.0156 64.3817 21.1896 40.2492 34.6554 33.7343 19.6469 
24.0832 16.0312 8.9443 27.074 10.8167 33.2415 12.7279 14.4222 42.45 24.1868 49.2443 36.0555 12.0416 21.2132 0.0 42.4382 9.0554 46.8722 21.1896 38.4708 11.1803 12.2066 31.3847 17.72 28.8617 38.833 35.609 17.0294 37.9473 47.5395 47.8539 11.0 30.0832 33.9559 5.0 20.6155 47.5184 33.6155 28.2843 56.3028 8.0623 5.099 32.2025 15.0 34.5398 12.0416 32.28 10.4403 14.1421 26.1725 26.6833 24.7386 9.8489 14.8661 49.6488 4.1231 21.2132 22.2036 15.6205 8.2462 
28.2312 31.4006 34.8855 63.0079 53.2541 11.0454 55.0 39.4081 6.4031 23.1948 45.1221 36.0139 33.9706 38.1182 42.4382 0.0 39.0 4.4721 28.2843 42.0119 42.3792 44.2719 54.4243 40.6079 31.7805 46.0977 7.2801 34.7131 12.0416 37.6431 8.544 33.9411 43.2897 32.0624 42.5206 41.5933 33.2415 37.2156 46.4866 13.8924 39.3954 47.1699 11.6619 40.2244 37.1214 50.9117 33.2415 36.7967 53.0377 38.0526 57.8014 31.9531 51.0882 57.2014 47.8539 38.6005 43.8292 29.9666 57.6281 48.3011 
27.313 19.7231 5.099 36.0139 17.0 28.6531 19.6977 21.4009 37.7359 17.6918 54.3783 40.8167 16.4012 12.1655 9.0554 39.0 0.0 43.4626 13.6015 44.2041 4.1231 6.0828 39.8121 8.9443 33.121 45.2769 31.7805 8.2462 37.1214 51.4782 45.607 15.0 21.1896 38.0132 13.6015 27.8029 50.5964 38.833 35.805 52.8015 1.0 10.7703 30.4138 22.2036 39.6611 21.0 36.7151 16.2788 23.0217 17.1172 35.6931 29.1548 18.2483 21.4709 55.2178 9.434 28.8444 25.9422 22.8473 9.8995 
31.7648 35.4683 39.3573 67.0075 57.6888 15.2971 59.4054 43.4166 8.544 27.4591 46.3897 38.3275 38.1838 42.2966 46.8722 4.4721 43.4626 0.0 32.5576 44.2832 46.8188 48.7032 57.7754 44.911 34.7851 48.5077 11.7047 39.0512 14.3178 38.6394 6.4031 38.2099 47.0956 34.5254 46.8615 45.2769 33.9559 39.8121 49.7695 9.434 43.8634 51.6236 15.6205 44.2041 39.6232 55.1725 35.9026 41.0122 57.28 42.0 61.5873 35.3412 55.4437 61.6117 49.2544 43.0116 47.5079 33.6155 62.0081 52.7731 
27.8029 22.8473 12.3693 47.8539 30.5287 17.2627 33.121 28.4429 25.632 5.099 55.1725 41.8688 21.587 10.0499 21.1896 28.2843 13.6015 32.5576 0.0 46.6154 15.6205 17.2047 47.8539 12.3693 34.2053 48.8774 21.095 6.7082 30.0832 50.448 36.0139 20.3961 17.4929 38.2099 24.3311 34.2053 48.2597 40.8044 42.0595 41.4849 14.4222 24.1868 22.8035 29.4279 41.4005 32.9848 37.6431 23.1948 35.171 11.6619 46.0109 31.0644 31.0161 34.9857 56.7274 19.2354 35.9026 27.4591 36.2353 23.4307 
18.868 24.7588 39.6989 37.108 44.643 42.2019 43.9318 24.1661 47.0956 44.7772 11.1803 6.0 27.8029 53.7587 38.4708 42.0119 44.2041 44.2832 46.6154 0.0 48.0104 49.6488 20.1246 52.4023 12.53 4.4721 40.4475 48.1041 30.0666 13.4164 40.025 29.2062 63.0317 10.0499 34.0147 18.6815 17.0294 5.831 14.1421 50.6952 43.6005 42.5441 32.3883 23.7697 5.3852 35.5106 9.4868 28.3019 36.2215 57.4891 29.1204 15.6205 39.0512 45.7056 11.1803 35.5106 19.2354 19.2094 44.4072 46.5188 
31.3847 23.7065 9.2195 37.1214 16.4924 31.7805 19.4165 24.7588 40.7063 20.2485 58.3095 44.7772 20.2485 11.1803 11.1803 42.3792 4.1231 46.8188 15.6205 48.0104 0.0 2.0 42.5441 7.0 37.1214 48.9183 35.1141 9.2195 41.0488 55.5428 49.2443 18.868 19.2354 42.0476 16.1245 31.1448 54.7083 42.72 39.0512 56.0803 4.4721 11.0 34.2345 25.4951 43.566 22.3607 40.7063 19.8494 24.1868 16.1245 37.6431 33.121 19.0263 20.8806 59.0762 12.7279 32.0156 29.9666 22.561 8.544 
33.2415 25.4951 11.1803 37.3363 16.1245 33.6155 19.105 26.1725 42.4853 21.9545 60.0333 46.5296 21.9545 11.7047 12.2066 44.2719 6.0828 48.7032 17.2047 49.6488 2.0 0.0 43.566 7.2801 38.9102 50.448 37.0 10.6301 43.0465 57.3847 51.1957 20.5913 19.0263 43.8634 17.2047 32.5269 56.6127 44.4185 40.3609 57.9396 6.3246 11.1803 36.2215 26.8701 45.2769 22.8035 42.4853 21.4009 24.5153 16.4924 38.2753 34.8855 19.2354 20.3961 60.7454 14.2127 33.3017 31.7805 22.2036 8.0623 
26.2488 26.0 37.0 18.0 32.6497 50.636 30.8058 19.4165 57.9741 48.1664 29.8329 23.4307 26.3059 51.6236 31.3847 54.4243 39.8121 57.7754 47.8539 20.1246 42.5441 43.566 0.0 48.7545 23.3238 16.7631 50.448 46.4866 43.8292 33.541 55.0727 27.4591 60.9262 25.4951 26.4197 14.0 36.8917 20.5183 8.0623 65.7647 38.9102 33.4215 43.0116 18.4391 21.2603 22.6716 23.4307 24.7386 22.2036 56.3028 10.0499 22.4722 26.9072 31.9061 28.2843 30.4631 12.0416 24.7386 30.0167 37.6431 
34.6699 27.6586 12.7279 44.1022 23.3452 29.6142 26.3059 30.2324 37.9473 17.4642 62.2013 48.6004 24.7588 4.4721 17.72 40.6079 8.9443 44.911 12.3693 52.4023 7.0 7.2801 48.7545 0.0 40.8044 53.7587 33.3766 6.0 41.3038 58.6686 48.1664 23.3452 12.3693 45.4863 22.4722 36.6197 57.2713 46.8615 44.6542 53.8516 9.8489 18.0 34.1321 31.0644 47.634 29.2746 44.4072 25.0 31.1448 9.2195 44.3847 37.0135 26.0192 27.6586 63.2535 18.3576 37.7359 33.6006 29.4279 15.2971 
6.4031 13.4164 28.3019 36.0555 37.0135 30.2655 37.054 16.0312 36.1248 32.249 21.4009 7.8102 17.088 41.7732 28.8617 31.7805 33.121 34.7851 34.2053 12.53 37.1214 38.9102 23.3238 40.8044 0.0 15.5242 29.0 36.1248 20.6155 18.6815 31.7648 18.3848 50.9117 5.099 25.1794 13.4164 19.0 6.7082 15.2643 42.4853 32.6497 33.541 21.0238 16.1245 7.2111 29.4279 3.6056 18.4391 30.8058 45.2769 29.0689 4.1231 32.0624 39.1152 22.6274 25.2982 15.2643 7.2111 38.3275 37.108 
21.5407 26.4008 41.0366 34.3657 44.0114 45.7056 43.0116 24.4131 51.0098 47.4236 13.1529 10.198 29.0 55.4437 38.833 46.0977 45.2769 48.5077 48.8774 4.4721 48.9183 50.448 16.7631 53.7587 15.5242 0.0 44.1814 49.8197 34.2345 17.2047 44.3847 30.4138 64.8151 14.0357 34.1321 18.3576 21.2132 9.0554 12.1655 55.0818 44.5982 42.5441 36.1248 23.8537 9.0 34.4819 13.0384 29.0689 34.9285 59.4054 26.3059 17.8885 38.2753 44.643 12.0416 36.2353 18.3848 21.4709 43.1741 46.6476 
24.3311 25.9422 27.7849 57.4543 46.4004 4.1231 48.2701 34.0 7.6158 16.0312 45.31 34.5254 28.0179 31.0161 35.609 7.2801 31.7805 11.7047 21.095 40.4475 35.1141 37.0 50.448 33.3766 29.0 44.1814 0.0 27.4591 12.8062 38.4708 15.0333 27.8029 36.6742 30.4138 36.0694 37.0 34.6699 35.1283 42.7551 21.0238 32.2025 40.2244 8.0623 34.8855 35.2278 44.6878 31.1448 30.8058 46.8615 31.257 52.8015 28.2843 44.5533 50.448 47.7598 31.8904 39.2173 25.7099 50.9902 41.1825 
29.8329 23.4307 9.4868 44.1022 25.0799 23.7697 27.8568 27.313 32.311 11.7047 57.4891 43.9318 21.095 5.6569 17.0294 34.7131 8.2462 39.0512 6.7082 48.1041 9.2195 10.6301 46.4866 6.0 36.1248 49.8197 27.4591 0.0 35.3553 53.535 42.19 19.7231 15.0 40.6079 21.095 33.541 51.8845 42.4264 41.5933 48.0833 9.2195 18.9737 28.1603 28.2312 43.1393 29.0689 39.6989 21.9317 31.1448 9.8489 43.2897 32.5269 26.4764 29.5466 58.7282 16.2788 34.9285 29.0 31.0161 17.4929 
18.4391 23.8537 32.249 54.4518 48.4665 16.2788 49.6588 31.241 17.72 25.632 33.2415 24.0832 27.2947 40.025 37.9473 12.0416 37.1214 14.3178 30.0832 30.0666 41.0488 43.0465 43.8292 41.3038 20.6155 34.2345 12.8062 35.3553 0.0 26.0 11.4018 27.7308 47.1699 20.2237 36.6742 32.0156 21.9545 25.4951 35.7771 21.9545 37.2156 43.0116 7.2801 31.8904 25.318 44.1022 21.587 30.0167 46.0435 41.4367 48.4149 21.6333 45.1774 51.8941 35.9026 33.8378 34.2053 20.5183 51.8845 45.1221 
24.1661 31.9531 46.5188 50.2892 55.3263 41.3401 55.0818 34.2345 43.6578 47.3814 8.0623 12.0 35.7351 59.0762 47.5395 37.6431 51.4782 38.6394 50.448 13.4164 55.5428 57.3847 33.541 58.6686 18.6815 17.2047 38.4708 53.535 26.0 0.0 33.1361 37.0 67.8012 13.6015 43.7379 30.0167 5.099 15.0333 27.2029 43.0116 51.0784 52.1728 31.0644 34.1321 14.0357 47.0 15.2971 37.108 48.0416 62.0081 42.3792 22.8035 50.0899 57.0351 11.1803 43.9659 31.1448 25.632 56.0 55.7853 
29.8329 34.8281 41.1096 65.7951 58.5918 19.105 60.0333 42.45 14.4222 31.0 41.0488 34.2053 38.0132 46.0 47.8539 8.544 45.607 6.4031 36.0139 40.025 49.2443 51.1957 55.0727 48.1664 31.7648 44.3847 15.0333 42.19 11.4018 33.1361 0.0 38.2753 51.6236 30.6757 47.1699 43.4166 28.2843 36.0555 47.0106 10.7703 45.8803 52.8015 15.6525 43.1393 35.7351 55.0 32.311 40.8044 57.0088 46.2709 59.8164 33.0151 55.7584 62.2656 44.0114 43.8292 45.607 31.8904 62.434 54.4243 
13.1529 5.099 10.6301 29.9666 20.8806 26.4197 21.9317 8.0623 35.2278 21.0238 39.4462 25.9422 1.4142 25.2389 11.0 33.9411 15.0 38.2099 20.3961 29.2062 18.868 20.5913 27.4591 23.3452 18.3848 30.4138 27.8029 19.7231 27.7308 37.0 38.2753 0.0 34.6699 23.4094 8.9443 13.9284 36.6742 23.8537 21.9317 47.5079 14.4222 16.0312 22.8035 9.0554 24.6982 16.9706 21.9317 3.1623 19.105 29.5296 26.4764 14.3178 17.4929 24.1661 40.2244 7.0711 15.5242 11.4018 24.1868 19.105 
44.5533 38.4187 24.1868 56.3205 35.0143 32.5576 38.0132 42.0595 39.0 21.5407 72.1803 58.6941 36.0555 9.434 30.0832 43.2897 21.1896 47.0956 17.4929 63.0317 19.2354 19.0263 60.9262 12.3693 50.9117 64.8151 36.6742 15.0 47.1699 67.8012 51.6236 34.6699 0.0 55.2268 34.7851 48.3735 65.7343 57.3149 56.4358 55.0364 22.1359 30.1496 39.9249 42.9418 58.0 41.5933 54.4518 36.7151 43.4166 5.831 56.7539 47.4236 38.2099 39.1152 73.5391 30.4631 49.6488 43.8634 41.0488 27.0 
10.8167 18.3848 33.121 39.8246 42.0476 32.28 42.0119 21.0 37.054 35.805 16.9706 4.1231 22.1359 46.2277 33.9559 32.0624 38.0132 34.5254 38.2099 10.0499 42.0476 43.8634 25.4951 45.4863 5.099 14.0357 30.4138 40.6079 20.2237 13.6015 30.6757 23.4094 55.2268 0.0 30.2655 17.72 14.0357 5.3852 17.6918 41.4367 37.5766 38.6394 22.3607 21.0238 5.099 34.2345 2.2361 23.5372 35.5106 49.5177 32.45 9.2195 37.0135 44.0454 18.6011 30.3645 19.3132 12.083 43.1856 42.2019 
21.095 13.3417 12.0416 23.5372 12.1655 34.2053 13.0 9.8489 43.2782 26.5707 44.9444 32.0156 9.4868 25.7099 5.0 42.5206 13.6015 46.8615 24.3311 34.0147 16.1245 17.2047 26.4197 22.4722 25.1794 34.1321 36.0694 21.095 36.6742 43.7379 47.1699 8.9443 34.7851 30.2655 0.0 15.8114 44.1022 29.4109 23.3452 56.2228 12.6491 8.544 31.6228 10.2956 30.3645 8.9443 28.4429 7.0711 11.1803 30.5941 22.2036 21.095 8.6023 15.2315 45.1885 5.099 16.2788 19.0263 15.2643 12.53 
13.6015 12.0 24.1868 22.8035 25.9615 36.8782 25.318 6.4031 44.5982 34.2345 29.8329 18.0278 12.6491 38.9487 20.6155 41.5933 27.8029 45.2769 34.2053 18.6815 31.1448 32.5269 14.0 36.6197 13.4164 18.3576 37.0 33.541 32.0156 30.0167 43.4166 13.9284 48.3735 17.72 15.8114 0.0 31.5753 15.0 8.0623 53.8238 27.0185 24.1868 29.9666 5.6569 16.0 17.0294 15.5242 11.6619 18.0278 43.382 16.4012 10.6301 20.3961 27.1662 29.7321 18.4391 2.2361 11.6619 26.0192 28.3019 
23.5372 31.5753 45.5412 52.9245 56.0089 37.8021 56.0357 35.0143 39.3954 44.8219 13.1529 13.9284 35.5106 57.3062 47.5184 33.2415 50.5964 33.9559 48.2597 17.0294 54.7083 56.6127 36.8917 57.2713 19.0 21.2132 34.6699 51.8845 21.9545 5.099 28.2843 36.6742 65.7343 14.0357 44.1022 31.5753 0.0 17.088 29.9666 38.0 50.2892 52.345 27.6586 35.0571 16.1555 48.2597 16.1245 37.2156 49.4975 59.9083 45.1885 23.0217 51.0392 58.0775 16.2788 43.7379 32.9848 25.318 57.2189 55.7315 
13.0384 19.2094 34.2053 35.8469 40.6079 36.6742 40.1995 19.6469 42.0 38.9487 15.6525 3.1623 22.4722 48.0833 33.6155 37.2156 38.833 39.8121 40.8044 5.831 42.72 44.4185 20.5183 46.8615 6.7082 9.0554 35.1283 42.4264 25.4951 15.0333 36.0555 23.8537 57.3149 5.3852 29.4109 15.0 17.088 0.0 13.0384 46.8188 38.2753 37.9473 27.074 19.4165 1.0 32.0156 4.0 23.2594 33.0151 51.7397 28.178 9.8995 35.2278 42.107 16.4012 30.4138 16.1245 13.4536 41.0122 41.7852 
18.4391 19.4165 32.249 23.0868 32.2025 43.1856 31.0161 14.4222 50.2195 41.7732 25.0 16.1245 20.6155 47.0106 28.2843 46.4866 35.805 49.7695 42.0595 14.1421 39.0512 40.3609 8.0623 44.6542 15.2643 12.1655 42.7551 41.5933 35.7771 27.2029 47.0106 21.9317 56.4358 17.6918 23.3452 8.0623 29.9666 13.0384 0.0 57.7062 35.0 31.4006 35.171 13.6015 13.8924 22.4722 15.5563 19.7231 22.8035 51.4296 15.2315 14.5602 26.4008 32.573 24.1868 26.4008 7.0711 17.1172 31.0483 35.609 
40.2244 44.5533 48.7647 75.9276 67.1193 24.3516 68.8186 52.4023 16.1245 36.4005 51.0392 44.9222 47.4236 50.9902 56.3028 13.8924 52.8015 9.434 41.4849 50.6952 56.0803 57.9396 65.7647 53.8516 42.4853 55.0818 21.0238 48.0833 21.9545 43.0116 10.7703 47.5079 55.0364 41.4367 56.2228 53.8238 38.0 46.8188 57.7062 0.0 53.2259 61.0574 24.7588 53.1507 46.4866 64.4438 43.0813 50.2494 66.5282 50.2494 70.214 43.566 64.8151 71.0282 54.0833 52.4309 56.0357 42.2019 71.4003 62.1772 
26.9258 19.2354 5.0 35.0143 16.1245 29.1548 18.7883 20.6155 38.2753 18.3848 53.8516 40.3113 15.8114 13.1529 8.0623 39.3954 1.0 43.8634 14.4222 43.6005 4.4721 6.3246 38.9102 9.8489 32.6497 44.5982 32.2025 9.2195 37.2156 51.0784 45.8803 14.4222 22.1359 37.5766 12.6491 27.0185 50.2892 38.2753 35.0 53.2259 0.0 9.8489 30.5941 21.4009 39.1152 20.0 36.2353 15.5563 22.0227 18.1108 34.7131 28.6531 17.2627 20.5913 54.6443 8.6023 28.0179 25.4951 21.9317 9.2195 
29.0172 21.0 12.7279 26.1725 6.4031 37.6431 8.9443 18.3848 46.8615 27.8029 53.4883 40.5216 17.0 22.0907 5.099 47.1699 10.7703 51.6236 24.1868 42.5441 11.0 11.1803 33.4215 18.0 33.541 42.5441 40.2244 18.9737 43.0116 52.1728 52.8015 16.0312 30.1496 38.6394 8.544 24.1868 52.345 37.9473 31.4006 61.0574 9.8489 0.0 37.1618 18.7883 38.8973 11.7047 36.8782 15.1327 13.3417 27.074 27.313 29.4279 8.0623 10.8167 53.7122 9.2195 24.4131 27.074 12.083 4.2426 
16.7631 19.8494 25.7099 51.4004 42.9418 10.2956 44.4185 27.8029 15.1327 18.3848 37.5766 26.4764 22.6716 32.7567 32.2025 11.6619 30.4138 15.6205 22.8035 32.3883 34.2345 36.2215 43.0116 34.1321 21.0238 36.1248 8.0623 28.1603 7.2801 31.0644 15.6525 22.8035 39.9249 22.3607 31.6228 29.9666 27.6586 27.074 35.171 24.7588 30.5941 37.1618 0.0 28.6007 27.1662 39.6989 23.0868 25.4951 41.7732 34.176 46.1411 20.6155 40.2244 46.6476 39.9249 28.178 32.2025 18.3848 46.8722 38.8973 
13.8924 8.9443 18.7883 22.8035 21.2132 34.176 21.0 1.0 42.4853 30.0 34.7851 22.2036 8.0 33.541 15.0 40.2244 22.2036 44.2041 29.4279 23.7697 25.4951 26.8701 18.4391 31.0644 16.1245 23.8537 34.8855 28.2312 31.8904 34.1321 43.1393 9.0554 42.9418 21.0238 10.2956 5.6569 35.0571 19.4165 13.6015 53.1507 21.4009 18.7883 28.6007 0.0 20.3961 13.3417 19.0 6.3246 14.8661 38.0789 18.0278 12.3693 16.0 23.0217 34.9285 12.8062 6.7082 11.6619 22.2036 22.8254 
13.6015 20.0 35.0 36.7696 41.5933 36.8782 41.1947 20.6155 42.0119 39.4462 14.7648 2.2361 23.3238 48.7955 34.5398 37.1214 39.6611 39.6232 41.4005 5.3852 43.566 45.2769 21.2603 47.634 7.2111 9.0 35.2278 43.1393 25.318 14.0357 35.7351 24.6982 58.0 5.099 30.3645 16.0 16.1555 1.0 13.8924 46.4866 39.1152 38.8973 27.1662 20.3961 0.0 33.0151 4.1231 24.1661 34.0147 52.4023 29.0689 10.6301 36.2215 43.1045 15.6205 31.305 17.1172 14.1421 42.0119 42.72 
26.9258 20.2485 20.6155 15.0333 10.0 43.0116 8.544 13.6015 52.0096 35.4683 46.6905 35.0 17.0294 33.0606 12.0416 50.9117 21.0 55.1725 32.9848 35.5106 22.3607 22.8035 22.6716 29.2746 29.4279 34.4819 44.6878 29.0689 44.1022 47.0 55.0 16.9706 41.5933 34.2345 8.9443 17.0294 48.2597 32.0156 22.4722 64.4438 20.0 11.7047 39.6989 13.3417 33.0151 0.0 32.1403 14.2127 2.2361 38.0526 15.6525 25.7099 4.2426 10.198 46.3249 13.9284 16.2788 24.6982 9.0 15.6525 
9.8995 17.0 31.9061 37.5899 40.1123 32.7567 40.0 19.0263 38.0 35.5106 17.8045 4.2426 20.6155 45.3431 32.28 33.2415 36.7151 35.9026 37.6431 9.4868 40.7063 42.4853 23.4307 44.4072 3.6056 13.0384 31.1448 39.6989 21.587 15.2971 32.311 21.9317 54.4518 2.2361 28.4429 15.5242 16.1245 4.0 15.5563 43.0813 36.2353 36.8782 23.0868 19.0 4.1231 32.1403 0.0 21.8403 33.3766 48.7955 30.2324 7.6158 35.0 42.0119 19.105 28.7924 17.088 10.8167 41.1096 40.5216 
14.0357 6.3246 12.53 26.8328 19.2354 29.5296 19.9249 5.3852 38.2753 24.0832 38.9102 25.632 2.8284 27.2947 10.4403 36.7967 16.2788 41.0122 23.1948 28.3019 19.8494 21.4009 24.7386 25.0 18.4391 29.0689 30.8058 21.9317 30.0167 37.108 40.8044 3.1623 36.7151 23.5372 7.0711 11.6619 37.2156 23.2594 19.7231 50.2494 15.5563 15.1327 25.4951 6.3246 24.1661 14.2127 21.8403 0.0 16.2788 31.7805 23.3452 14.3178 15.2315 22.1359 39.4462 7.2111 13.0 12.0 21.9317 18.6815 
28.6356 22.2036 22.8035 13.0 10.6301 45.2217 8.6023 15.2315 54.2033 37.6962 47.3814 36.0555 19.105 35.0143 14.1421 53.0377 23.0217 57.28 35.171 36.2215 24.1868 24.5153 22.2036 31.1448 30.8058 34.9285 46.8615 31.1448 46.0435 48.0416 57.0088 19.105 43.4166 35.5106 11.1803 18.0278 49.4975 33.0151 22.8035 66.5282 22.0227 13.3417 41.7732 14.8661 34.0147 2.2361 33.3766 16.2788 0.0 40.0125 14.4222 27.2029 5.3852 9.8489 46.8722 16.1555 17.0294 26.4008 8.2462 17.088 
38.8973 33.0151 19.3132 53.0094 32.5576 27.1662 35.5106 37.1618 34.1321 15.8114 66.4831 53.0377 30.8869 5.0 26.1725 38.0526 17.1172 42.0 11.6619 57.4891 16.1245 16.4924 56.3028 9.2195 45.2769 59.4054 31.257 9.8489 41.4367 62.0081 46.2709 29.5296 5.831 49.5177 30.5941 43.382 59.9083 51.7397 51.4296 50.2494 18.1108 27.074 34.176 38.0789 52.4023 38.0526 48.7955 31.7805 40.0125 0.0 52.7731 41.8688 35.0143 36.8782 67.897 25.9615 44.7772 38.2884 38.6394 24.5153 
30.0 26.9258 34.0588 8.0623 25.0 52.2015 22.6716 18.9737 60.4152 47.3814 39.4588 31.305 25.7099 47.8539 26.6833 57.8014 35.6931 61.5873 46.0109 29.1204 37.6431 38.2753 10.0499 44.3847 29.0689 26.3059 52.8015 43.2897 48.4149 42.3792 59.8164 26.4764 56.7539 32.45 22.2036 16.4012 45.1885 28.178 15.2315 70.214 34.7131 27.313 46.1411 18.0278 29.0689 15.6525 30.2324 23.3452 14.4222 52.7731 0.0 26.9072 19.7231 23.3452 38.1182 27.074 14.2127 28.0179 21.2603 31.305 
4.0 9.434 24.4131 33.4215 33.0 29.0 33.1361 12.1655 35.6931 29.5466 25.2389 11.6619 13.0 38.1838 24.7386 31.9531 29.1548 35.3412 31.0644 15.6205 33.121 34.8855 22.4722 37.0135 4.1231 17.8885 28.2843 32.5269 21.6333 22.8035 33.0151 14.3178 47.4236 9.2195 21.095 10.6301 23.0217 9.8995 14.5602 43.566 28.6531 29.4279 20.6155 12.3693 10.6301 25.7099 7.6158 14.3178 27.2029 41.8688 26.9072 0.0 28.1603 35.2278 26.2488 21.1896 12.7279 3.6056 34.5254 32.9848 
28.8617 21.5407 18.7883 18.1108 5.831 42.5206 5.0 16.0312 51.6624 34.0 50.2195 38.1182 17.8885 30.0167 9.8489 51.0882 18.2483 55.4437 31.0161 39.0512 19.0263 19.2354 26.9072 26.0192 32.0624 38.2753 44.5533 26.4764 45.1774 50.0899 55.7584 17.4929 38.2099 37.0135 8.6023 20.3961 51.0392 35.2278 26.4008 64.8151 17.2627 8.0623 40.2244 16.0 36.2215 4.2426 35.0 15.2315 5.3852 35.0143 19.7231 28.1603 0.0 7.0711 50.0 12.8062 19.9249 26.6833 6.7082 11.7047 
35.9026 28.4605 23.4307 19.2354 4.4721 48.1041 2.2361 23.0868 57.3149 38.6005 56.8859 45.0444 24.6982 32.0156 14.8661 57.2014 21.4709 61.6117 34.9857 45.7056 20.8806 20.3961 31.9061 27.6586 39.1152 44.643 50.448 29.5466 51.8941 57.0351 62.2656 24.1661 39.1152 44.0454 15.2315 27.1662 58.0775 42.107 32.573 71.0282 20.5913 10.8167 46.6476 23.0217 43.1045 10.198 42.0119 22.1359 9.8489 36.8782 23.3452 35.2278 7.0711 0.0 56.5155 18.6011 26.4764 33.7343 2.2361 12.3693 
29.0 35.609 50.6063 46.1736 55.6597 50.1597 54.8179 35.3412 53.6004 54.4059 3.1623 14.8661 38.833 64.3817 49.6488 47.8539 55.2178 49.2544 56.7274 11.1803 59.0762 60.7454 28.2843 63.2535 22.6274 12.0416 47.7598 58.7282 35.9026 11.1803 44.0114 40.2244 73.5391 18.6011 45.1885 29.7321 16.2788 16.4012 24.1868 54.0833 54.6443 53.7122 39.9249 34.9285 15.6205 46.3249 19.105 39.4462 46.8722 67.897 38.1182 26.2488 50.0 56.5155 0.0 46.6476 30.0832 29.7321 55.109 57.6975 
20.2237 12.1655 7.0 28.6356 14.7648 29.7321 16.4012 12.0416 38.8973 21.5407 46.0652 32.6956 8.2462 21.1896 4.1231 38.6005 9.434 43.0116 19.2354 35.5106 12.7279 14.2127 30.4631 18.3576 25.2982 36.2353 31.8904 16.2788 33.8378 43.9659 43.8292 7.0711 30.4631 30.3645 5.099 18.4391 43.7379 30.4138 26.4008 52.4309 8.6023 9.2195 28.178 12.8062 31.305 13.9284 28.7924 7.2111 16.1555 25.9615 27.074 21.1896 12.8062 18.6011 46.6476 0.0 19.4165 18.4391 19.105 12.0416 
15.8114 14.0357 25.4951 20.8087 25.632 39.0512 24.7386 7.6158 46.8188 36.1248 30.4138 19.2354 14.3178 40.2492 21.2132 43.8292 28.8444 47.5079 35.9026 19.2354 32.0156 33.3017 12.0416 37.7359 15.2643 18.3848 39.2173 34.9285 34.2053 31.1448 45.607 15.5242 49.6488 19.3132 16.2788 2.2361 32.9848 16.1245 7.0711 56.0357 28.0179 24.4131 32.2025 6.7082 17.1172 16.2788 17.088 13.0 17.0294 44.7772 14.2127 12.7279 19.9249 26.4764 30.0832 19.4165 0.0 13.8924 25.1794 28.6007 
2.2361 6.3246 21.095 33.9411 31.1448 26.0768 31.5753 11.1803 33.2415 26.0 28.6007 15.0 10.198 34.6554 22.2036 29.9666 25.9422 33.6155 27.4591 19.2094 29.9666 31.7805 24.7386 33.6006 7.2111 21.4709 25.7099 29.0 20.5183 25.632 31.8904 11.4018 43.8634 12.083 19.0263 11.6619 25.318 13.4536 17.1172 42.2019 25.4951 27.074 18.3848 11.6619 14.1421 24.6982 10.8167 12.0 26.4008 38.2884 28.0179 3.6056 26.6833 33.7343 29.7321 18.4391 13.8924 0.0 33.2415 30.4138 
35.4401 28.2312 24.4131 17.0 6.0828 48.7955 3.1623 22.3607 57.9828 39.6611 55.5788 44.0 24.5967 33.7343 15.6205 57.6281 22.8473 62.0081 36.2353 44.4072 22.561 22.2036 30.0167 29.4279 38.3275 43.1741 50.9902 31.0161 51.8845 56.0 62.434 24.1868 41.0488 43.1856 15.2643 26.0192 57.2189 41.0122 31.0483 71.4003 21.9317 12.083 46.8722 22.2036 42.0119 9.0 41.1096 21.9317 8.2462 38.6394 21.2603 34.5254 6.7082 2.2361 55.109 19.105 25.1794 33.2415 0.0 14.1421 
32.249 24.1868 13.4164 29.6142 8.0623 38.2753 11.0454 22.3607 47.4342 27.5862 57.3847 44.2719 20.2237 19.6469 8.2462 48.3011 9.8995 52.7731 23.4307 46.5188 8.544 8.0623 37.6431 15.2971 37.108 46.6476 41.1825 17.4929 45.1221 55.7853 54.4243 19.105 27.0 42.2019 12.53 28.3019 55.7315 41.7852 35.609 62.1772 9.2195 4.2426 38.8973 22.8254 42.72 15.6525 40.5216 18.6815 17.088 24.5153 31.305 32.9848 11.7047 12.3693 57.6975 12.0416 28.6007 30.4138 14.1421 0.0 
