100
0.0 103.3102 55.7136 60.9016 21.0238 59.6657 101.789 54.1202 76.2168 8.0623 42.4382 1.4142 58.4637 57.9396 5.3852 72.9178 48.0104 75.1532 87.3212 71.5891 43.6005 82.6075 89.1403 49.2443 86.3308 91.0055 38.1838 89.8888 65.307 87.5728 101.0445 49.4975 53.4883 73.4302 24.3311 74.9533 47.8017 83.1685 71.1126 45.0999 43.382 74.8866 27.2029 89.627 14.5602 50.2494 15.2971 33.4215 35.9026 61.8547 74.027 96.3379 19.2094 24.1868 38.8973 89.0674 39.4081 53.8516 32.8024 48.0104 93.0591 77.4145 88.0511 35.4401 16.4012 21.8403 77.1557 62.1772 60.8769 93.1719 18.3848 70.7743 59.4643 53.6656 44.5533 70.4557 95.0053 86.5794 71.0282 32.28 20.025 54.4518 78.6448 47.2969 23.4307 64.8845 55.0364 72.1734 97.0824 14.8661 42.2966 18.1108 16.1245 74.1485 74.793 85.1469 23.7697 99.4786 28.0713 85.2877 
103.3102 0.0 78.032 62.2896 87.5957 78.7718 11.4018 49.1935 32.0 103.2473 69.0507 104.6566 48.7955 77.8974 108.6738 43.566 56.3028 63.5689 67.3647 31.9061 67.082 38.3275 35.8469 86.267 17.2047 48.0104 68.0074 17.0 44.0454 57.2189 20.6155 58.2495 78.2304 58.5235 98.7168 66.7608 79.0063 24.6982 63.3246 89.0225 84.6463 52.2015 76.6616 64.1249 93.1933 59.397 108.4666 70.9366 69.0652 57.1402 52.2015 31.1448 84.5813 79.1581 80.6598 14.5602 92.1954 64.0078 94.0479 65.1153 61.0 58.8727 50.1597 83.0241 87.2353 109.6358 35.3553 41.1461 70.2353 27.0185 106.4002 66.4831 76.0592 49.6488 62.8172 44.7772 46.0977 57.3149 49.6588 82.807 94.921 53.7587 64.7611 74.027 100.7671 38.5876 81.6333 55.7136 7.2111 114.5862 65.2993 111.018 98.9798 38.9487 57.8705 41.1461 79.6492 6.7082 78.2368 54.4518 
55.7136 78.032 0.0 76.243 58.0517 86.764 82.8553 45.1774 67.4759 49.7293 61.7171 56.3028 33.3766 2.2361 59.7746 74.0608 49.7293 90.2441 33.0 51.6624 60.8358 42.4264 85.4751 9.8489 62.6498 43.382 53.2353 61.0574 35.1141 36.4005 87.2812 57.5674 2.2361 85.5102 71.218 21.2132 76.6616 53.3385 86.5852 81.4002 13.0384 82.6075 38.2099 36.1248 41.2311 25.0799 49.2544 48.5489 32.7567 73.0068 28.4253 56.0803 48.9183 44.5533 17.0 68.1542 20.2237 70.2282 26.0 19.4165 40.4475 89.2693 39.8121 68.4105 49.2037 46.0109 72.1734 49.0918 8.6023 55.8659 45.0999 88.3233 4.0 44.1814 56.0803 33.2866 47.8539 35.4401 29.0689 23.7065 64.8151 59.439 25.318 10.8167 37.054 47.5184 3.6056 25.0 70.8308 57.3149 26.9258 50.04 64.8999 39.1152 86.3134 85.0529 41.7253 77.8203 32.5576 35.4683 
60.9016 62.2896 76.243 0.0 39.9625 16.7631 55.0818 33.2866 30.5941 65.3911 18.9737 62.2656 48.2597 77.7946 65.192 19.0263 26.5707 15.1327 91.4002 41.8808 18.4391 67.4759 33.2415 78.0897 50.5964 81.4678 26.1725 57.9396 52.4976 84.9588 50.01 18.6815 74.7262 12.53 44.6878 82.1523 18.3848 55.9464 11.0454 28.1603 72.5603 15.0 45.1774 90.9065 59.203 52.0 73.1642 32.249 45.2769 5.3852 70.4344 74.793 43.6578 41.9762 65.3758 49.0306 76.0263 7.2801 73.1095 56.921 91.2853 16.5529 80.6226 27.5862 46.2385 77.7946 27.0185 34.6554 73.9256 69.3542 73.6817 12.1655 77.4919 34.1321 21.0238 60.208 83.2406 84.2912 65.437 62.0081 43.9318 17.4929 83.4865 65.9697 72.5672 38.9487 78.5875 71.6101 59.2284 75.591 49.4773 76.3217 48.9183 58.7282 13.8924 27.7308 44.7214 56.0803 51.0392 81.3941 
21.0238 87.5957 58.0517 39.9625 0.0 39.3192 84.5281 39.4588 58.1808 26.4764 21.9317 22.3607 48.3735 60.208 25.2389 53.1507 31.3209 54.1295 85.4225 57.0701 23.3452 73.5527 69.4262 54.8179 71.3092 84.4038 19.6977 76.1183 55.3263 83.2166 82.6801 30.5287 55.9017 52.4786 13.9284 73.4302 27.2947 70.3491 50.0899 26.6833 48.4149 54.2033 20.2485 86.8159 23.5372 43.3244 34.5254 17.1172 28.2312 41.2311 68.3081 86.0523 9.2195 13.8924 41.7732 73.0548 47.8853 33.0151 42.5441 43.8292 89.3197 56.4358 82.0061 15.0333 9.8489 40.1123 58.2495 47.0744 60.4649 82.0061 36.0555 49.7695 61.0737 39.3192 25.5539 61.9839 87.8635 82.28 64.2884 35.609 8.0623 35.5106 76.4788 47.634 37.4833 50.636 58.6941 67.4166 82.0061 35.8469 35.8469 37.6563 11.4018 64.2806 53.8516 65.0538 16.4012 83.006 25.4951 80.3243 
59.6657 78.7718 86.764 16.7631 39.3192 0.0 71.0282 47.3814 47.2969 65.7647 25.0799 60.8769 62.2415 88.5494 62.9365 35.2278 39.0512 20.5913 105.4751 58.1808 25.9422 83.2346 47.5184 86.977 67.3573 97.0052 33.6155 74.6726 67.2681 99.7647 65.192 31.1448 85.0 22.8035 38.4708 95.4254 12.0416 72.45 18.0278 17.0294 80.9568 28.2843 51.4198 105.3613 62.0 64.0703 73.8241 38.8973 54.231 22.1359 84.8528 91.2414 46.0109 46.5296 73.6817 65.7343 82.9759 18.4391 78.9177 68.0955 106.1508 25.0799 95.901 24.3311 48.0104 79.404 43.4166 50.2195 85.7555 85.8662 75.326 15.6525 88.5889 48.0833 31.0644 75.0733 99.0454 99.0353 79.9062 69.1231 40.1622 32.0156 97.1854 76.0592 76.0066 54.6443 88.6397 85.6329 75.9276 74.4648 59.9416 76.9415 44.9444 74.2024 24.0416 41.5933 49.6488 72.4431 57.7235 96.2601 
101.789 11.4018 82.8553 55.0818 84.5281 71.0282 0.0 48.2701 26.5707 102.6158 64.5136 103.1746 51.3128 83.006 107.0701 36.0555 53.8516 54.3415 76.0 32.8024 62.6259 46.0977 25.632 90.3549 20.2485 57.3149 64.846 24.0208 47.8539 66.0303 9.2195 54.231 82.7647 49.6488 94.578 73.9797 72.6911 30.5941 54.5894 82.7345 87.983 43.4166 76.0592 73.0616 92.957 61.8547 108.4666 68.6003 69.3109 50.2494 59.0339 41.2311 82.6801 77.666 83.2346 14.7648 95.1315 57.8705 96.2133 67.9559 70.3491 49.4773 59.0762 78.1601 85.44 110.3177 28.2843 40.3609 75.6108 36.4966 106.8316 57.7062 81.3449 48.9183 59.0931 50.2892 55.9017 66.0076 55.7853 84.5044 91.3893 49.3964 72.4431 77.5242 101.8627 38.9487 86.406 62.3699 15.2971 114.0175 66.7083 111.198 95.7549 44.643 48.8365 31.3209 78.6003 6.0828 78.5175 63.0 
54.1202 49.1935 45.1774 33.2866 39.4588 47.3814 48.2701 0.0 25.0599 54.4059 26.0 55.4707 15.0 46.3897 59.4811 29.0172 9.4868 45.8803 58.258 17.72 24.1661 37.1618 42.0595 49.2544 32.311 50.2494 21.095 36.6742 20.0 52.4023 49.0408 16.4012 44.0454 40.8044 52.0096 48.8774 40.8167 31.0161 42.5441 49.2443 44.911 37.4833 27.8029 58.0 44.6878 20.0998 60.208 22.3607 21.4009 29.0689 37.4833 47.8539 35.4683 29.9666 38.6005 34.9857 50.5964 29.0 50.0899 26.0 58.7963 44.3847 48.8262 39.0512 38.0789 62.2896 28.4605 8.0623 41.4849 43.2897 58.6941 44.7214 45.7056 1.0 18.3848 27.8029 52.7731 51.6624 32.5269 38.0132 47.2652 15.8114 50.2195 36.0555 54.2033 11.1803 48.0416 38.4187 43.0813 65.8027 20.8806 62.9682 50.8035 27.7308 41.4849 40.6079 30.5287 45.4863 30.4795 48.9183 
76.2168 32.0 67.4759 30.5941 58.1808 47.2969 26.5707 25.0599 0.0 77.7946 37.9473 77.6209 34.1321 68.2642 81.4002 13.0384 28.3196 35.0 71.5122 17.72 36.0555 43.0465 18.0278 73.0068 20.5913 57.1402 38.5876 28.3019 34.2345 63.0714 24.8395 27.7308 66.7533 29.4109 68.0074 65.307 47.0106 28.3196 33.6155 57.0351 69.2604 23.4307 51.7397 69.857 68.6804 43.1741 84.22 42.8019 46.3249 25.318 50.9608 46.7547 57.0088 52.4023 63.3246 18.4391 75.3923 32.0156 75.1332 49.4773 68.884 31.1448 57.3062 51.6624 59.8164 86.8332 5.831 18.6815 62.0081 41.1096 83.0963 36.7151 67.1193 25.9422 32.6497 40.2616 57.8014 62.6498 46.3249 63.0635 64.8845 22.8473 65.2534 59.6657 79.0569 20.025 70.7107 53.3667 28.6356 89.1403 45.6946 87.1149 69.3181 36.4005 29.2062 18.6815 53.7401 26.1725 55.2178 59.5063 
8.0623 103.2473 49.7293 65.3911 26.4764 65.7647 102.6158 54.4059 77.7946 0.0 46.5188 7.8102 56.648 51.923 10.2956 75.8024 49.4975 80.0562 82.0366 71.3442 47.4131 79.8311 91.8314 42.5441 86.093 87.2067 41.0488 89.0 63.2456 83.0542 102.5914 52.2015 47.5395 77.8781 32.0156 69.7209 53.7587 81.939 75.9605 52.0096 37.0 78.7718 26.6271 84.5931 10.4403 47.5395 8.0623 35.609 34.4384 65.7647 70.1783 93.8616 21.9545 25.4951 33.3766 89.3085 32.249 58.1808 25.5539 44.4072 88.278 81.939 84.0952 41.4367 19.2354 14.1421 79.3095 62.426 55.5788 91.0934 10.4403 75.8947 53.6004 53.8238 47.4342 67.6831 91.351 82.0549 67.6018 27.074 27.1662 57.0088 73.5527 42.19 15.5563 64.6607 48.7032 68.0294 96.7471 11.4018 39.8497 11.1803 23.7697 71.8401 79.2023 88.2326 24.0832 99.8649 25.632 81.0 
42.4382 69.0507 61.7171 18.9737 21.9317 25.0799 64.5136 26.0 37.9473 46.5188 0.0 43.8292 39.6611 63.5295 47.0106 31.4006 16.5529 33.9559 82.134 41.3038 2.0 63.1585 47.634 61.9839 54.037 76.0592 8.544 60.075 45.6508 77.4209 61.7171 11.0 59.9333 31.3847 30.0832 71.4493 15.5563 55.7315 29.8329 23.2594 56.0446 32.45 27.074 82.4621 40.2616 39.6989 54.231 14.1421 29.1548 19.4165 62.2013 73.4983 24.6982 23.1948 48.7647 54.5894 58.5491 11.7047 55.0364 43.2666 83.8153 35.4683 74.4312 14.0357 27.313 58.8218 37.1214 31.5753 61.0328 68.6586 54.7083 30.2655 63.6318 26.4008 7.6158 53.3385 78.721 76.6094 57.4282 44.5533 27.4591 15.2971 73.5527 50.9902 53.7587 35.9026 63.561 62.482 64.2806 56.9386 34.9857 57.3847 32.2025 53.7122 32.6956 43.1393 26.0768 63.7887 33.2415 74.0608 
1.4142 104.6566 56.3028 62.2656 22.3607 60.8769 103.1746 55.4707 77.6209 7.8102 43.8292 0.0 59.6657 58.5235 4.1231 74.3303 49.4065 76.4853 88.0738 72.9178 45.0 83.7257 90.5539 49.6488 87.6641 92.0 39.598 91.1811 66.4906 88.459 102.45 50.9117 54.0833 74.793 25.1794 75.71 49.0408 84.4334 72.45 46.1736 43.8634 76.2758 28.4605 90.4268 15.2971 51.3517 14.5602 34.8281 37.108 63.2456 75.0067 97.4936 20.6155 25.5539 39.5601 90.4268 39.6611 55.2268 33.0151 49.0 93.9042 78.7718 89.0225 36.6879 17.8045 21.1896 78.5684 63.5295 61.6117 94.3663 17.8885 72.0902 60.0833 55.0091 45.9674 71.5681 96.0208 87.4643 72.0625 32.9848 21.095 55.8659 79.4292 48.0521 23.3452 66.2118 55.5428 73.1095 98.4124 13.6015 43.4166 17.2627 17.0294 75.3127 76.1577 86.5563 25.0799 100.8464 29.1548 86.209 
58.4637 48.7955 33.3766 48.2597 48.3735 62.2415 51.3128 15.0 34.1321 56.648 39.6611 59.6657 0.0 34.1321 63.7887 41.7732 23.4307 60.4152 43.2782 18.7883 38.0132 25.1794 52.1536 39.5601 31.8904 36.7696 33.1059 33.0151 7.0 37.8021 54.626 31.1127 32.7567 55.1543 61.9839 34.0 55.0 25.5539 57.2451 62.7694 36.7151 51.2445 31.4006 43.1393 46.2385 10.6301 60.8276 32.0156 22.561 43.909 22.6716 38.1182 42.0119 36.0139 32.0156 36.6197 43.8292 43.9318 45.2769 16.6433 44.2041 58.5235 34.8855 51.4782 44.1022 61.2944 39.0 16.1245 28.0713 34.7131 58.3095 59.5399 33.0151 14.2127 32.2025 13.9284 39.8497 37.0135 17.8045 34.0588 56.4358 30.8058 35.2278 26.4008 52.2015 14.1421 36.6742 23.4307 41.7732 67.624 17.0 63.1348 59.0762 16.0 55.7136 52.0384 35.2278 47.0106 31.0161 34.4093 
57.9396 77.8974 2.2361 77.7946 60.208 88.5494 83.006 46.3897 68.2642 51.923 63.5295 58.5235 34.1321 0.0 61.9839 75.1665 51.2445 91.6788 31.0161 52.1728 62.6099 41.7732 86.2844 11.4018 62.7694 42.0595 55.0727 60.9016 35.4401 34.7851 87.6413 59.1354 4.4721 86.885 73.4098 19.4165 78.5493 53.2353 88.0568 83.4086 15.1327 83.863 40.3113 34.2345 43.4626 26.3059 51.3517 50.4777 34.6699 74.4648 27.5862 55.2268 51.0882 46.669 19.2354 68.352 22.0907 71.8679 28.0179 20.8806 38.6394 90.6091 38.4708 70.4344 51.4004 48.0 73.0616 50.01 7.8102 55.2268 47.1699 89.8443 2.2361 45.3982 57.7754 33.121 46.5296 33.8378 28.6007 25.9422 67.0075 60.8769 23.5372 12.8062 39.1152 48.2597 4.4721 24.0832 70.7107 59.4138 28.6356 52.0865 67.1193 38.9487 87.6641 86.0058 43.8634 77.8781 34.7131 34.0147 
5.3852 108.6738 59.7746 65.192 25.2389 62.9365 107.0701 59.4811 81.4002 10.2956 47.0106 4.1231 63.7887 61.9839 0.0 77.7946 53.2541 79.177 91.7824 76.9675 48.2701 87.8237 94.0479 52.8015 91.7061 96.0052 43.1856 95.2733 70.6116 92.3472 106.2121 54.4885 57.5674 77.6981 26.0192 79.4292 51.264 88.5438 75.1798 47.676 47.1699 79.404 32.573 94.2019 19.105 55.4437 15.2643 38.6005 41.2311 66.4003 79.0 101.6071 24.4131 29.5296 43.1741 94.414 42.5441 58.2495 35.8469 53.0094 97.7394 81.6333 93.0054 39.0 21.6333 21.9545 82.2192 67.5352 65.307 98.4886 19.2094 74.686 63.6003 59.0339 49.5177 75.6637 100.045 91.351 76.1052 36.6742 22.8035 59.4643 83.1865 51.788 25.6125 70.2638 58.8727 77.0584 102.4597 12.0 47.5184 17.4642 18.2483 79.4292 79.0759 89.9389 29.1548 104.8094 33.2415 90.1388 
72.9178 43.566 74.0608 19.0263 53.1507 35.2278 36.0555 29.0172 13.0384 75.8024 31.4006 74.3303 41.7732 75.1665 77.7946 0.0 27.8568 22.0227 82.2922 28.8444 29.8329 55.0 16.2788 78.2304 33.6155 69.2026 34.8281 41.3401 43.6578 74.4312 31.3209 23.6008 73.0068 16.4012 60.9016 74.9466 36.8782 41.0366 20.5913 46.8722 73.6817 10.6301 51.4296 81.0062 67.7422 49.0102 82.9277 40.2244 48.0833 14.3178 61.327 59.6657 54.037 50.4777 67.082 31.0161 78.8543 22.4722 77.4919 55.0091 80.455 18.4391 69.0652 43.8292 56.8507 86.4523 8.2462 25.7099 69.7209 54.037 82.4924 23.7065 74.3303 30.0167 28.4253 50.5668 70.1783 73.9256 56.4624 65.521 58.8218 18.868 75.3923 65.0692 79.6241 28.7924 77.0065 63.3246 41.1096 86.8332 49.4975 85.9826 63.6003 47.5079 16.2788 12.53 52.4786 37.2156 56.0803 70.8308 
48.0104 56.3028 49.7293 26.5707 31.3209 39.0512 53.8516 9.4868 28.3196 49.4975 16.5529 49.4065 23.4307 51.2445 53.2541 27.8568 0.0 40.6079 66.4831 26.0768 14.7648 46.6154 43.0465 52.1536 40.025 59.5399 12.0416 45.1774 29.1548 61.2209 53.1507 8.0623 48.2701 36.1248 43.1856 56.4004 31.6228 40.05 36.8782 39.8121 47.0 34.1321 23.8537 66.5282 40.6079 25.4951 56.0803 14.7648 20.3961 23.3452 46.0977 57.2713 28.8444 24.0832 40.05 41.7852 51.4782 21.095 49.7293 30.3645 67.624 40.05 57.9828 29.6142 31.6228 59.0762 30.0 16.0312 47.4236 52.6118 55.2178 38.6005 50.9215 9.8489 8.9443 36.8917 62.1691 60.4401 41.2311 37.855 38.833 10.0 58.1378 39.6232 51.8845 20.025 52.1728 46.669 50.6952 60.8276 23.1948 59.0339 42.72 37.1618 37.054 40.3113 25.4951 51.8941 28.2312 57.8014 
75.1532 63.5689 90.2441 15.1327 54.1295 20.5913 54.3415 45.8803 35.0 80.0562 33.9559 76.4853 60.4152 91.6788 79.177 22.0227 40.6079 0.0 102.7278 50.3289 33.541 76.5768 29.1548 92.6553 55.4707 90.7855 41.3038 63.2456 63.6318 95.4411 47.2652 33.1361 88.8426 5.6569 56.8507 94.3716 29.0689 63.0317 4.1231 37.0135 87.2812 11.6619 60.2993 101.789 74.2159 65.521 87.9204 47.3814 60.075 17.2627 81.6333 81.6884 58.5235 57.0701 80.1561 52.3546 91.0 22.3607 88.2043 70.8308 101.6071 5.0 90.4268 40.4969 61.0328 92.72 29.6816 45.2769 87.2812 76.0592 88.6002 5.0 91.214 46.8188 36.0139 71.0211 91.9674 94.8683 76.6616 77.0065 57.1402 30.8058 95.2943 80.2309 87.6641 49.0918 92.7631 83.2406 62.1691 89.9611 63.7887 91.0824 62.1289 68.6003 5.831 23.1948 59.8415 56.921 66.1211 91.8368 
87.3212 67.3647 33.0 91.4002 85.4225 105.4751 76.0 58.258 71.5122 82.0366 82.134 88.0738 43.2782 31.0161 91.7824 82.2922 66.4831 102.7278 0.0 53.8516 80.6598 30.1496 88.3233 42.19 57.4282 19.9249 74.6525 52.0096 39.1152 10.198 83.2166 74.3303 35.0143 97.2471 99.2824 12.3693 97.6729 46.3897 99.8599 104.6375 46.0109 92.5905 65.307 4.2426 72.7805 43.0116 82.1523 71.8471 57.3062 86.8389 21.095 37.3631 76.9675 71.5542 48.6621 63.3877 53.0848 87.2067 59.0 41.5933 9.2195 100.2397 17.2627 92.4175 78.0 79.0063 77.2528 57.4543 26.4764 40.4475 78.0577 102.3426 29.0 57.4891 74.9667 31.7648 23.2594 10.0499 26.0768 55.109 93.0376 74.027 8.9443 40.025 70.0286 53.7122 35.1283 19.8494 61.0737 90.1998 49.7393 83.0241 94.1541 35.1141 97.6166 90.1388 69.3542 70.0071 61.0983 13.0 
71.5891 31.9061 51.6624 41.8808 57.0701 58.1808 32.8024 17.72 17.72 71.3442 41.3038 72.9178 18.7883 52.1728 76.9675 28.8444 26.0768 50.3289 53.8516 0.0 39.3192 26.2488 35.2278 58.3095 14.7648 40.4599 38.1182 19.105 17.0294 45.6508 35.8469 30.4138 51.2445 44.6878 69.2604 47.676 54.4059 14.5602 48.0833 63.7887 55.4707 39.4081 44.7772 52.3259 61.2944 29.1548 76.6094 40.025 37.2022 36.6197 33.2415 33.1059 53.1413 47.5395 50.4777 18.3848 62.434 40.3113 63.4114 35.3553 51.6236 47.2017 40.2244 55.1453 55.7136 77.9872 23.4094 10.0499 45.3982 27.8568 74.6525 50.9313 50.8035 18.0278 34.0588 22.561 41.7253 45.1774 28.6356 51.7397 64.7765 27.2029 47.5395 45.1885 69.3109 6.7082 55.0818 35.6931 25.4951 82.6801 33.9706 79.2023 68.4471 18.7883 44.8219 36.4005 47.8539 29.0 46.4004 42.0595 
43.6005 67.082 60.8358 18.4391 23.3452 25.9422 62.6259 24.1661 36.0555 47.4131 2.0 45.0 38.0132 62.6099 48.2701 29.8329 14.7648 33.541 80.6598 39.3192 0.0 61.327 46.0977 61.4003 52.0384 74.3034 8.0623 58.0775 43.909 75.8024 59.9416 9.0 59.0931 30.6757 31.9531 70.0928 17.0294 53.7587 29.4279 25.0799 55.5428 31.3847 27.0 80.9197 40.8044 38.4187 55.0364 14.0 28.4605 18.3576 60.6053 71.5681 25.4951 23.5372 48.2701 52.6118 58.3095 11.1803 55.0 42.19 82.201 34.7851 72.7186 16.0312 28.178 59.4643 35.3553 29.6142 59.9083 66.7083 55.3624 30.0666 62.6498 24.5967 5.831 51.6236 76.922 75.0 55.8032 44.2832 29.1548 13.3417 72.1249 50.1597 54.1295 33.9559 62.7694 60.959 62.2896 57.9828 34.0 58.1808 33.8378 51.8941 31.9531 41.7253 26.3059 61.8466 33.0606 72.4224 
82.6075 38.3275 42.4264 67.4759 73.5527 83.2346 46.0977 37.1618 43.0465 79.8311 63.1585 83.7257 25.1794 41.7732 87.8237 55.0 46.6154 76.5768 30.1496 26.2488 61.327 0.0 58.8727 51.7397 27.2947 14.2127 57.5674 22.0907 18.2483 20.6155 53.0848 53.2353 43.1856 70.9366 87.1321 28.4605 77.8267 16.2788 74.2765 86.406 51.8652 65.6049 56.0357 27.6586 69.4262 32.3883 82.8613 57.0701 47.0425 62.3699 14.4222 14.3178 67.0298 61.0328 50.0899 33.2415 59.9083 64.8999 63.5295 35.7351 26.0 73.4098 14.3178 75.8947 69.0 82.0792 48.8774 33.0151 33.9706 13.4536 79.712 77.0779 39.6989 36.7696 55.5428 12.1655 15.8114 20.3961 13.6015 54.4243 81.6149 51.3128 26.4764 41.6773 72.6154 28.6007 45.9674 18.0278 31.5753 90.2497 40.3113 84.7585 84.214 9.4868 71.0634 61.2699 60.0083 40.1995 54.5894 17.2627 
89.1403 35.8469 85.4751 33.2415 69.4262 47.5184 25.632 42.0595 18.0278 91.8314 47.634 90.5539 52.1536 86.2844 94.0479 16.2788 43.0465 29.1548 88.3233 35.2278 46.0977 58.8727 0.0 90.802 32.7567 72.4983 50.9902 40.2244 52.0865 79.3788 18.1108 39.6989 84.7172 25.02 76.8505 82.8734 51.6236 42.9535 30.0167 61.3514 86.8332 19.2354 66.888 86.3308 83.4865 61.0 98.813 56.2228 62.6498 29.5296 68.2495 59.6406 70.1783 66.4003 80.6536 27.8029 92.6553 38.0789 91.9239 67.2681 84.8646 24.1868 73.1642 59.6825 73.0 102.0833 13.6015 36.4966 80.025 54.0833 98.1835 33.0 85.1469 43.0116 44.5982 57.7062 72.4707 79.0569 63.7887 79.8499 75.0 34.8281 82.5651 77.4661 94.8947 38.0526 88.6848 70.859 36.1248 102.9417 62.9365 101.8332 79.8123 53.3667 24.0 6.0 68.2422 29.1548 71.1196 75.8947 
49.2443 86.267 9.8489 78.0897 54.8179 86.977 90.3549 49.2544 73.0068 42.5441 61.9839 49.6488 39.5601 11.4018 52.8015 78.2304 52.1536 92.6553 42.19 58.3095 61.4003 51.7397 90.802 0.0 70.3278 53.2259 53.4509 69.4046 42.5441 46.1736 94.1541 59.5399 8.6023 88.278 67.1789 30.8058 76.1577 61.6117 88.8144 79.7559 6.4031 86.0058 36.2353 45.5412 35.2278 29.8329 41.0 48.1041 32.9848 75.4255 38.0132 65.6049 45.607 42.19 13.4164 75.591 11.0454 71.5891 17.4642 23.5372 50.01 92.1954 49.6588 66.7308 45.3431 37.1214 77.2787 54.3415 18.3576 65.1153 36.6742 90.2552 13.6015 48.2597 57.2713 41.8688 57.6975 45.2217 38.2099 19.2094 60.8276 62.1289 34.9285 13.3417 28.6356 53.4509 7.0711 34.6699 79.0569 49.0306 29.0172 41.4367 60.208 47.634 89.202 89.8053 39.1152 85.5862 30.0167 45.31 
86.3308 17.2047 62.6498 50.5964 71.3092 67.3573 20.2485 32.311 20.5913 86.093 54.037 87.6641 31.8904 62.7694 91.7061 33.6155 40.025 55.4707 57.4282 14.7648 52.0384 27.2947 32.7567 70.3278 0.0 40.1622 51.9711 7.8102 27.7849 47.8539 26.0192 43.0465 62.6099 49.93 83.0241 54.231 65.6201 11.0454 54.2033 75.4255 68.2422 43.8292 59.5399 54.9181 76.0066 42.5206 91.2634 54.4059 51.8652 45.2217 39.2046 27.0185 67.7791 62.2415 63.8905 6.0 75.6042 50.8035 77.1557 48.4149 52.8867 51.4004 41.2311 68.0661 70.3847 92.4554 25.807 24.3516 55.3624 21.4009 89.202 57.3062 61.0983 32.6956 47.2652 30.0832 39.8121 47.676 35.6931 65.7647 78.8543 39.0128 53.0094 57.6888 83.6301 21.4709 66.2118 42.4264 10.7703 97.4166 48.1664 93.8136 82.7103 24.5153 49.6488 36.2353 62.6099 15.2643 61.0328 44.5533 
91.0055 48.0104 43.382 81.4678 84.4038 97.0052 57.3149 50.2494 57.1402 87.2067 76.0592 92.0 36.7696 42.0595 96.0052 69.2026 59.5399 90.7855 19.9249 40.4599 74.3034 14.2127 72.4983 53.2259 40.1622 0.0 69.857 33.7343 30.4138 9.8489 65.1153 66.5733 44.7772 85.1469 98.2344 24.0832 91.0659 29.5466 88.459 99.2975 55.0273 79.8123 65.6201 16.2788 77.0584 41.4367 89.1067 68.6222 56.7186 76.4199 17.0294 17.4642 77.1038 71.1969 55.109 45.8803 62.9682 78.6003 67.72 43.0 13.0384 87.6185 3.6056 88.2383 78.7718 87.3212 62.9682 46.8615 34.9285 21.0 85.5102 91.2414 39.8246 49.7393 68.4763 22.8473 4.4721 10.2956 20.2237 60.531 92.4175 65.0 20.5183 46.0977 77.8781 42.5206 46.5296 19.4165 42.107 96.8762 49.366 90.6091 94.541 22.8035 85.276 75.1798 69.7209 51.2445 63.0714 8.4853 
38.1838 68.0074 53.2353 26.1725 19.6977 33.6155 64.846 21.095 38.5876 41.0488 8.544 39.598 33.1059 55.0727 43.1856 34.8281 12.0416 41.3038 74.6525 38.1182 8.0623 57.5674 50.9902 53.4509 51.9711 69.857 0.0 57.2189 39.5601 70.4911 63.2456 11.3137 51.4296 38.0789 31.1448 63.6553 23.6008 52.0096 37.2156 30.0 47.5395 38.0789 19.0263 75.213 33.6155 31.8277 48.3735 6.0828 20.6155 25.2982 55.2268 68.884 19.2094 16.1555 40.2616 53.4509 50.2494 19.0263 47.0106 35.0 76.8505 42.2019 67.9779 18.3848 22.0227 52.3927 39.0512 28.0713 52.8015 64.3817 48.3322 38.0132 55.2268 21.2132 6.4031 47.0106 72.8011 69.6419 50.6063 36.2215 26.9258 16.2788 65.9469 42.4853 46.5725 32.0 55.0364 55.2178 62.5859 52.0096 26.6271 51.4782 31.0161 48.0833 39.2938 47.2017 18.6815 63.3246 25.02 67.2309 
89.8888 17.0 61.0574 57.9396 76.1183 74.6726 24.0208 36.6742 28.3019 89.0 60.075 91.1811 33.0151 60.9016 95.2733 41.3401 45.1774 63.2456 52.0096 19.105 58.0775 22.0907 40.2244 69.4046 7.8102 33.7343 57.2189 0.0 27.5862 42.107 31.4006 49.0918 61.2944 57.6888 88.3629 50.2195 72.3671 7.8102 61.9112 82.0366 68.0147 51.614 62.7694 49.163 78.7147 43.4166 93.6483 59.0339 54.5619 52.5547 35.4401 19.4165 71.8401 66.0984 64.3817 12.53 75.6902 57.7235 77.8974 48.8365 46.6905 59.203 35.2278 74.027 74.3303 94.3027 33.6006 29.1548 53.2353 13.8924 91.2688 65.0 59.0593 36.8782 53.0 27.7849 32.8938 42.0476 32.6956 67.0075 83.863 45.3982 48.5077 57.3847 85.2115 25.4951 64.6607 38.8973 9.8489 100.1848 49.93 96.0417 87.4757 21.9545 57.4282 43.9318 66.1287 18.1108 63.5295 39.0128 
65.307 44.0454 35.1141 52.4976 55.3263 67.2681 47.8539 20.0 34.2345 63.2456 45.6508 66.4906 7.0 35.4401 70.6116 43.6578 29.1548 63.6318 39.1152 17.0294 43.909 18.2483 52.0865 42.5441 27.7849 30.4138 39.5601 27.5862 0.0 32.5269 52.2015 36.4005 34.9285 58.1808 68.884 31.3209 60.7454 19.8494 60.7454 68.884 40.6079 53.7122 38.3275 38.4187 52.811 16.1245 67.1193 38.833 29.4279 47.8017 18.0278 31.1448 49.0102 43.0116 36.7967 33.1059 48.1664 48.8365 50.3289 21.2603 38.8973 61.2699 28.8444 57.9396 51.0882 67.2309 39.6232 18.3576 28.4429 27.8927 64.4127 63.2456 33.9559 19.4165 38.0789 7.8102 33.2415 31.8277 13.0384 39.6611 63.3877 35.3553 31.7805 30.0 57.9828 14.8661 38.6264 19.6977 36.8782 74.0945 23.4094 69.3181 66.0681 9.0 58.5918 52.7731 42.19 43.0465 37.6431 29.0 
87.5728 57.2189 36.4005 84.9588 83.2166 99.7647 66.0303 52.4023 63.0714 83.0542 77.4209 88.459 37.8021 34.7851 92.3472 74.4312 61.2209 95.4411 10.198 45.6508 75.8024 20.6155 79.3788 46.1736 47.8539 9.8489 70.4911 42.107 32.5269 0.0 73.437 68.7677 38.0789 89.8721 97.1442 15.6525 92.8009 36.8782 92.8009 100.4042 48.8365 84.9058 63.6003 7.0711 73.2462 39.9249 84.1487 68.4251 55.0273 80.1561 15.2643 27.2029 75.2861 69.5701 50.04 53.7587 56.5155 81.3449 61.8142 40.025 6.4031 92.6499 7.0711 88.6848 76.6551 81.7435 68.8767 50.448 28.4429 30.2655 80.3057 95.4254 32.573 51.7397 70.0 24.7588 13.6015 1.0 20.0 56.0089 91.0824 67.8823 11.6619 41.0122 72.4431 46.4004 39.2173 15.8114 51.0098 92.0869 47.4342 85.3756 92.72 26.9258 90.1388 81.5414 67.72 60.0083 60.208 3.6056 
101.0445 20.6155 87.2812 50.01 82.6801 65.192 9.2195 49.0408 24.8395 102.5914 61.7171 102.45 54.626 87.6413 106.2121 31.3209 53.1507 47.2652 83.2166 35.8469 59.9416 53.0848 18.1108 94.1541 26.0192 65.1153 63.2456 31.4006 52.2015 73.437 0.0 52.1536 86.977 43.0116 91.7061 80.2247 68.1542 37.0 48.0104 78.1025 91.236 37.0135 76.3806 80.5047 93.3488 64.846 108.9036 67.624 70.4344 45.607 65.192 49.6488 81.8352 77.2334 85.9593 20.025 98.0051 53.7587 98.4784 71.1126 78.0897 42.2966 66.6108 74.8465 84.6463 111.2879 24.5967 41.6173 80.5233 44.643 107.629 51.0392 86.1278 49.8197 57.1402 55.7315 64.0312 73.3348 61.5224 86.5332 89.0674 47.1699 79.0253 81.0247 103.2327 41.1825 90.7579 68.3593 23.7697 113.9517 68.7968 111.7587 93.6483 50.3587 42.0476 24.0832 78.5175 14.7648 79.511 70.2567 
49.4975 58.2495 57.5674 18.6815 30.5287 31.1448 54.231 16.4012 27.7308 52.2015 11.0 50.9117 31.1127 59.1354 54.4885 23.6008 8.0623 33.1361 74.3303 30.4138 9.0 53.2353 39.6989 59.5399 43.0465 66.5733 11.3137 49.0918 36.4005 68.7677 52.1536 0.0 56.0446 29.0172 40.5216 64.405 24.5967 44.911 29.2746 33.5261 54.1479 27.8927 28.4605 74.2496 44.2945 33.541 59.3633 16.6433 27.0 16.0 53.7587 62.9365 30.4795 26.9258 47.0425 43.7379 58.0775 13.0384 55.7315 38.2753 75.1665 33.0606 65.215 25.02 33.3017 63.0635 27.8029 20.8806 55.4617 57.9741 59.0593 30.8058 58.8727 17.0294 5.0 44.2041 68.9638 68.0147 48.8365 44.1814 37.1618 5.0 66.0681 47.2969 56.648 25.2982 59.9083 54.4885 53.3385 63.2535 30.8058 62.434 41.5933 43.909 30.0666 36.0555 29.0689 53.1601 33.7343 65.2993 
53.4883 78.2304 2.2361 74.7262 55.9017 85.0 82.7647 44.0454 66.7533 47.5395 59.9333 54.0833 32.7567 4.4721 57.5674 73.0068 48.2701 88.8426 35.0143 51.2445 59.0931 43.1856 84.7172 8.6023 62.6099 44.7772 51.4296 61.2944 34.9285 38.0789 86.977 56.0446 0.0 84.1724 69.029 23.0868 74.793 53.535 85.1469 79.404 11.0 81.3941 36.1248 38.0526 39.0 24.0 47.1699 46.6476 30.8869 71.5891 29.4109 57.0088 46.7547 42.45 14.7648 68.0294 18.4391 68.6222 24.0208 18.1108 42.2966 87.9659 41.2311 66.4003 47.0106 44.0454 71.3442 48.2597 9.8489 56.5862 43.0465 86.8332 6.0828 43.0465 54.4243 33.6006 49.2443 37.108 29.6985 21.4709 62.6259 58.0517 27.1662 8.9443 35.0143 46.8722 4.0 26.0768 71.0211 55.2268 25.2982 48.0104 62.6817 39.4081 85.0 84.1487 39.598 77.8267 30.4138 37.0 
73.4302 58.5235 85.5102 12.53 52.4786 22.8035 49.6488 40.8044 29.4109 77.8781 31.3847 74.793 55.1543 86.885 77.6981 16.4012 36.1248 5.6569 97.2471 44.6878 30.6757 70.9366 25.02 88.278 49.93 85.1469 38.0789 57.6888 58.1808 89.8721 43.0116 29.0172 84.1724 0.0 56.5685 89.0505 29.2062 57.3847 5.0 38.0789 83.0542 6.3246 56.8859 96.2549 71.4703 60.6383 85.6154 44.1475 56.0089 13.0384 76.1577 76.0592 56.0803 54.1202 76.0066 46.9574 87.0919 19.6977 84.5931 66.0984 96.0208 4.1231 84.8116 39.6989 58.6941 90.1388 24.1868 39.8246 82.28 70.4344 86.0349 8.0623 86.3481 41.7612 32.3883 65.5134 86.3134 89.3085 71.1969 73.171 56.2228 26.1725 89.8944 75.6637 84.6463 43.566 88.1192 77.8267 56.8595 88.1192 59.3043 88.7694 61.2209 63.0079 1.4142 19.0263 56.7539 51.923 62.514 86.267 
24.3311 98.7168 71.218 44.6878 13.9284 38.4708 94.578 52.0096 68.0074 32.0156 30.0832 25.1794 61.9839 73.4098 26.0192 60.9016 43.1856 56.8507 99.2824 69.2604 31.9531 87.1321 76.8505 67.1789 83.0241 98.2344 31.1448 88.3629 68.884 97.1442 91.7061 40.5216 69.029 56.5685 0.0 87.2353 27.8029 83.0241 53.1507 22.1359 60.8112 59.6657 34.0 100.7224 33.2866 57.2451 39.6232 30.1496 42.1545 47.4342 82.2192 99.3227 22.4722 27.7308 54.5619 84.1724 59.203 38.833 53.2541 57.6975 103.2473 60.1415 95.8801 17.2047 22.0227 46.0977 67.1193 59.2115 74.0945 95.0842 42.45 52.0096 74.4043 52.0 35.9026 75.71 101.6366 96.2081 78.1601 48.1041 6.4031 45.2217 90.3383 61.0328 46.0977 63.0714 71.5891 81.3449 93.5575 38.0132 49.7695 42.4264 8.2462 77.7817 57.9828 71.8471 30.0167 93.6803 38.833 94.2444 
74.9533 66.7608 21.2132 82.1523 73.4302 95.4254 73.9797 48.8774 65.307 69.7209 71.4493 75.71 34.0 19.4165 79.4292 74.9466 56.4004 94.3716 12.3693 47.676 70.0928 28.4605 82.8734 30.8058 54.231 24.0832 63.6553 50.2195 31.3209 15.6525 80.2247 64.405 23.0868 89.0505 87.2353 0.0 87.0 43.4166 91.2414 93.5094 34.0588 84.8646 53.2353 15.0 60.4152 31.8277 70.0286 60.4401 45.4863 77.8974 15.0333 39.6611 64.846 59.5399 36.3456 60.208 41.4367 77.4209 47.0956 29.6816 19.2354 92.3093 20.5183 81.0555 65.7951 67.1193 70.8308 49.3964 14.1421 41.1461 66.0 93.5361 17.2627 48.0208 64.5368 25.1794 28.4253 14.7648 19.105 42.7551 80.9506 64.6607 4.1231 27.6586 58.0086 46.1736 23.7697 12.0416 59.9083 78.0577 38.0132 71.007 81.939 30.0 89.5545 83.9524 57.2451 68.2495 48.8467 15.6205 
47.8017 79.0063 76.6616 18.3848 27.2947 12.0416 72.6911 40.8167 47.0106 53.7587 15.5563 49.0408 55.0 78.5493 51.264 36.8782 31.6228 29.0689 97.6729 54.4059 17.0294 77.8267 51.6236 76.1577 65.6201 91.0659 23.6008 72.3671 60.7454 92.8009 68.1542 24.5967 74.793 29.2062 27.8029 87.0 0.0 68.9638 25.4558 10.0499 70.0071 33.121 40.1622 97.949 50.01 55.2268 61.8142 28.178 43.909 22.561 77.6209 87.3155 34.0588 34.9285 62.7694 65.0692 71.5681 15.0 67.2681 58.6003 99.2018 32.5576 89.5879 12.3693 36.0 67.3647 44.4072 45.31 76.4003 82.2192 63.2851 24.2074 78.7718 41.3401 22.8035 68.5055 93.5361 92.0054 72.8011 57.8705 28.6356 27.2029 89.1067 65.8635 64.0312 49.7695 78.2943 77.9872 75.1665 62.6418 50.2195 64.9384 33.541 68.4763 30.6105 46.0977 38.0789 73.1095 46.4866 89.4036 
83.1685 24.6982 53.3385 55.9464 70.3491 72.45 30.5941 31.0161 28.3196 81.939 55.7315 84.4334 25.5539 53.2353 88.5438 41.0366 40.05 63.0317 46.3897 14.5602 53.7587 16.2788 42.9535 61.6117 11.0454 29.5466 52.0096 7.8102 19.8494 36.8782 37.0 44.911 53.535 57.3847 83.0241 43.4166 68.9638 0.0 61.2209 78.339 60.208 51.6236 55.9732 43.9318 71.5891 35.805 86.3539 53.2353 47.5395 50.6063 28.4429 18.868 65.5134 59.6657 56.6392 17.0294 67.897 54.7814 70.1783 41.1096 42.0595 59.397 30.3645 69.4622 67.9117 86.8217 34.0588 24.1868 45.618 13.4164 83.863 64.2028 51.4296 31.0644 48.3735 20.1246 29.6816 36.6742 25.2982 59.4054 78.2304 41.7612 42.0476 49.5782 77.666 20.025 56.9386 31.7805 17.4929 93.0376 42.5441 88.6848 81.6149 14.3178 57.3149 45.793 59.4811 25.0 56.3649 33.541 
71.1126 63.3246 86.5852 11.0454 50.0899 18.0278 54.5894 42.5441 33.6155 75.9605 29.8329 72.45 57.2451 88.0568 75.1798 20.5913 36.8782 4.1231 99.8599 48.0833 29.4279 74.2765 30.0167 88.8144 54.2033 88.459 37.2156 61.9112 60.7454 92.8009 48.0104 29.2746 85.1469 5.0 53.1507 91.2414 25.4558 61.2209 0.0 33.8378 83.3847 11.1803 56.2228 99.0454 70.0928 61.9839 83.8153 43.2897 56.1427 13.6015 78.7718 80.0 54.4059 52.9528 76.2365 51.4782 87.0057 18.2483 84.1487 67.1863 99.0202 7.2111 87.9659 36.6197 56.921 88.6002 28.6356 42.4382 83.8153 74.4043 84.4808 3.1623 87.6413 43.4626 32.0 68.2422 89.8053 92.2009 73.7835 73.0 53.2541 27.2029 92.2822 76.4853 83.5464 46.4004 89.0505 80.2621 61.4654 85.9069 60.0167 86.977 58.2495 66.0681 6.0828 24.0208 55.7315 56.7539 62.0725 89.202 
45.0999 89.0225 81.4002 28.1603 26.6833 17.0294 82.7345 49.2443 57.0351 52.0096 23.2594 46.1736 62.7694 83.4086 47.676 46.8722 39.8121 37.0135 104.6375 63.7887 25.0799 86.406 61.3514 79.7559 75.4255 99.2975 30.0 82.0366 68.884 100.4042 78.1025 33.5261 79.404 38.0789 22.1359 93.5094 10.0499 78.339 33.8378 0.0 73.4302 42.5441 43.566 105.2093 50.2195 61.7171 60.0 33.2415 48.9183 32.5576 85.1469 96.4624 35.1141 37.5899 66.3702 75.0267 73.9256 25.02 68.9493 64.3506 106.7801 41.0488 97.6166 13.0384 36.4005 66.0681 54.4518 54.4059 82.0731 91.4822 62.1289 32.0156 83.8689 49.6588 30.8707 76.5376 101.9804 99.5691 80.455 60.8276 25.0799 36.6742 95.901 70.6045 64.1327 58.8218 82.662 85.2115 85.0941 59.5399 55.8659 63.0079 29.4279 76.9675 39.4462 55.7136 40.7063 83.1505 49.7393 97.0979 
43.382 84.6463 13.0384 72.5603 48.4149 80.9568 87.983 44.911 69.2604 37.0 56.0446 43.8634 36.7151 15.1327 47.1699 73.6817 47.0 87.2812 46.0109 55.4707 55.5428 51.8652 86.8332 6.4031 68.2422 55.0273 47.5395 68.0147 40.6079 48.8365 91.236 54.1479 11.0 83.0542 60.8112 34.0588 70.0071 60.208 83.3847 73.4302 0.0 81.0555 29.9666 49.0408 29.1548 26.4008 36.2215 42.0595 27.2947 70.1142 38.9102 66.0379 39.2046 35.8469 7.2801 73.2462 8.0623 65.9242 13.0384 20.1246 53.2353 87.023 51.5461 60.4152 38.9487 33.0606 73.2462 50.5964 20.3961 65.0 32.0624 84.7172 17.0294 43.9318 51.6236 41.1096 59.4643 47.8539 38.2753 12.8062 54.4518 57.0 38.1182 10.6301 24.0208 50.1597 11.7047 35.8469 77.4661 44.2832 24.1868 37.0135 53.9073 46.6905 84.0238 85.5102 32.7567 83.4865 23.7065 47.5395 
74.8866 52.2015 82.6075 15.0 54.2033 28.2843 43.4166 37.4833 23.4307 78.7718 32.45 76.2758 51.2445 83.863 79.404 10.6301 34.1321 11.6619 92.5905 39.4081 31.3847 65.6049 19.2354 86.0058 43.8292 79.8123 38.0789 51.614 53.7122 84.9058 37.0135 27.8927 81.3941 6.3246 59.6657 84.8646 33.121 51.6236 11.1803 42.5441 81.0555 0.0 56.3205 91.4166 71.6938 57.5587 86.3134 44.0114 54.4518 13.0384 71.5542 70.1783 56.8243 54.231 74.1687 40.7063 85.5862 21.2603 83.5464 63.2851 90.9725 7.8102 79.6304 42.5206 59.5399 90.471 18.0278 35.4683 78.8543 64.5368 86.406 14.3178 83.1865 38.4708 31.9531 60.8276 80.8084 84.3801 66.6408 71.8471 58.6941 24.1868 85.4927 73.1095 84.4334 38.9102 85.3756 73.4098 50.5668 89.3588 57.0 89.4427 63.6553 57.9828 5.831 13.3417 56.648 45.607 61.6117 81.3019 
27.2029 76.6616 38.2099 45.1774 20.2485 51.4198 76.0592 27.8029 51.7397 26.6271 27.074 28.4605 31.4006 40.3113 32.573 51.4296 23.8537 60.2993 65.307 44.7772 27.0 56.0357 66.888 36.2353 59.5399 65.6201 19.0263 62.7694 38.3275 63.6003 76.3806 28.4605 36.1248 56.8859 34.0 53.2353 40.1622 55.9732 56.2228 43.566 29.9666 56.3205 0.0 66.8506 16.9706 24.1868 32.5269 13.0 9.0 43.9318 49.0306 69.4622 11.7047 6.4031 22.8254 62.6817 31.5753 38.0526 28.0 23.7697 69.5701 61.0 62.9682 30.5287 13.1529 35.2278 53.8238 35.805 40.2244 66.0984 31.4006 57.0351 41.0366 27.2029 24.5153 44.0 69.3542 62.6418 45.3982 17.72 27.7308 32.6956 56.3649 27.5862 28.2312 38.0789 39.2046 47.8017 70.2353 38.0132 16.2788 35.3836 29.1204 47.2652 58.0517 63.9531 4.1231 73.2393 6.3246 60.8769 
89.627 64.1249 36.1248 90.9065 86.8159 105.3613 73.0616 58.0 69.857 84.5931 82.4621 90.4268 43.1393 34.2345 94.2019 81.0062 66.5282 101.789 4.2426 52.3259 80.9197 27.6586 86.3308 45.5412 54.9181 16.2788 75.213 49.163 38.4187 7.0711 80.5047 74.2496 38.0526 96.2549 100.7224 15.0 97.949 43.9318 99.0454 105.2093 49.0408 91.4166 66.8506 0.0 75.1332 43.909 85.0235 72.7186 58.6003 86.2148 20.5183 33.7343 78.5493 73.0068 51.2445 60.8276 56.3205 87.0 62.0725 43.0813 5.0 99.1262 14.0 93.1933 79.712 82.0975 75.6439 56.6127 29.0689 37.1214 81.0 101.6071 32.1403 57.28 75.1665 30.8058 19.3132 7.2801 25.4951 57.5587 94.541 73.6614 11.0454 42.4264 73.0068 52.6972 38.4708 20.0 58.0 93.0484 50.9902 86.0058 95.8593 33.541 96.566 88.3912 70.9366 67.0298 62.9365 10.4403 
14.5602 93.1933 41.2311 59.203 23.5372 62.0 92.957 44.6878 68.6804 10.4403 40.2616 15.2971 46.2385 43.4626 19.105 67.7422 40.6079 74.2159 72.7805 61.2944 40.8044 69.4262 83.4865 35.2278 76.0066 77.0584 33.6155 78.7147 52.811 73.2462 93.3488 44.2945 39.0 71.4703 33.2866 60.4152 50.01 71.5891 70.0928 50.2195 29.1548 71.6938 16.9706 75.1332 0.0 37.108 15.5563 27.7308 24.1868 58.8727 60.0333 83.4326 16.0312 17.4642 24.3516 79.404 26.1725 51.923 20.0 34.1321 78.6384 75.5844 74.0068 38.2099 14.0357 18.7883 70.6045 52.6308 46.3249 80.6536 14.7648 70.406 44.9444 44.0454 39.8121 57.2713 81.1542 72.2496 57.3149 17.72 27.2947 48.8774 64.1327 32.7567 14.0357 54.6443 40.7063 58.0086 86.6083 21.4709 29.4109 18.4391 25.6125 61.4003 72.7324 80.2621 15.2643 90.0 15.2315 71.0634 
50.2494 59.397 25.0799 52.0 43.3244 64.0703 61.8547 20.0998 43.1741 47.5395 39.6989 51.3517 10.6301 26.3059 55.4437 49.0102 25.4951 65.521 43.0116 29.1548 38.4187 32.3883 61.0 29.8329 42.5206 41.4367 31.8277 43.4166 16.1245 39.9249 64.846 33.541 24.0 60.6383 57.2451 31.8277 55.2268 35.805 61.9839 61.7171 26.4008 57.5587 24.1868 43.909 37.108 0.0 51.0784 28.8444 15.2971 48.3839 25.0 46.3249 35.6931 29.8329 21.4009 47.2017 33.2866 46.5296 34.6554 6.3246 46.0977 64.3273 38.833 49.4065 37.3363 51.1077 47.5184 24.5153 21.9317 43.6578 48.3011 63.9062 25.7099 19.105 33.0151 20.2237 45.1774 39.0 21.2132 23.6008 51.2445 34.7851 34.2053 16.4924 41.8808 23.7697 28.0 24.1661 52.345 58.1893 8.0 53.2259 53.1507 24.3516 61.3922 60.208 28.2843 57.6281 22.2036 37.0 
15.2971 108.4666 49.2544 73.1642 34.5254 73.8241 108.4666 60.208 84.22 8.0623 54.231 14.5602 60.8276 51.3517 15.2643 82.9277 56.0803 87.9204 82.1523 76.6094 55.0364 82.8613 98.813 41.0 91.2634 89.1067 48.3735 93.6483 67.1193 84.1487 108.9036 59.3633 47.1699 85.6154 39.6232 70.0286 61.8142 86.3539 83.8153 60.0 36.2215 86.3134 32.5269 85.0235 15.5563 51.0784 0.0 42.72 39.4081 73.3485 72.1803 97.0824 29.5466 32.45 34.1321 94.8103 30.0832 65.9242 23.5372 47.1275 89.0056 89.6939 85.8429 49.4975 26.9258 6.7082 86.0523 68.1175 56.0 94.7048 4.4721 83.8153 53.2353 59.5483 54.7083 70.8378 93.3809 83.1505 70.0928 28.6356 35.0571 64.0703 74.0068 43.1856 12.3693 70.0 47.676 69.7209 101.789 8.0623 43.8292 3.1623 31.4006 75.3923 86.9253 95.4149 30.6105 105.423 30.2324 82.3893 
33.4215 70.9366 48.5489 32.249 17.1172 38.8973 68.6003 22.3607 42.8019 35.609 14.1421 34.8281 32.0156 50.4777 38.6005 40.2244 14.7648 47.3814 71.8471 40.025 14.0 57.0701 56.2228 48.1041 54.4059 68.6222 6.0828 59.0339 38.833 68.4251 67.624 16.6433 46.6476 44.1475 30.1496 60.4401 28.178 53.2353 43.2897 33.2415 42.0595 44.0114 13.0 72.7186 27.7308 28.8444 42.72 0.0 15.8114 31.3209 53.2259 69.1809 14.2127 10.2956 34.7851 56.4624 44.4072 25.0799 41.0 31.1127 74.7061 48.2701 66.4831 20.6155 17.0294 46.5188 43.8406 30.0832 48.8365 65.0077 42.4853 44.0454 50.8035 22.2036 12.083 45.8803 71.8401 67.5352 48.8467 30.4138 25.02 21.4009 63.0079 37.7359 40.5216 33.541 50.1199 52.8394 65.146 46.7547 22.6274 45.793 28.4429 47.676 45.3542 52.6972 12.6491 66.6408 19.105 65.307 
35.9026 69.0652 32.7567 45.2769 28.2312 54.231 69.3109 21.4009 46.3249 34.4384 29.1548 37.108 22.561 34.6699 41.2311 48.0833 20.3961 60.075 57.3062 37.2022 28.4605 47.0425 62.6498 32.9848 51.8652 56.7186 20.6155 54.5619 29.4279 55.0273 70.4344 27.0 30.8869 56.0089 42.1545 45.4863 43.909 47.5395 56.1427 48.9183 27.2947 54.4518 9.0 58.6003 24.1868 15.2971 39.4081 15.8114 0.0 43.0 40.2616 60.531 20.3961 14.5602 20.0998 55.4437 31.1448 38.6394 29.4109 15.8114 61.0983 60.0333 54.1295 36.0694 22.0907 41.0122 49.1935 29.0 33.2415 57.2713 37.5366 57.4282 35.0 20.6155 24.3311 35.0 60.407 54.0833 36.4966 17.4642 36.0555 30.2655 48.3735 21.9545 32.8024 30.6105 34.4384 39.2173 62.434 45.6508 7.6158 42.0119 37.855 38.3275 57.0351 60.407 13.0384 66.0681 9.2195 52.2015 
61.8547 57.1402 73.0068 5.3852 41.2311 22.1359 50.2494 29.0689 25.318 65.7647 19.4165 63.2456 43.909 74.4648 66.4003 14.3178 23.3452 17.2627 86.8389 36.6197 18.3576 62.3699 29.5296 75.4255 45.2217 76.4199 25.2982 52.5547 47.8017 80.1561 45.607 16.0 71.5891 13.0384 47.4342 77.8974 22.561 50.6063 13.6015 32.5576 70.1142 13.0384 43.9318 86.2148 58.8727 48.3839 73.3485 31.3209 43.0 0.0 65.8027 69.4622 43.8292 41.4367 63.0317 43.7379 74.0608 8.6023 71.5681 53.6004 86.4523 17.1172 75.6637 30.2324 46.5296 77.6209 22.0227 29.7321 70.2282 64.0078 73.5391 15.6525 74.0405 29.9666 19.4165 55.4437 78.1025 79.511 60.803 60.1332 46.0109 13.6015 79.0759 62.9682 71.8401 33.9411 75.505 67.1193 53.9351 76.3217 46.5296 76.4853 50.9313 53.7401 14.1421 24.4131 43.9659 51.0098 49.4975 76.5768 
74.027 52.2015 28.4253 70.4344 68.3081 84.8528 59.0339 37.4833 50.9608 70.1783 62.2013 75.0067 22.6716 27.5862 79.0 61.327 46.0977 81.6333 21.095 33.2415 60.6053 14.4222 68.2495 38.0132 39.2046 17.0294 55.2268 35.4401 18.0278 15.2643 65.192 53.7587 29.4109 76.1577 82.2192 15.0333 77.6209 28.4429 78.7718 85.1469 38.9102 71.5542 49.0306 20.5183 60.0333 25.0 72.1803 53.2259 40.2616 65.8027 0.0 27.6586 60.6383 54.8179 38.3275 45.1774 46.9574 66.4831 51.264 26.0192 21.6333 79.177 14.0357 73.4302 62.1691 70.6045 56.6127 36.3593 19.8494 27.8029 68.6586 81.2712 25.4558 36.7696 54.8179 10.7703 21.2132 14.4222 5.0 43.566 76.243 53.1507 14.3178 29.4109 61.131 32.6497 31.8904 3.6056 45.2217 79.9062 32.7567 73.7564 78.1025 15.0333 76.5376 69.6419 53.1507 53.3667 46.1736 12.083 
