50
0.0 10.0 8.0623 12.0416 19.105 31.8904 21.4709 33.6155 26.4197 14.7648 17.8045 14.8661 21.4009 20.0 22.0227 26.6271 22.6274 4.0 21.2603 17.6918 27.1662 15.0333 3.1623 28.4429 25.2389 24.0832 15.1327 18.0278 28.6531 30.0 27.6586 29.7321 22.3607 16.1245 29.0689 16.6433 33.8378 18.0278 30.4138 21.2132 23.7065 15.1327 13.9284 12.6491 29.1548 10.2956 23.0868 3.6056 19.7231 25.318 
10.0 0.0 9.2195 15.0 27.2947 39.2046 13.4536 42.5441 35.4683 24.0416 26.4008 20.5183 14.7648 27.2029 30.4138 22.561 17.088 10.7703 29.5296 13.1529 37.1214 18.6011 13.0384 38.3275 17.8045 26.8328 19.2094 23.3452 34.6554 25.2982 35.8469 37.7359 26.0768 20.0 36.4005 23.6008 42.4853 11.1803 38.2753 31.1448 15.5563 17.0 13.9284 4.4721 35.3553 5.099 32.7567 8.544 12.2066 28.6531 
8.0623 9.2195 0.0 19.2354 18.9737 39.8246 22.6716 40.8044 27.6586 17.0 25.4558 11.4018 23.8537 28.0179 22.1359 31.0161 25.9422 11.7047 21.1896 10.0 31.257 22.561 9.2195 34.176 18.3848 18.0278 10.0 26.0 36.7151 34.0147 35.3553 37.4833 17.0 10.8167 37.0135 14.7648 34.176 11.4018 38.2099 26.9258 24.7588 22.0907 20.025 8.544 26.1725 13.0 29.5296 10.198 13.3417 32.9848 
12.0416 15.0 19.2354 0.0 29.1548 25.0599 18.1108 30.4138 34.6554 23.6008 15.0333 26.6833 16.0312 13.6015 31.6228 17.2047 15.5242 8.0623 31.0644 27.313 31.7648 3.6056 13.6015 29.8329 32.8024 36.1248 27.1662 8.6023 19.8494 20.8087 22.8035 24.3516 34.3657 28.1603 22.3607 27.8568 42.45 26.0768 24.6982 23.7697 20.025 3.1623 4.1231 19.4165 40.3113 10.6301 23.5372 9.0554 27.2029 13.9284 
19.105 27.2947 18.9737 29.1548 0.0 37.6563 40.2244 33.541 9.0 6.0828 24.0 9.0554 40.4599 29.0689 3.1623 45.4533 41.7253 22.0227 2.2361 26.0 16.4012 30.8707 16.2788 22.8035 35.0143 16.2788 12.1655 31.0483 38.0 48.9183 31.7805 33.9559 13.4536 12.3693 35.3553 5.099 15.2315 29.1548 34.9285 17.4642 42.4382 32.249 32.2025 27.5136 12.0416 29.2062 21.5407 22.6274 31.1448 39.2938 
31.8904 39.2046 39.8246 25.0599 37.6563 0.0 42.3792 10.6301 37.054 32.0156 14.7648 41.2311 39.5601 12.0416 38.2099 36.0555 37.855 29.0 38.3275 49.5782 27.6586 21.9317 30.8058 20.2485 56.6392 51.6236 43.382 16.5529 7.0711 39.0 6.0 4.1231 49.0408 44.2832 2.8284 39.8497 43.566 49.5177 3.1623 21.0 43.9659 24.6982 28.2312 43.2782 49.366 35.5106 17.0294 31.1448 50.9902 17.0294 
21.4709 13.4536 22.6716 18.1108 40.2244 42.3792 0.0 48.5077 47.8853 36.2353 33.0151 33.9411 3.6056 31.5753 43.2666 12.6491 6.7082 19.9249 42.4382 24.0416 47.8017 20.6155 24.5967 47.2652 24.0832 39.9625 32.6497 25.9615 36.2491 14.0357 40.7922 42.2019 39.4081 33.4215 39.8497 36.8782 55.2268 20.3961 42.45 40.6079 2.2361 17.72 14.3178 15.6525 48.7955 11.1803 41.1096 18.3848 20.0998 27.4591 
33.6155 42.5441 40.8044 30.4138 33.541 10.6301 48.5077 0.0 30.5941 28.8444 16.1555 39.2046 46.1736 17.0294 33.2415 44.2832 45.0111 31.7805 33.6155 50.8035 20.0998 28.0713 31.6228 12.0416 58.8303 49.0918 41.8688 23.0 17.0 47.5184 8.0623 7.6158 46.3249 42.638 11.1803 36.8917 36.0139 51.6236 8.0623 16.1245 50.3587 31.0644 34.2345 46.0652 44.2719 39.8497 12.2066 34.0147 53.3385 26.2488 
26.4197 35.4683 27.6586 34.6554 9.0 37.054 47.8853 30.5941 0.0 11.6619 25.632 18.0278 47.7074 31.0161 6.0828 51.6624 48.6004 28.6007 7.0711 35.0 10.7703 35.609 23.3238 18.6815 44.0114 23.7065 21.095 34.4819 39.0512 55.2268 31.0644 33.0151 21.0238 21.2132 35.2278 14.0357 7.8102 38.1182 34.0147 16.1245 50.1199 37.5366 38.2099 36.1386 14.4222 36.7151 20.025 29.6816 40.1123 42.4853 
14.7648 24.0416 17.0 23.6008 6.0828 32.0156 36.2353 28.8444 11.6619 0.0 18.0278 10.6301 36.0555 23.0217 8.0623 40.3113 37.0135 17.0294 7.6158 25.7099 14.5602 25.0599 11.6619 19.2094 34.7131 20.2485 13.6015 25.0 32.0156 43.8406 26.2488 28.4605 17.4929 14.2127 29.6142 8.0623 19.2094 28.1603 29.4109 12.8062 38.4708 26.6271 26.9072 25.1794 18.1108 25.0599 16.6433 18.0278 30.1496 33.2415 
17.8045 26.4008 25.4558 15.0333 24.0 14.7648 33.0151 16.1555 25.632 18.0278 0.0 26.5707 31.0644 5.3852 25.1794 31.0161 30.4138 15.6525 25.0799 35.3836 19.105 13.6015 16.2788 15.2315 43.0116 37.0 28.6356 10.0 14.0 34.5398 9.8995 12.0416 34.4819 29.5466 12.083 25.4951 33.1059 35.805 12.8062 10.6301 35.0 16.4924 19.105 30.0167 36.0139 23.7697 8.9443 17.8885 37.4433 17.2047 
14.8661 20.5183 11.4018 26.6833 9.0554 41.2311 33.9411 39.2046 18.0278 10.6301 26.5707 0.0 34.8281 30.8058 12.0 41.1825 36.6197 18.6815 11.0 17.0294 24.5967 29.2746 13.1529 29.8329 26.0 10.4403 3.1623 31.0161 40.025 44.4185 35.7771 38.0132 8.0623 3.6056 38.6264 4.0 23.5372 20.3961 38.9102 23.3452 36.0694 29.8329 28.7924 19.7231 14.8661 23.6008 27.0185 18.3848 22.3607 39.0128 
21.4009 14.7648 23.8537 16.0312 40.4599 39.5601 3.6056 46.1736 47.7074 36.0555 31.0644 34.8281 0.0 29.1548 43.4166 9.2195 3.1623 19.2354 42.638 26.4764 46.8188 18.1108 24.4131 45.7056 27.2947 41.5933 33.8378 23.3452 33.2415 11.0454 38.3275 39.6232 40.8167 34.6699 37.108 37.4833 55.2178 23.0868 39.8121 39.2938 4.4721 15.1327 12.0 17.72 49.679 11.3137 39.4588 18.0278 23.0 24.1868 
20.0 27.2029 28.0179 13.6015 29.0689 12.0416 31.5753 17.0294 31.0161 23.0217 5.3852 30.8058 29.1548 0.0 30.4138 27.6586 28.0 16.9706 30.2655 37.6431 24.2074 11.0454 19.2354 19.4165 44.5982 41.2311 32.573 6.0828 9.2195 31.0483 9.2195 10.7703 38.833 33.5261 9.2195 30.1496 38.4838 37.4833 11.1803 15.8114 33.3766 14.0357 17.2627 31.241 41.1096 23.7065 13.4536 19.105 38.9487 12.0416 
22.0227 30.4138 22.1359 31.6228 3.1623 38.2099 43.2666 33.2415 6.0828 8.0623 25.1794 12.0 43.4166 30.4138 0.0 48.1664 44.5982 24.7588 1.0 29.0172 14.8661 33.121 19.105 21.9545 38.0 18.0278 15.0333 32.8938 39.1152 51.6624 32.249 34.3657 15.2643 15.1327 36.0555 8.0 12.083 32.249 35.3553 17.4642 45.4863 34.6699 34.8281 30.6757 11.1803 32.2025 21.587 25.4951 34.2345 41.1096 
26.6271 22.561 31.0161 17.2047 45.4533 36.0555 12.6491 44.2832 51.6624 40.3113 31.0161 41.1825 9.2195 27.6586 48.1664 0.0 6.0828 23.4307 47.5079 35.1283 48.8774 17.4642 29.2062 46.2385 36.4966 49.0408 40.7185 21.587 29.1548 3.6056 36.2215 37.054 47.927 41.6293 34.0 43.2666 59.4138 32.0 37.0135 40.7063 12.53 14.7648 13.4536 26.1725 55.7584 18.0278 39.9249 23.0217 32.0624 19.2354 
22.6274 17.088 25.9422 15.5242 41.7253 37.855 6.7082 45.0111 48.6004 37.0135 30.4138 36.6197 3.1623 28.0 44.5982 6.0828 0.0 20.0 43.8634 29.2746 47.0106 17.0294 25.4951 45.3542 30.4138 43.8634 35.8469 22.0227 31.3209 8.2462 37.054 38.2099 42.9418 36.7151 35.5106 39.0512 56.2228 26.0192 38.3275 39.2173 7.0711 14.0357 11.4018 20.3961 51.4004 13.0384 39.0512 19.105 26.0192 21.9317 
4.0 10.7703 11.7047 8.0623 22.0227 29.0 19.9249 31.7805 28.6007 17.0294 15.6525 18.6815 19.2354 16.9706 24.7588 23.4307 20.0 0.0 24.0832 20.8087 27.8927 11.0454 5.831 28.0179 27.6586 28.0713 19.105 14.3178 25.2389 26.9072 25.2389 27.2029 26.3059 20.0998 26.1725 20.1246 36.2353 20.5183 27.8029 21.0238 22.1359 11.1803 10.2956 14.4222 32.6497 9.0554 22.2036 2.2361 22.0227 21.3776 
21.2603 29.5296 21.1896 31.0644 2.2361 38.3275 42.4382 33.6155 7.0711 7.6158 25.0799 11.0 42.638 30.2655 1.0 47.5079 43.8634 24.0832 0.0 28.0179 15.5563 32.6497 18.3848 22.4722 37.0 17.2047 14.0357 32.573 39.0512 50.9902 32.3883 34.5254 14.4222 14.1421 36.1248 7.0 13.0 31.257 35.5106 17.72 44.6542 34.1321 34.2053 29.7321 11.0454 31.4006 21.8403 24.7588 33.2415 40.8044 
17.6918 13.1529 10.0 27.313 26.0 49.5782 24.0416 50.8035 35.0 25.7099 35.3836 17.0294 26.4764 37.6431 29.0172 35.1283 29.2746 20.8087 28.0179 0.0 40.2616 30.8707 19.2094 43.8634 9.0554 17.8045 14.1421 34.9857 46.0435 37.4833 45.2769 47.3814 18.3576 14.3178 46.7547 21.0238 40.4475 4.2426 48.0833 36.6742 25.632 29.7321 26.9258 9.0 29.5466 18.2483 39.4462 18.868 5.831 41.2311 
27.1662 37.1214 31.257 31.7648 16.4012 27.6586 47.8017 20.0998 10.7703 14.5602 19.105 24.5967 46.8188 24.2074 14.8661 48.8774 47.0106 27.8927 15.5563 40.2616 0.0 31.6228 24.0832 8.0623 49.2443 32.6497 27.7308 29.0 30.8707 52.4786 21.8403 23.5372 29.8329 28.178 26.2488 21.095 16.0312 42.5793 24.5153 8.4853 50.0 34.1321 35.7771 39.0128 25.0599 36.8782 11.1803 29.6142 44.5533 36.2353 
15.0333 18.6011 22.561 3.6056 30.8707 21.9317 20.6155 28.0713 35.609 25.0599 13.6015 29.2746 18.1108 11.0454 33.121 17.4642 17.0294 11.0454 32.6497 30.8707 31.6228 0.0 16.1245 28.7924 36.4005 39.0128 30.0167 5.3852 16.4012 21.0238 20.2237 21.587 37.1214 31.0161 19.3132 30.0832 43.4166 29.6816 21.8403 23.3238 22.3607 3.0 6.3246 23.0217 42.3792 14.1421 22.4722 12.3693 30.8058 10.4403 
3.1623 13.0384 9.2195 13.6015 16.2788 30.8058 24.5967 31.6228 23.3238 11.6619 16.2788 13.1529 24.4131 19.2354 19.105 29.2062 25.4951 5.831 18.3848 19.2094 24.0832 16.1245 0.0 25.7099 27.2947 23.0217 14.0357 18.2483 28.2312 32.6497 26.1725 28.3196 21.0238 15.0333 28.0179 14.3178 30.8058 20.1246 29.0689 18.4391 26.8328 16.7631 16.1245 15.2971 26.8328 13.4164 20.6155 6.4031 21.9317 26.0192 
28.4429 38.3275 34.176 29.8329 22.8035 20.2485 47.2652 12.0416 18.6815 19.2094 15.2315 29.8329 45.7056 19.4165 21.9545 46.2385 45.3542 28.0179 22.4722 43.8634 8.0623 28.7924 25.7099 0.0 52.5547 38.9487 32.8024 25.0599 24.4131 49.7695 14.7648 16.1555 36.1248 33.4215 19.2354 26.8701 24.0 45.5412 17.088 7.2801 49.366 31.6228 33.9559 41.0 32.6956 37.0 6.3246 30.0666 47.4342 31.241 
25.2389 17.8045 18.3848 32.8024 35.0143 56.6392 24.0832 58.8303 44.0114 34.7131 43.0116 26.0 27.2947 44.5982 38.0 36.4966 30.4138 27.6586 37.0 9.0554 49.2443 36.4005 27.2947 52.5547 0.0 25.0799 23.0217 41.1096 52.4023 38.1182 52.8015 54.8179 26.2488 23.0868 53.8145 30.0 49.2544 7.2111 55.4437 45.31 25.0 34.6699 31.3847 13.4536 37.6431 22.4722 47.8539 25.4951 5.6569 46.3249 
24.0832 26.8328 18.0278 36.1248 16.2788 51.6236 39.9625 49.0918 23.7065 20.2485 37.0 10.4403 41.5933 41.2311 18.0278 49.0408 43.8634 28.0713 17.2047 17.8045 32.6497 39.0128 23.0217 38.9487 25.0799 0.0 9.0 41.1947 50.448 52.0 46.0977 48.3322 2.8284 8.0 49.0408 12.2066 26.4764 22.0227 49.2443 33.0151 41.8808 39.2046 37.6563 24.4131 13.0384 31.0161 36.8917 27.2947 23.6008 49.0408 
15.1327 19.2094 10.0 27.1662 12.1655 43.382 32.6497 41.8688 21.095 13.6015 28.6356 3.1623 33.8378 32.573 15.0333 40.7185 35.8469 19.105 14.0357 14.1421 27.7308 30.0167 14.0357 32.8024 23.0217 9.0 0.0 32.249 41.7612 43.8292 38.0789 40.3113 7.2801 1.0 40.7185 7.0711 26.3059 17.72 41.1825 26.1725 34.7131 30.2655 28.8617 17.8045 16.4012 22.8254 29.7321 18.4391 19.6469 40.05 
18.0278 23.3452 26.0 8.6023 31.0483 16.5529 25.9615 23.0 34.4819 25.0 10.0 31.0161 23.3452 6.0828 32.8938 21.587 22.0227 14.3178 32.573 34.9857 29.0 5.3852 18.2483 25.0599 41.1096 41.1947 32.249 0.0 11.3137 25.0 15.0333 16.2788 39.0512 33.2415 13.9284 31.1448 42.19 34.2053 16.4924 20.5183 27.6586 8.2462 11.7047 27.6586 42.9535 19.2094 18.868 16.1245 35.4683 8.2462 
28.6531 34.6554 36.7151 19.8494 38.0 7.0711 36.2491 17.0 39.0512 32.0156 14.0 40.025 33.2415 9.2195 39.1152 29.1548 31.3209 25.2389 39.0512 46.0435 30.8707 16.4012 28.2312 24.4131 52.4023 50.448 41.7612 11.3137 0.0 32.0156 9.8995 9.434 48.0521 42.72 5.831 39.3192 46.1736 45.4533 8.9443 23.0868 37.6962 18.868 22.4722 38.9487 50.01 30.4795 19.6977 27.2029 46.7547 10.0 
30.0 25.2982 34.0147 20.8087 48.9183 39.0 14.0357 47.5184 55.2268 43.8406 34.5398 44.4185 11.0454 31.0483 51.6624 3.6056 8.2462 26.9072 50.9902 37.4833 52.4786 21.0238 32.6497 49.7695 38.1182 52.0 43.8292 25.0 32.0156 0.0 39.4588 40.1995 50.9902 44.7214 37.054 46.6154 62.9682 34.1321 40.1123 44.2945 13.3417 18.3576 17.0294 28.6356 59.0762 21.0238 43.4626 26.4008 34.0147 22.0227 
27.6586 35.8469 35.3553 22.8035 31.7805 6.0 40.7922 8.0623 31.0644 26.2488 9.8995 35.7771 38.3275 9.2195 32.249 36.2215 37.054 25.2389 32.3883 45.2769 21.8403 20.2237 26.1725 14.7648 52.8015 46.0977 38.0789 15.0333 9.8995 39.4588 0.0 2.2361 43.4626 38.9487 4.4721 34.176 37.6563 45.607 3.1623 15.0 42.5793 23.1948 26.4764 39.6611 43.4166 32.6956 11.0454 27.4591 47.2017 18.3848 
29.7321 37.7359 37.4833 24.3516 33.9559 4.1231 42.2019 7.6158 33.0151 28.4605 12.0416 38.0132 39.6232 10.7703 34.3657 37.054 38.2099 27.2029 34.5254 47.3814 23.5372 21.587 28.3196 16.1555 54.8179 48.3322 40.3113 16.2788 9.434 40.1995 2.2361 0.0 45.6946 41.1825 3.6056 36.4005 39.4588 47.634 1.0 17.0294 43.9318 24.5153 27.8927 41.6173 45.5412 34.4384 13.0 29.4109 49.2037 18.6815 
22.3607 26.0768 17.0 34.3657 13.4536 49.0408 39.4081 46.3249 21.0238 17.4929 34.4819 8.0623 40.8167 38.833 15.2643 47.927 42.9418 26.3059 14.4222 18.3576 29.8329 37.1214 21.0238 36.1248 26.2488 2.8284 7.2801 39.0512 48.0521 50.9902 43.4626 45.6946 0.0 6.3246 46.4866 9.434 24.1868 22.4722 46.6154 30.2324 41.4005 37.4833 36.1386 24.0832 11.4018 29.9666 34.1321 25.7099 24.1868 47.0 
16.1245 20.0 10.8167 28.1603 12.3693 44.2832 33.4215 42.638 21.2132 14.2127 29.5466 3.6056 34.6699 33.5261 15.1327 41.6293 36.7151 20.0998 14.1421 14.3178 28.178 31.0161 15.0333 33.4215 23.0868 8.0 1.0 33.2415 42.72 44.7214 38.9487 41.1825 6.3246 0.0 41.6293 7.2801 26.1725 18.0278 42.0595 26.8701 35.4683 31.257 29.8329 18.4391 15.8114 23.7065 30.4795 19.4165 19.9249 41.0488 
29.0689 36.4005 37.0135 22.3607 35.3553 2.8284 39.8497 11.1803 35.2278 29.6142 12.083 38.6264 37.108 9.2195 36.0555 34.0 35.5106 26.1725 36.1248 46.7547 26.2488 19.3132 28.0179 19.2354 53.8145 49.0408 40.7185 13.9284 5.831 37.054 4.4721 3.6056 46.4866 41.6293 0.0 37.3631 41.9762 46.6905 3.1623 19.105 41.4849 22.1359 25.632 40.4599 47.1699 32.7567 15.2971 28.3196 48.1664 15.2971 
16.6433 23.6008 14.7648 27.8568 5.099 39.8497 36.8782 36.8917 14.0357 8.0623 25.4951 4.0 37.4833 30.1496 8.0 43.2666 39.0512 20.1246 7.0 21.0238 21.095 30.0832 14.3178 26.8701 30.0 12.2066 7.0711 31.1448 39.3192 46.6154 34.176 36.4005 9.434 7.2801 37.3631 0.0 19.6469 24.3311 37.3363 20.8087 39.0512 31.0161 30.4138 23.2594 12.53 26.1725 24.6982 20.2485 26.3059 39.3192 
33.8378 42.4853 34.176 42.45 15.2315 43.566 55.2268 36.0139 7.8102 19.2094 33.1059 23.5372 55.2178 38.4838 12.083 59.4138 56.2228 36.2353 13.0 40.4475 16.0312 43.4166 30.8058 24.0 49.2544 26.4764 26.3059 42.19 46.1736 62.9682 37.6563 39.4588 24.1868 26.1725 41.9762 19.6469 0.0 43.9318 40.4475 23.0868 57.4543 45.3431 45.9674 42.72 14.3178 44.1022 26.6833 37.2022 45.8912 50.1199 
18.0278 11.1803 11.4018 26.0768 29.1548 49.5177 20.3961 51.6236 38.1182 28.1603 35.805 20.3961 23.0868 37.4833 32.249 32.0 26.0192 20.5183 31.257 4.2426 42.5793 29.6816 20.1246 45.5412 7.2111 22.0227 17.72 34.2053 45.4533 34.1321 45.607 47.634 22.4722 18.0278 46.6905 24.3311 43.9318 0.0 48.2701 38.2753 21.8403 28.178 25.0799 6.7082 33.541 16.1555 40.7185 18.3848 2.0 39.8246 
30.4138 38.2753 38.2099 24.6982 34.9285 3.1623 42.45 8.0623 34.0147 29.4109 12.8062 38.9102 39.8121 11.1803 35.3553 37.0135 38.3275 27.8029 35.5106 48.0833 24.5153 21.8403 29.0689 17.088 55.4437 49.2443 41.1825 16.4924 8.9443 40.1123 3.1623 1.0 46.6154 42.0595 3.1623 37.3363 40.4475 48.2701 0.0 18.0278 44.1475 24.7386 28.1603 42.2019 46.5296 34.8855 14.0 30.0 49.8197 18.4391 
21.2132 31.1448 26.9258 23.7697 17.4642 21.0 40.6079 16.1245 16.1245 12.8062 10.6301 23.3452 39.2938 15.8114 17.4642 40.7063 39.2173 21.0238 17.72 36.6742 8.4853 23.3238 18.4391 7.2801 45.31 33.0151 26.1725 20.5183 23.0868 44.2945 15.0 17.0294 30.2324 26.8701 19.105 20.8087 23.0868 38.2753 18.0278 0.0 42.7551 25.9422 27.8568 33.7343 28.6356 30.0666 4.1231 23.0 40.1622 27.8029 
23.7065 15.5563 24.7588 20.025 42.4382 43.9659 2.2361 50.3587 50.1199 38.4708 35.0 36.0694 4.4721 33.3766 45.4863 12.53 7.0711 22.1359 44.6542 25.632 50.0 22.3607 26.8328 49.366 25.0 41.8808 34.7131 27.6586 37.6962 13.3417 42.5793 43.9318 41.4005 35.4683 41.4849 39.0512 57.4543 21.8403 44.1475 42.7551 0.0 19.4165 16.1245 17.4929 50.9117 13.4164 43.1856 20.6155 21.3776 28.6531 
15.1327 17.0 22.0907 3.1623 32.249 24.6982 17.72 31.0644 37.5366 26.6271 16.4924 29.8329 15.1327 14.0357 34.6699 14.7648 14.0357 11.1803 34.1321 29.7321 34.1321 3.0 16.7631 31.6228 34.6699 39.2046 30.2655 8.2462 18.868 18.3576 23.1948 24.5153 37.4833 31.257 22.1359 31.0161 45.3431 28.178 24.7386 25.9422 19.4165 0.0 3.6056 21.4709 43.4626 12.2066 25.2982 12.0 29.1548 11.6619 
13.9284 13.9284 20.025 4.1231 32.2025 28.2312 14.3178 34.2345 38.2099 26.9072 19.105 28.7924 12.0 17.2627 34.8281 13.4536 11.4018 10.2956 34.2053 26.9258 35.7771 6.3246 16.1245 33.9559 31.3847 37.6563 28.8617 11.7047 22.4722 17.0294 26.4764 27.8927 36.1386 29.8329 25.632 30.4138 45.9674 25.0799 28.1603 27.8568 16.1245 3.6056 0.0 18.3848 42.9418 8.9443 27.6586 10.4403 25.9422 15.0 
12.6491 4.4721 8.544 19.4165 27.5136 43.2782 15.6525 46.0652 36.1386 25.1794 30.0167 19.7231 17.72 31.241 30.6757 26.1725 20.3961 14.4222 29.7321 9.0 39.0128 23.0217 15.2971 41.0 13.4536 24.4131 17.8045 27.6586 38.9487 28.6356 39.6611 41.6173 24.0832 18.4391 40.4599 23.2594 42.72 6.7082 42.2019 33.7343 17.4929 21.4709 18.3848 0.0 34.2053 9.4868 35.7351 12.2066 7.8102 33.121 
29.1548 35.3553 26.1725 40.3113 12.0416 49.366 48.7955 44.2719 14.4222 18.1108 36.0139 14.8661 49.679 41.1096 11.1803 55.7584 51.4004 32.6497 11.0454 29.5466 25.0599 42.3792 26.8328 32.6956 37.6431 13.0384 16.4012 42.9535 50.01 59.0762 43.4166 45.5412 11.4018 15.8114 47.1699 12.53 14.3178 33.541 46.5296 28.6356 50.9117 43.4626 42.9418 34.2053 0.0 38.4187 32.7567 32.7567 35.3412 51.1957 
10.2956 5.099 13.0 10.6301 29.2062 35.5106 11.1803 39.8497 36.7151 25.0599 23.7697 23.6008 11.3137 23.7065 32.2025 18.0278 13.0384 9.0554 31.4006 18.2483 36.8782 14.1421 13.4164 37.0 22.4722 31.0161 22.8254 19.2094 30.4795 21.0238 32.6956 34.4384 29.9666 23.7065 32.7567 26.1725 44.1022 16.1555 34.8855 30.0666 13.4164 12.2066 8.9443 9.4868 38.4187 0.0 31.0644 7.2801 17.0 23.8537 
23.0868 32.7567 29.5296 23.5372 21.5407 17.0294 41.1096 12.2066 20.025 16.6433 8.9443 27.0185 39.4588 13.4536 21.587 39.9249 39.0512 22.2036 21.8403 39.4462 11.1803 22.4722 20.6155 6.3246 47.8539 36.8917 29.7321 18.868 19.6977 43.4626 11.0454 13.0 34.1321 30.4795 15.2971 24.6982 26.6833 40.7185 14.0 4.1231 43.1856 25.2982 27.6586 35.7351 32.7567 31.0644 0.0 24.3311 42.5441 25.4558 
3.6056 8.544 10.198 9.0554 22.6274 31.1448 18.3848 34.0147 29.6816 18.0278 17.8885 18.3848 18.0278 19.105 25.4951 23.0217 19.105 2.2361 24.7588 18.868 29.6142 12.3693 6.4031 30.0666 25.4951 27.2947 18.4391 16.1245 27.2029 26.4008 27.4591 29.4109 25.7099 19.4165 28.3196 20.2485 37.2022 18.3848 30.0 23.0 20.6155 12.0 10.4403 12.2066 32.7567 7.2801 24.3311 0.0 19.8494 22.8035 
19.7231 12.2066 13.3417 27.2029 31.1448 50.9902 20.0998 53.3385 40.1123 30.1496 37.4433 22.3607 23.0 38.9487 34.2345 32.0624 26.0192 22.0227 33.2415 5.831 44.5533 30.8058 21.9317 47.4342 5.6569 23.6008 19.6469 35.4683 46.7547 34.0147 47.2017 49.2037 24.1868 19.9249 48.1664 26.3059 45.8912 2.0 49.8197 40.1622 21.3776 29.1548 25.9422 7.8102 35.3412 17.0 42.5441 19.8494 0.0 40.8167 
25.318 28.6531 32.9848 13.9284 39.2938 17.0294 27.4591 26.2488 42.4853 33.2415 17.2047 39.0128 24.1868 12.0416 41.1096 19.2354 21.9317 21.3776 40.8044 41.2311 36.2353 10.4403 26.0192 31.241 46.3249 49.0408 40.05 8.2462 10.0 22.0227 18.3848 18.6815 47.0 41.0488 15.2971 39.3192 50.1199 39.8246 18.4391 27.8029 28.6531 11.6619 15.0 33.121 51.1957 23.8537 25.4558 22.8035 40.8167 0.0 
