100
0.0 64.6375 85.0 71.1196 42.3792 55.109 50.5668 12.6491 16.2788 61.4003 58.3095 62.6498 22.4722 60.1664 54.1295 94.7629 26.0768 45.793 45.2769 68.3593 68.4251 11.0 54.231 81.0062 42.2019 44.8219 101.8332 36.8782 20.5183 79.1581 73.9797 2.8284 77.2528 53.6004 62.5859 92.6553 61.8142 38.8973 54.4243 31.8904 27.7849 4.4721 26.9258 38.0132 14.7648 8.6023 29.0689 54.3323 92.3147 60.0333 89.8109 25.0599 50.636 74.9533 63.0 59.203 72.0069 34.4819 26.0 27.0185 24.5153 82.7647 48.6621 53.7122 54.3323 41.0488 50.5964 48.3735 13.0384 48.0 68.1836 27.0185 52.1536 100.4241 18.2483 32.6497 64.56 60.2993 71.7008 75.1798 61.2046 33.541 61.5873 75.505 37.4833 25.807 42.45 5.099 56.0803 65.2993 37.855 48.7032 74.8866 75.0 77.1038 81.0555 53.9073 63.1506 80.6536 54.626 
64.6375 0.0 81.0247 32.8024 26.4197 26.0192 33.2415 72.8972 48.5489 4.0 26.4197 11.7047 47.7598 42.5441 44.9444 32.6497 44.2041 19.105 19.799 55.4707 10.0 59.0339 16.2788 68.1175 63.1269 25.0799 46.3897 61.0082 85.0 63.7809 27.5862 64.2028 43.0116 63.0635 45.793 28.0179 28.1603 27.5136 36.7696 33.121 58.6686 64.1405 79.404 70.0643 50.0 56.6039 51.6236 61.4003 34.5254 39.6232 25.4558 43.6578 46.8402 78.7147 59.0339 19.7231 30.8058 51.0784 45.8039 52.9528 43.1856 42.0476 45.2769 28.7924 43.0116 40.8044 21.587 17.0294 51.614 54.1295 65.7647 76.6551 41.0122 42.9535 59.1354 68.469 43.0116 63.3246 32.45 13.0384 42.7551 36.8917 25.0 56.0803 45.8803 61.0574 28.6356 60.0 26.4008 5.831 61.0 38.0789 27.313 43.0465 16.2788 26.0768 12.1655 49.8197 86.7698 15.2971 
85.0 81.0247 0.0 50.5668 87.8009 99.0858 50.9902 80.0062 77.1622 77.801 54.8179 90.9065 66.4078 38.9487 39.2046 82.9759 90.802 79.3977 80.1561 25.6125 91.022 74.1485 89.0955 14.3178 43.1045 63.8905 72.0069 48.2597 98.0204 18.6815 108.2312 87.2983 42.72 31.4006 35.4683 94.2444 104.6518 68.8186 45.9674 73.0616 104.7521 80.7527 70.7107 50.1597 81.2712 79.0759 57.0088 30.8058 73.1642 112.8051 88.8651 66.8506 39.9625 11.7047 24.6982 61.4003 110.6345 104.6518 92.6121 58.6941 87.2353 48.8365 110.3857 53.7587 112.2007 101.548 91.351 81.3941 80.6536 38.2753 17.8885 67.4759 109.4029 75.1665 66.7533 55.0364 38.0132 25.0 111.9464 92.4392 115.7454 90.5539 56.0357 131.7953 102.9563 104.6757 90.802 84.9294 55.3173 75.7166 47.2652 47.8017 59.2368 121.6553 75.6439 67.3573 72.9178 121.8236 13.0384 88.3912 
71.1196 32.8024 50.5668 0.0 49.4975 56.0803 20.8087 74.2024 56.0803 30.5287 13.3417 44.1022 48.8774 17.72 24.1661 35.1283 61.4003 39.4588 40.4475 26.4764 42.5206 61.5873 45.31 36.7151 48.3011 28.4429 32.8024 49.0918 90.7359 32.249 60.3075 72.0139 10.2956 42.2019 19.105 44.1475 59.9416 35.5106 18.4391 42.9535 77.5242 68.6003 74.411 57.8014 59.4643 62.6099 46.0109 40.025 27.2029 70.3847 38.833 46.0652 28.178 50.9902 33.0 16.2788 63.6003 73.0 63.3877 48.1664 58.6941 12.1655 72.5672 17.4642 72.1249 65.4905 49.3356 40.025 60.1664 36.2491 38.3275 70.9366 69.6419 33.121 57.6281 58.8218 15.0333 39.1152 65.215 42.638 73.5391 57.0 11.0 88.1192 69.1158 78.9177 52.6118 68.0294 15.5242 27.0185 48.5489 24.0416 9.0554 75.7166 25.0799 18.0 29.1204 80.4114 58.6941 44.3847 
42.3792 26.4197 87.8009 49.4975 0.0 14.3178 37.2156 52.9528 28.1603 24.6982 37.3631 20.8087 32.7567 50.1199 48.6004 59.0593 18.4391 10.0499 9.0554 63.2851 27.0185 40.1123 12.2066 77.5242 56.8243 24.1868 71.5681 52.8015 61.7171 73.8241 32.1403 41.2311 59.2284 61.8466 53.7122 53.0754 21.3776 19.105 42.5441 17.4642 32.249 43.1741 63.0 60.407 27.8927 35.6931 40.8534 60.959 60.0833 25.6125 51.4004 29.1204 48.1664 82.0366 63.2535 33.2415 31.0644 25.0 19.799 41.1096 18.3576 61.2046 23.4094 35.8469 24.4131 16.0312 8.2462 10.198 29.8329 52.4976 70.2922 61.0737 21.6333 68.6222 43.1856 57.0088 52.8015 65.0538 31.257 34.0588 28.3196 10.6301 38.6394 44.6878 20.2237 34.6699 3.1623 37.3363 35.7351 29.7321 53.2259 40.0 48.0416 37.6962 42.1545 50.2195 21.0238 34.0588 89.8053 12.8062 
55.109 26.0192 99.0858 56.0803 14.3178 0.0 48.1041 66.3702 42.0 26.4764 45.793 15.2971 47.0744 60.4401 60.1082 56.7539 29.4109 19.8494 19.2094 73.8783 21.1896 54.0 10.7703 87.8009 70.6824 35.3836 72.1734 66.8506 73.3894 83.8153 18.9737 53.6004 66.3099 74.8866 64.0312 47.4131 7.0711 31.9061 53.1507 31.6228 39.0512 56.4358 77.0584 74.6324 41.1947 49.163 55.0273 73.8173 60.208 14.3178 47.1699 43.4166 60.3075 94.2603 74.9667 40.2492 17.0294 29.6985 30.0832 55.3624 30.5941 66.7608 19.9249 45.607 17.0 18.3848 7.8102 17.6918 43.1856 65.4599 82.0366 75.2396 15.1327 68.469 57.4282 71.3092 62.426 77.4661 17.0294 27.7308 17.4642 21.587 46.0652 32.8024 24.0416 42.0119 13.0 50.01 44.6542 31.257 67.2309 51.6624 52.3927 23.7065 42.0476 52.0865 27.2947 24.3516 102.1763 11.7047 
50.5668 33.2415 50.9902 20.8087 37.2156 48.1041 0.0 53.4135 36.1386 29.4109 9.8489 41.1825 28.178 13.0 12.2066 51.0784 44.2832 28.4253 29.2062 26.0768 42.72 40.8167 38.2884 40.3113 31.4006 13.0384 53.0377 30.6757 69.9714 36.6742 58.6686 51.6236 26.9258 29.8329 16.5529 55.4437 53.8145 18.9737 5.3852 25.1794 60.075 47.8853 54.4059 39.8497 39.8121 42.1545 25.4951 28.1603 45.4863 61.8466 50.8035 25.632 13.6015 46.6154 27.0185 15.0333 60.4649 57.2713 46.2709 27.5862 41.1096 32.2025 60.3738 5.099 61.5873 52.0 40.3609 30.4138 40.2616 21.095 34.0588 51.0392 58.8303 52.6308 36.8782 39.8121 16.2788 30.4138 61.6117 46.0977 64.8151 41.7612 13.4164 80.8084 54.4059 61.0 40.3113 47.7598 8.2462 29.2746 30.3645 5.0 26.4008 70.9366 35.6931 34.4819 22.8254 71.0282 54.6443 37.6431 
12.6491 72.8972 80.0062 74.2024 52.9528 66.3702 53.4135 0.0 25.0 69.3542 62.2896 72.4224 26.2488 60.8276 54.1295 101.2126 38.0526 54.7814 54.4243 66.7608 77.8332 13.8924 64.2884 78.0897 37.054 50.6063 106.2168 32.249 18.2483 76.9025 85.0 15.2315 78.8923 49.163 62.6498 100.7224 73.2462 45.793 56.3028 39.8121 40.2492 10.0 14.8661 30.4138 25.1794 17.2627 28.6531 50.3587 97.6217 72.2496 97.4166 30.0 50.1597 69.1809 60.208 64.4438 83.3847 47.1275 38.2099 26.4197 36.0139 85.1469 61.1882 57.3847 66.7533 53.3385 61.1882 57.5847 23.1948 45.607 64.3817 15.8114 64.4981 105.3613 16.6433 25.1794 65.2993 56.3205 83.2166 84.309 73.5527 45.0444 65.7951 88.0738 50.01 38.0789 53.4603 17.2627 60.1415 72.7186 33.2415 50.4777 79.2465 87.0919 83.8153 86.3134 61.4003 75.71 73.9797 64.56 
16.2788 48.5489 77.1622 56.0803 28.1603 42.0 36.1386 25.0 0.0 45.2217 42.9535 47.4342 10.7703 47.1699 42.0119 78.492 16.6433 29.9666 29.5466 57.2189 52.9245 12.0 39.2938 70.859 37.2022 28.8444 85.9826 32.0156 36.7967 68.3593 60.2993 16.4012 63.0635 46.5188 50.04 76.5506 49.0102 22.6716 40.6079 15.6205 27.7308 15.6525 35.1283 37.0135 4.1231 8.0623 20.5913 46.6154 76.2168 49.7293 73.6003 11.0 39.2046 68.4471 53.3667 43.2666 59.0085 29.6985 17.8045 19.4165 13.4164 68.0074 40.7063 38.6264 45.31 31.7805 36.3456 32.6956 4.1231 38.8973 59.4811 33.541 42.72 84.4038 16.5529 32.45 51.3517 52.2015 59.0085 59.5063 51.5461 21.587 46.0652 67.2309 30.2324 27.5136 29.0 12.2066 40.7185 49.0408 32.8024 35.2278 59.1692 63.9531 60.8276 65.0 37.6431 55.0364 75.1798 39.5601 
61.4003 4.0 77.801 30.5287 24.6982 26.4764 29.4109 69.3542 45.2217 0.0 23.0217 13.6015 44.0114 39.1152 41.2311 34.6699 41.8808 16.4012 17.2047 52.2015 13.4164 55.4707 16.0312 65.1153 59.1354 21.095 47.0744 57.0088 81.8352 60.8276 30.4795 61.0737 40.8167 59.203 42.4382 31.3847 29.5466 23.7697 33.1059 29.6816 56.7979 60.7454 75.5844 66.0681 46.8615 53.2541 47.676 57.5674 35.4401 40.5216 28.4253 39.9249 43.0116 75.1798 55.4707 16.4012 33.3017 49.6488 43.566 49.0306 40.6079 40.4969 45.0111 25.0799 43.2897 39.8121 21.0238 14.7648 48.4149 50.2195 62.2656 72.8011 41.1096 43.9659 55.3624 64.4981 39.8246 59.6154 34.8281 17.0294 43.6807 34.8855 21.9317 57.6975 44.643 59.0593 27.2029 56.8507 22.8254 5.099 57.0 34.2053 25.9615 45.2217 17.4642 26.0768 8.2462 50.6952 83.2406 15.0333 
58.3095 26.4197 54.8179 13.3417 37.3631 45.793 9.8489 62.2896 42.9535 23.0217 0.0 36.1248 36.4005 16.1245 19.2354 41.2311 48.1664 27.5136 28.4605 29.2062 36.3593 49.2037 35.2278 42.45 41.0 15.1327 43.9318 40.4969 78.2368 38.2884 53.4135 59.0593 22.0907 38.1182 19.4165 46.0977 50.6063 22.2036 11.0454 29.6142 64.2806 56.0357 64.0703 49.6488 46.2385 49.7393 35.0 36.2215 35.805 60.0333 41.3038 33.2866 22.0 52.3259 32.6956 6.7082 55.9017 60.075 50.1597 37.0135 45.3982 25.4951 60.7289 5.0 60.9262 53.1507 38.4708 28.6356 47.0106 30.0666 39.3573 60.7454 58.3095 43.1856 45.9674 49.6588 16.9706 37.3631 57.28 38.6264 63.1348 44.1022 3.6056 78.492 56.4358 65.6201 40.5216 55.0091 2.2361 21.5407 40.1622 14.5602 16.9706 67.2681 26.1725 24.6982 18.6011 69.7711 60.3738 34.4093 
62.6498 11.7047 90.9065 44.1022 20.8087 15.2971 41.1825 72.4224 47.4342 13.6015 36.1248 0.0 49.2544 52.0096 53.3385 41.4849 39.2046 18.1108 18.2483 65.2993 6.4031 58.9406 8.6023 78.492 68.6586 30.3645 57.0351 65.7647 82.365 74.2496 17.4929 61.7171 54.3783 70.3847 55.4437 33.0151 16.4924 30.0666 45.4863 33.3766 51.8556 62.9682 80.895 74.4312 47.927 55.3624 55.0818 68.942 45.0444 28.1603 32.2025 45.1774 54.5619 87.6641 67.9559 29.6985 19.799 43.2666 40.4599 56.0089 39.1152 53.7122 35.171 37.4433 32.1403 32.249 13.4536 15.1327 49.7695 61.0983 74.8866 78.5175 30.4138 53.2353 60.531 72.0625 53.0754 71.5891 21.2603 13.4536 31.257 31.241 35.3836 44.3847 37.7359 54.5619 21.9317 57.6975 35.609 17.4642 65.9242 45.618 39.0 31.6228 27.0185 37.4833 18.3576 38.3275 95.7183 8.0623 
22.4722 47.7598 66.4078 48.8774 32.7567 47.0744 28.178 26.2488 10.7703 44.0114 36.4005 49.2544 0.0 37.855 32.1403 75.0 26.1725 31.1448 31.0644 47.0106 53.9351 12.8062 42.0 60.407 26.9072 24.4131 80.2808 21.9317 41.8808 58.0775 64.1249 23.7697 54.7814 35.7771 40.4475 75.1532 54.1295 20.2485 31.9531 16.0 38.4838 19.7231 31.7805 28.178 14.8661 14.3178 10.0 35.8469 71.4213 56.8595 71.5891 4.1231 29.0 57.6975 42.7551 38.2099 63.6396 39.8246 27.6586 9.2195 22.6274 60.3738 49.4065 31.6228 53.3385 40.2244 40.3113 34.1321 14.3178 28.1603 48.7647 29.2746 50.6063 79.2465 11.4018 24.3516 42.2019 41.4367 63.9531 59.9083 59.0339 29.1548 39.8246 75.1798 39.6232 38.2753 34.4819 20.2237 34.2053 46.9574 22.6274 26.2488 53.2635 70.214 57.6888 60.1082 35.8469 63.2851 64.4981 42.0119 
60.1664 42.5441 38.9487 17.72 50.1199 60.4401 13.0 60.8276 47.1699 39.1152 16.1245 52.0096 37.855 0.0 7.0711 52.6118 56.8859 41.0488 41.8808 13.4536 52.4786 49.6488 50.2494 27.4591 31.0644 25.9422 49.7393 32.5576 78.3901 23.7065 69.4046 61.6117 18.4391 24.5153 3.6056 60.208 65.7951 31.9531 7.6158 37.855 72.4431 56.921 58.7963 40.8044 51.0882 52.1728 32.2025 22.3607 44.9222 74.4043 55.0818 36.2215 11.3137 36.2491 16.7631 22.8254 71.7008 70.0928 58.8558 34.4384 53.6004 25.4951 73.3485 14.8661 74.4312 65.0 52.8015 42.8019 51.2445 18.868 23.2594 55.2268 71.6938 50.5668 44.2832 42.45 4.4721 22.0907 73.0 54.626 77.4209 54.7083 18.0278 93.2363 67.3573 73.171 53.2353 58.0517 16.4012 37.5766 31.8904 12.0 26.3059 82.7345 40.3113 35.3553 33.9706 83.7616 44.2832 49.5177 
54.1295 44.9444 39.2046 24.1661 48.6004 60.1082 12.2066 54.1295 42.0119 41.2311 19.2354 53.3385 32.1403 7.0711 0.0 58.4637 53.1601 40.3113 41.0366 15.5242 54.626 43.4166 50.448 29.7321 24.1868 24.7588 56.6039 25.4951 71.8679 26.6833 70.8308 55.7315 25.4951 19.0 8.544 65.0 65.9469 29.6816 8.2462 34.5398 68.2495 50.6952 51.7397 33.8378 46.0435 46.3897 25.632 17.0294 51.264 73.6614 60.0333 31.0161 4.2426 34.4093 14.8661 25.7099 72.6705 66.7308 55.0818 27.8568 49.7293 32.5576 71.3442 16.1555 73.0068 62.6498 52.3259 42.45 46.0 12.083 21.9317 48.1664 70.214 57.2451 37.6962 35.3836 11.4018 18.3848 73.8173 57.5674 76.5768 51.8941 22.0227 92.6984 64.4748 68.7314 51.614 52.345 18.6815 40.5216 24.8395 8.6023 32.28 83.0963 45.0 41.2311 34.9857 82.6196 42.4382 49.8197 
94.7629 32.6497 82.9759 35.1283 59.0593 56.7539 51.0784 101.2126 78.492 34.6699 41.2311 41.4849 75.0 52.6118 58.4637 0.0 76.5506 51.0392 51.8652 61.0328 35.6931 87.4586 48.4665 68.6586 81.9085 50.6063 19.2354 81.7068 115.2779 64.3273 49.163 94.7629 40.4475 77.1038 54.231 15.2643 56.4358 55.9017 51.2445 62.9365 91.3017 93.5094 104.8094 90.824 80.6598 86.3134 75.6637 74.9667 10.2956 68.469 11.4018 71.218 62.0967 85.2877 68.0661 37.2156 54.0833 83.672 78.2304 77.5242 75.213 34.2053 76.6551 46.0977 73.3485 73.1642 53.8516 49.3964 82.0366 70.342 73.0274 101.5972 71.8053 14.3178 85.703 90.8735 50.1597 74.2428 56.0803 30.0666 71.3442 69.4622 37.6962 81.2219 78.3901 93.6483 61.2699 90.5207 42.9535 30.0 81.3449 55.7136 26.3059 66.3702 17.6918 17.2627 41.1096 78.2304 92.6553 47.5395 
26.0768 44.2041 90.802 61.4003 18.4391 29.4109 44.2832 38.0526 16.6433 41.8808 48.1664 39.2046 26.1725 56.8859 53.1601 76.5506 0.0 25.5539 24.6982 68.6804 45.4533 27.5136 30.6105 82.8613 53.0754 33.0606 87.4643 48.0833 44.0114 79.8123 48.3839 24.3311 70.0286 61.2944 60.208 71.4213 35.9026 26.0192 49.4975 19.105 16.1245 28.0713 50.448 53.6004 13.9284 21.587 36.1248 61.0574 76.4853 34.2345 69.527 24.4131 51.264 83.006 66.3099 46.0977 46.0977 13.8924 2.0 35.3553 3.6056 73.5527 24.1661 45.0 29.1204 15.5242 26.0768 27.2029 15.8114 52.8394 72.9178 49.3356 26.6833 85.0 33.121 49.0918 60.531 66.242 45.7056 52.4976 35.6931 8.0623 50.4876 50.9215 13.6015 17.72 17.4929 21.0238 46.0977 46.6476 48.7955 45.1221 62.0967 49.0408 59.1692 65.9242 36.2491 38.6264 90.1388 31.241 
45.793 19.105 79.3977 39.4588 10.0499 19.8494 28.4253 54.7814 29.9666 16.4012 27.5136 18.1108 31.1448 41.0488 40.3113 51.0392 25.5539 0.0 1.0 54.4059 23.0868 41.1096 11.4018 68.5055 51.8652 15.5563 62.2977 48.5077 66.0303 64.6607 33.7343 45.2217 49.2443 55.2268 44.6542 47.0106 26.0768 12.6491 33.6006 15.2971 40.8534 45.618 62.8013 56.8859 31.0644 38.0132 37.3363 54.0833 51.0784 33.4215 44.5533 27.074 40.4599 74.411 55.1543 23.1948 34.176 34.5254 27.2947 38.1182 24.2074 51.1566 33.2415 26.4197 33.541 26.0768 12.0416 3.0 32.7567 45.793 62.2254 60.407 30.8707 59.6154 42.4264 54.231 43.4166 57.6281 34.9285 29.5466 36.4005 18.9737 28.6356 52.4023 30.0666 42.9535 13.1529 41.0488 26.0 21.095 48.7647 31.8277 38.1182 43.2666 33.6155 40.8044 11.1803 42.72 82.3286 11.1803 
45.2769 19.799 80.1561 40.4475 9.0554 19.2094 29.2062 54.4243 29.5466 17.2047 28.4605 18.2483 31.0644 41.8808 41.0366 51.8652 24.6982 1.0 0.0 55.2178 23.4094 40.8044 11.1803 69.3397 52.2015 16.2788 63.2456 48.7647 65.4599 65.5134 33.541 44.6542 50.2195 55.7584 45.4863 47.634 25.5539 13.0 34.4093 15.1327 39.9249 45.1885 62.6498 57.0701 30.5287 37.5766 37.4833 54.6443 52.0 32.6497 45.2548 27.0185 41.1096 75.0733 55.8659 24.1868 33.8378 33.541 26.4197 38.2099 23.4307 52.1536 32.28 27.2947 32.6497 25.0799 11.4018 3.1623 32.249 46.3249 62.9365 60.2993 29.9666 60.5392 42.2966 54.3323 44.2945 58.258 34.5398 29.9666 35.609 18.0278 29.6142 51.6624 29.0689 42.0476 12.1655 40.4969 26.9258 21.9545 49.0408 32.5269 39.1152 42.72 34.4819 41.7612 12.1655 41.8808 82.9759 11.0454 
68.3593 55.4707 25.6125 26.4764 63.2851 73.8783 26.0768 66.7608 57.2189 52.2015 29.2062 65.2993 47.0106 13.4536 15.5242 61.0328 68.6804 54.4059 55.2178 0.0 65.4599 57.4282 63.7024 14.3178 31.9061 39.1152 54.1202 35.3412 84.8999 11.1803 82.6196 70.1783 21.3776 21.2132 9.8995 70.6116 79.2465 44.7214 20.8087 49.98 83.7437 64.6297 61.7738 41.6173 61.2944 61.0328 39.3192 19.105 52.0865 87.8009 65.307 46.2709 18.0278 24.5153 8.6023 35.805 85.0412 82.2192 70.6045 41.4367 65.2534 28.8617 86.3539 28.3196 87.6641 77.8203 66.2193 56.2228 61.131 21.1896 12.0 58.1808 84.9058 56.0892 50.9902 44.7772 12.53 15.2643 86.3713 67.1193 90.802 67.2309 30.5287 106.6677 79.8499 84.1724 66.3702 67.0298 29.7321 50.2494 34.4384 23.7697 35.5106 96.1665 51.2445 44.2832 47.3814 97.0824 32.28 62.9682 
68.4251 10.0 91.022 42.5206 27.0185 21.1896 42.72 77.8332 52.9245 13.4164 36.3593 6.4031 53.9351 52.4786 54.626 35.6931 45.4533 23.0868 23.4094 65.4599 0.0 64.195 14.8661 78.1025 71.7008 33.2415 52.0384 69.1809 88.3233 73.7564 17.8045 67.6018 52.6308 72.4224 55.7584 26.6271 21.0 34.1321 46.5188 38.3275 58.258 68.542 85.703 78.0577 53.6656 60.9262 59.0339 70.8378 40.05 33.0151 26.0 49.8197 56.3028 88.5889 68.884 29.6816 21.4709 49.6488 46.7547 60.1332 45.2217 51.1077 41.1096 38.4838 37.6563 38.5876 19.8494 20.2485 55.4617 63.3246 75.6637 83.1865 36.1386 48.0104 65.307 76.0263 53.0094 73.0068 23.2594 7.0711 36.0 37.5366 35.0 47.8017 44.1022 60.959 28.2843 63.5295 36.2353 15.5563 69.2604 47.4342 36.3593 34.0147 22.561 33.5261 20.3961 43.0116 96.6488 14.2127 
11.0 59.0339 74.1485 61.5873 40.1123 54.0 40.8167 13.8924 12.0 55.4707 49.2037 58.9406 12.8062 49.6488 43.4166 87.4586 27.5136 41.1096 40.8044 57.4282 64.195 0.0 50.9902 70.0071 31.6228 36.8782 93.086 26.2488 29.1548 68.1836 72.2496 13.1529 67.1193 42.7551 51.923 86.8332 61.0082 31.9061 44.2832 26.0 34.6554 7.2801 23.1948 28.6007 13.6015 6.4031 18.1108 43.4166 84.1487 61.3922 83.5284 16.2788 39.8121 64.2884 52.0 50.9117 71.007 39.1152 28.2312 16.0312 24.7386 72.9452 51.6236 44.4072 56.6127 43.0116 48.2597 43.9659 11.7047 37.0 57.2189 21.8403 54.1202 92.0217 7.6158 23.4307 54.0833 49.366 71.007 70.5762 63.0635 33.3766 52.6308 78.4347 40.7185 33.4215 41.0 11.1803 47.0106 58.8303 27.2029 38.4838 66.0681 75.8024 70.0 72.8354 47.5079 66.1287 70.2282 51.1957 
54.231 16.2788 89.0955 45.31 12.2066 10.7703 38.2884 64.2884 39.2938 16.0312 35.2278 8.6023 42.0 50.2494 50.448 48.4665 30.6105 11.4018 11.1803 63.7024 14.8661 50.9902 0.0 77.4661 63.2456 26.0768 62.6498 59.9083 73.8241 73.4098 22.3607 53.2259 55.5428 66.242 53.8145 41.2311 15.5563 24.0416 43.1393 26.0 43.6005 54.7083 73.3348 68.2495 39.5601 47.1275 48.6621 65.0 50.8035 25.0799 39.9625 38.0132 51.0392 84.8116 65.2993 29.5296 22.8473 35.3553 31.8904 49.366 30.5287 56.0446 29.0689 35.3836 27.2947 24.6982 5.3852 8.544 41.4367 56.8243 72.3464 71.1126 25.0799 59.2284 53.0848 65.4905 52.0096 68.2422 23.7065 21.9317 28.2312 22.6716 35.3553 43.2666 29.9666 46.2277 13.4536 49.2443 34.2053 21.0 60.1664 42.2019 41.7732 32.6497 32.5576 42.0119 16.6433 35.1141 92.8009 1.0 
81.0062 68.1175 14.3178 36.7151 77.5242 87.8009 40.3113 78.0897 70.859 65.1153 42.45 78.492 60.407 27.4591 29.7321 68.6586 82.8613 68.5055 69.3397 14.3178 78.1025 70.0071 77.4661 0.0 41.4849 53.3385 58.0345 45.8912 96.3379 4.4721 95.5877 83.006 28.4605 29.4109 23.8537 80.0562 92.957 59.0339 34.9857 64.2573 97.7446 77.0584 71.1688 50.3289 74.9667 74.108 52.0096 27.8927 58.8558 101.8332 74.6726 60.0167 31.7805 19.6977 18.0278 48.7955 98.2904 96.4624 84.7703 54.0 79.404 34.5254 100.6479 42.2019 101.8725 92.1358 80.2122 70.214 74.6726 33.0151 14.3178 67.6757 99.1262 61.0328 63.1269 54.4059 25.4951 22.1359 99.7046 79.0569 104.8618 81.5414 43.1856 120.6027 94.1541 98.0612 80.6226 80.0999 43.2782 62.6259 44.911 38.0789 45.1885 109.7133 61.7171 53.1413 60.959 111.2205 25.318 76.6942 
42.2019 63.1269 43.1045 48.3011 56.8243 70.6824 31.4006 37.054 37.2022 59.1354 41.0 68.6586 26.9072 31.0644 24.1868 81.9085 53.0754 51.8652 52.2015 31.9061 71.7008 31.6228 63.2456 41.4849 0.0 38.4708 80.7775 5.3852 55.2268 40.8534 85.44 44.643 49.0408 12.1655 31.241 86.8332 77.4726 39.2173 30.6757 39.4462 64.6607 37.855 29.9666 9.8995 41.0488 37.1618 16.9706 13.6015 75.2396 82.1523 82.201 29.0689 20.1246 32.7567 24.1661 46.3897 86.0349 66.7083 54.5619 17.8045 49.5177 56.4004 75.9276 36.4966 79.404 66.7083 63.1585 54.7083 39.9625 12.2066 27.4591 26.4008 76.6094 81.4125 24.0416 13.0 35.0 19.4165 86.7295 76.1643 84.5991 55.4437 44.3847 100.9554 66.468 64.0078 59.1692 42.72 39.6232 60.0083 4.4721 26.4764 56.0803 94.3716 67.082 64.846 51.3517 89.4036 38.6264 62.9365 
44.8219 25.0799 63.8905 28.4429 24.1868 35.3836 13.0384 50.6063 28.8444 21.095 15.1327 30.3645 24.4131 25.9422 24.7588 50.6063 33.0606 15.5563 16.2788 39.1152 33.2415 36.8782 26.0768 53.3385 38.4708 0.0 57.1402 36.0139 65.192 49.6488 47.5395 45.2217 37.0 40.2492 29.5296 51.264 41.4005 7.0711 18.3576 14.5602 49.163 43.1393 55.1543 45.0111 31.7648 36.2353 26.6833 38.9487 47.5079 48.9183 47.4236 20.6155 25.0 58.8982 39.598 14.4222 48.7647 45.2769 35.0571 28.1603 30.2655 40.6079 47.4236 12.1655 48.5489 39.2173 27.5862 17.8045 32.7567 30.8707 46.669 52.2015 45.793 55.6058 35.3553 43.4166 28.7924 42.2019 49.7393 38.0132 51.8556 29.4279 17.72 67.9412 41.9762 50.4876 27.2947 41.0488 13.0384 23.0868 36.0555 16.2788 30.4138 58.6003 33.2866 36.2353 13.0 58.0086 66.8431 25.5539 
101.8332 46.3897 72.0069 32.8024 71.5681 72.1734 53.0377 106.2168 85.9826 47.0744 43.9318 57.0351 80.2808 49.7393 56.6039 19.2354 87.4643 62.2977 63.2456 54.1202 52.0384 93.086 62.6498 58.0345 80.7775 57.1402 0.0 81.8413 122.0041 54.1479 67.2681 102.3426 32.8938 73.4098 50.0899 34.4819 73.0274 63.6318 51.225 71.1969 103.1213 99.8098 107.1681 90.4268 88.8369 93.2309 78.5175 71.1758 12.0 85.0059 30.4631 77.0065 60.7454 76.6551 62.2977 42.72 72.0069 96.566 89.3197 80.6226 85.4927 25.2982 91.6624 48.8365 89.1403 86.885 67.897 61.4003 89.8888 68.6003 65.7343 103.7111 87.2812 5.0 89.8276 91.6079 46.0652 68.9493 73.9797 47.5184 88.0227 81.2712 40.4599 99.1413 91.6788 105.1095 74.2159 98.1835 46.0977 41.9762 81.2712 56.7274 27.0185 84.5281 30.1496 21.5407 51.264 95.0474 83.2166 61.6604 
36.8782 61.0082 48.2597 49.0918 52.8015 66.8506 30.6757 32.249 32.0156 57.0088 40.4969 65.7647 21.9317 32.5576 25.4951 81.7068 48.0833 48.5077 48.7647 35.3412 69.1809 26.2488 59.9083 45.8912 5.3852 36.0139 81.8413 0.0 50.4876 44.9222 82.2253 39.2938 50.9117 17.0 33.3017 85.703 73.736 35.9026 30.8869 35.3412 59.3633 32.5576 26.6271 9.2195 35.805 31.7805 12.2066 18.1108 75.591 77.8974 81.2527 24.4131 21.2603 38.0789 28.1603 45.3542 82.5651 61.6198 49.5177 12.7279 44.5533 58.0517 71.218 35.7351 74.8866 62.0081 59.4643 51.4198 34.6699 14.4222 32.1403 23.0217 72.111 82.1523 18.6815 9.8995 36.7696 24.0832 83.1685 74.0 80.2621 50.8035 44.0114 96.566 61.5549 58.6686 55.0091 37.3363 38.8973 58.3095 1.0 26.0 56.356 90.471 66.2193 64.8845 49.0102 84.8764 44.0114 59.6657 
20.5183 85.0 98.0204 90.7359 61.7171 73.3894 69.9714 18.2483 36.7967 81.8352 78.2368 82.365 41.8808 78.3901 71.8679 115.2779 44.0114 66.0303 65.4599 84.8999 88.3233 29.1548 73.8241 96.3379 55.2268 65.192 122.0041 50.4876 0.0 95.1262 92.358 20.8087 96.1509 67.3647 80.4114 113.0044 79.6994 59.397 73.3553 52.4023 39.0 22.2036 29.1204 48.0416 35.0 29.0 46.2385 68.593 112.6987 75.9539 110.2588 45.0 68.0074 87.023 78.4474 79.511 89.8443 48.1664 43.3244 44.0114 43.382 102.0833 63.2851 73.4983 69.4622 57.2713 69.7782 68.5055 33.4215 63.7887 82.6075 31.5753 67.7422 120.7394 34.176 43.0 82.8553 74.5453 89.2861 95.1893 76.531 52.0 81.6088 89.0056 52.6118 36.0139 61.327 25.0 76.0263 85.7963 51.4782 67.5352 95.0 91.0824 97.6217 101.415 74.411 77.026 91.444 74.3034 
79.1581 63.7809 18.6815 32.249 73.8241 83.8153 36.6742 76.9025 68.3593 60.8276 38.2884 74.2496 58.0775 23.7065 26.6833 64.3273 79.8123 64.6607 65.5134 11.1803 73.7564 68.1836 73.4098 4.4721 40.8534 49.6488 54.1479 44.9222 95.1262 0.0 91.2853 81.0555 24.0416 29.0689 20.1246 75.6108 88.8651 55.5428 31.305 61.0328 94.921 75.326 70.7743 50.0899 72.4431 72.0 50.0899 27.313 54.5894 97.9081 70.2282 57.4282 29.1548 22.8035 16.7631 44.5533 94.0479 93.3006 81.7435 52.1536 76.4003 30.2655 97.0464 38.2753 98.1122 88.6397 76.2758 66.2873 72.2496 31.4006 14.8661 67.2309 95.3834 57.0 61.5224 53.8516 21.4009 21.9545 95.483 74.6324 100.9554 78.1857 38.8973 116.6062 90.824 95.352 76.9415 78.0 39.2046 58.258 43.9659 34.7851 40.7185 105.5509 57.2451 48.7032 56.8507 107.3778 29.0689 72.6223 
73.9797 27.5862 108.2312 60.3075 32.1403 18.9737 58.6686 85.0 60.2993 30.4795 53.4135 17.4929 64.1249 69.4046 70.8308 49.163 48.3839 33.7343 33.541 82.6196 17.8045 72.2496 22.3607 95.5877 85.44 47.5395 67.2681 82.2253 92.358 91.2853 0.0 72.5328 70.4344 87.7268 72.8011 36.2215 13.0384 46.3249 62.9682 48.1664 57.1402 75.1332 95.0474 90.6091 59.8415 67.7422 71.0211 86.3308 55.5428 22.4722 38.0132 60.208 72.0069 105.1523 85.44 46.8615 5.099 47.4342 49.0408 71.7008 49.4773 68.7968 34.6554 54.9181 29.2062 36.3593 24.0208 30.8058 61.8142 78.3901 92.358 93.0 29.0 62.8013 75.0067 87.8237 70.2922 89.0674 7.0711 19.9249 24.5967 40.5216 52.4023 32.0624 41.8808 60.208 31.5753 68.884 53.0094 33.3017 82.4621 63.0635 54.0833 17.2627 39.3954 50.5668 35.8469 30.6757 113.2078 22.561 
2.8284 64.2028 87.2983 72.0139 41.2311 53.6004 51.6236 15.2315 16.4012 61.0737 59.0593 61.7171 23.7697 61.6117 55.7315 94.7629 24.3311 45.2217 44.6542 70.1783 67.6018 13.1529 53.2259 83.006 44.643 45.2217 102.3426 39.2938 20.8087 81.0555 72.5328 0.0 78.4347 55.9017 64.1327 92.2009 60.208 39.0512 55.6597 31.8277 25.0599 7.2111 29.6816 40.7063 14.2127 9.4868 31.0 56.5685 92.6175 58.0 89.4986 26.0 52.345 77.3692 65.0308 59.6406 70.406 32.0156 24.0832 29.0172 23.0868 83.7735 46.3897 54.5619 52.1536 39.0 49.3964 47.7074 12.7279 50.04 70.3491 29.8329 50.04 100.8018 20.6155 35.3553 65.9697 62.514 70.0357 74.4312 59.0762 32.0156 62.2656 73.1642 35.2278 23.0217 41.1096 4.2426 56.8243 65.1153 40.2616 50.0 75.4718 73.0274 77.0779 81.4002 53.7587 60.8276 83.1685 53.6656 
77.2528 43.0116 42.72 10.2956 59.2284 66.3099 26.9258 78.8923 63.0635 40.8167 22.0907 54.3783 54.7814 18.4391 25.4951 40.4475 70.0286 49.2443 50.2195 21.3776 52.6308 67.1193 55.5428 28.4605 49.0408 37.0 32.8938 50.9117 96.1509 24.0416 70.4344 78.4347 0.0 40.7063 17.8045 51.6236 70.2353 44.0114 22.8473 51.1566 86.093 74.3236 77.2334 58.8982 66.7083 68.9493 50.2494 38.4708 31.0161 80.6226 46.2385 52.4976 29.7321 45.0111 29.4109 26.2488 73.8173 82.1523 72.0278 52.4786 67.1193 7.6158 82.4621 25.0799 82.2192 75.1332 59.4643 50.0 67.1863 36.8782 33.2415 73.6614 79.6994 34.7131 62.2656 60.8112 14.1421 36.0555 75.452 52.345 83.7735 66.1891 20.6155 98.4124 78.5175 87.2812 62.3699 74.6324 24.0208 37.2022 50.2096 28.6356 17.2047 85.9826 33.8378 24.6982 39.2173 90.6201 52.2398 54.626 
53.6004 63.0635 31.4006 42.2019 61.8466 74.8866 29.8329 49.163 46.5188 59.203 38.1182 70.3847 35.7771 24.5153 19.0 77.1038 61.2944 55.2268 55.7584 21.2132 72.4224 42.7551 66.242 29.4109 12.1655 40.2492 73.4098 17.0 67.3647 29.0689 87.7268 55.9017 40.7063 0.0 23.4094 84.0 81.3019 43.0116 27.074 45.2548 74.2496 49.366 41.7852 21.0238 50.5668 47.8017 26.0 2.2361 69.3758 87.4586 79.0253 36.8917 16.2788 21.9317 12.8062 44.4072 89.0056 75.1665 62.9682 27.5136 57.6888 48.3011 82.807 34.5254 85.5862 73.6614 67.1193 57.8014 49.7695 9.434 15.2971 38.2753 82.7587 74.6726 35.3553 25.0 27.5136 7.2801 89.9444 75.9276 90.1388 62.3699 41.0122 106.527 74.2024 73.9256 64.5368 53.6004 37.3363 59.0339 16.0 25.0 50.8035 98.4784 64.0 59.8415 52.2015 95.5249 28.8444 65.7647 
62.5859 45.793 35.4683 19.105 53.7122 64.0312 16.5529 62.6498 50.04 42.4382 19.4165 55.4437 40.4475 3.6056 8.544 54.231 60.208 44.6542 45.4863 9.8995 55.7584 51.923 53.8145 23.8537 31.241 29.5296 50.0899 33.3017 80.4114 20.1246 72.8011 64.1327 17.8045 23.4094 0.0 62.514 69.3542 35.4683 11.1803 41.2311 75.6637 59.203 59.8164 41.1096 54.0093 54.7449 34.176 21.1896 46.0977 78.0064 57.3149 39.0512 12.53 33.2415 14.1421 26.0768 75.1665 73.4983 62.1691 36.4005 56.8859 25.2389 76.922 18.4391 78.032 68.542 56.4004 46.4004 54.0833 19.105 20.2485 56.2228 75.2928 51.264 46.2385 43.1856 4.1231 20.025 76.4853 57.6975 81.0247 58.1893 21.0238 96.8297 70.8378 76.3217 56.8243 60.6712 19.8494 40.7063 32.5576 15.1327 28.0179 86.267 42.7551 37.054 37.4833 87.367 41.2311 53.0754 
92.6553 28.0179 94.2444 44.1475 53.0754 47.4131 55.4437 100.7224 76.5506 31.3847 46.0977 33.0151 75.1532 60.208 65.0 15.2643 71.4213 47.0106 47.634 70.6116 26.6271 86.8332 41.2311 80.0562 86.8332 51.264 34.4819 85.703 113.0044 75.6108 36.2215 92.2009 51.6236 84.0 62.514 0.0 45.5412 55.0091 57.0351 61.0574 84.8116 92.1141 106.4049 94.921 78.0064 84.5991 77.7946 82.0061 24.7588 57.28 5.3852 71.1126 68.0661 95.1262 76.6551 40.4475 41.3038 76.2758 72.8629 79.3788 70.7672 46.5296 67.1193 50.3587 62.9682 65.192 46.4004 44.6878 79.6304 76.1643 82.3772 103.465 61.8466 29.5296 86.406 94.1116 58.6941 82.2982 43.2897 19.7231 59.9083 63.7024 43.0116 68.0294 70.7248 87.4586 54.6717 88.0057 47.2652 28.2312 85.5102 60.407 35.171 53.0094 20.0 26.9258 39.3573 66.4906 102.8397 40.4599 
61.8142 28.1603 104.6518 59.9416 21.3776 7.0711 53.8145 73.2462 49.0102 29.5466 50.6063 16.4924 54.1295 65.7951 65.9469 56.4358 35.9026 26.0768 25.5539 79.2465 21.0 61.0082 15.5563 92.957 77.4726 41.4005 73.0274 73.736 79.6994 88.8651 13.0384 60.208 70.2353 81.3019 69.3542 45.5412 0.0 38.4708 58.6941 38.6005 44.1022 63.2851 84.0952 81.6088 48.0937 56.0803 61.9839 80.1561 61.0328 12.0416 46.0977 50.448 66.4003 100.2646 80.8084 44.6542 10.198 34.4093 36.4005 62.3618 37.3363 70.0071 22.2036 50.9313 17.4642 23.3238 14.3178 23.6008 50.0899 71.8679 87.8635 82.2982 16.6433 69.0072 64.4981 78.339 67.4759 83.6002 10.0 26.4764 15.0 28.2843 50.4777 28.178 28.8444 47.1699 20.025 56.7186 49.679 33.8378 74.0945 57.6281 55.3624 17.2047 43.2897 53.9351 32.0156 22.0227 108.2312 16.2788 
38.8973 27.5136 68.8186 35.5106 19.105 31.9061 18.9737 45.793 22.6716 23.7697 22.2036 30.0666 20.2485 31.9531 29.6816 55.9017 26.0192 12.6491 13.0 44.7214 34.1321 31.9061 24.0416 59.0339 39.2173 7.0711 63.6318 35.9026 59.397 55.5428 46.3249 39.0512 44.0114 43.0116 35.4683 55.0091 38.4708 0.0 24.3516 7.6158 42.107 37.6431 51.923 44.4072 25.2389 30.4138 25.02 42.0119 53.6004 44.5982 51.6236 16.1555 29.0689 62.9365 44.2041 21.0238 46.8188 38.4708 28.0179 26.0192 23.1948 47.676 41.6773 19.0263 43.4166 33.1059 24.1868 15.5242 26.4008 33.6006 51.225 49.2443 40.6079 61.8547 31.6228 42.0119 35.171 45.9674 47.5395 39.8121 47.3814 22.8035 24.7386 63.7024 35.4401 43.4166 22.0227 34.8281 20.0998 26.9258 36.1386 21.095 37.1618 55.5698 38.2884 42.4382 15.6525 53.1507 70.7248 23.7697 
54.4243 36.7696 45.9674 18.4391 42.5441 53.1507 5.3852 56.3028 40.6079 33.1059 11.0454 45.4863 31.9531 7.6158 8.2462 51.2445 49.4975 33.6006 34.4093 20.8087 46.5188 44.2832 43.1393 34.9857 30.6757 18.3576 51.225 30.8869 73.3553 31.305 62.9682 55.6597 22.8473 27.074 11.1803 57.0351 58.6941 24.3516 0.0 30.4138 65.192 51.4782 55.9732 39.8121 44.4072 46.1736 27.8029 25.1794 44.7214 67.0075 52.1536 29.8329 11.0454 42.19 22.4722 17.4642 65.0 62.5859 51.4782 30.0 46.2709 28.8444 65.7419 8.0623 66.888 57.3847 45.4533 35.4683 44.7214 19.2354 29.4109 52.4976 64.1405 51.3128 39.6611 40.4969 11.0454 26.5707 66.2193 49.3356 70.0 47.1275 14.0357 85.9127 59.7746 66.0303 45.6508 51.923 10.4403 32.28 30.4138 5.831 25.4951 75.743 37.054 34.176 27.2029 76.2758 50.2494 42.45 
31.8904 33.121 73.0616 42.9535 17.4642 31.6228 25.1794 39.8121 15.6205 29.6816 29.6142 33.3766 16.0 37.855 34.5398 62.9365 19.105 15.2971 15.1327 49.98 38.3275 26.0 26.0 64.2573 39.4462 14.5602 71.1969 35.3412 52.4023 61.0328 48.1664 31.8277 51.1566 45.2548 41.2311 61.0574 38.6005 7.6158 30.4138 0.0 35.0 31.0644 47.5184 43.0116 17.8045 23.6008 23.4094 44.5982 61.0328 42.72 58.0086 12.0416 33.121 66.2193 48.3735 28.6356 47.8539 32.28 21.095 23.7697 16.0 55.109 37.6431 26.0768 40.3609 28.6007 24.5153 18.2483 19.105 36.1248 55.2268 45.1774 37.5366 69.3397 27.1662 39.8121 41.4367 49.2037 48.2701 44.5982 45.2217 17.4929 32.28 61.6117 29.9666 36.1248 19.7231 27.5862 27.4591 33.4215 35.7771 26.2488 44.7772 55.1543 45.2548 49.93 22.0227 50.3289 73.7564 26.0192 
27.7849 58.6686 104.7521 77.5242 32.249 39.0512 60.075 40.2492 27.7308 56.7979 64.2806 51.8556 38.4838 72.4431 68.2495 91.3017 16.1245 40.8534 39.9249 83.7437 58.258 34.6554 43.6005 97.7446 64.6607 49.163 103.1213 59.3633 39.0 94.921 57.1402 25.0599 86.093 74.2496 75.6637 84.8116 44.1022 42.107 65.192 35.0 0.0 31.6228 54.7083 63.1269 23.7065 28.3196 48.3011 74.3236 91.9239 37.9473 83.4865 37.9473 65.9697 96.1769 80.6536 62.1691 53.7122 9.8489 14.1421 47.0106 19.0 89.6772 24.7386 61.0328 31.0483 20.8087 38.4187 42.0476 24.6982 66.4831 86.977 54.6443 29.7321 100.4639 41.8688 58.0517 76.2365 79.8499 52.7731 65.2993 38.0789 21.9317 66.6108 50.01 15.2643 3.1623 30.2324 24.2074 62.2013 61.7414 60.208 60.531 78.1025 52.8867 74.2496 81.5966 51.8652 38.0526 102.8834 44.4072 
4.4721 64.1405 80.7527 68.6003 43.1741 56.4358 47.8853 10.0 15.6525 60.7454 56.0357 62.9682 19.7231 56.921 50.6952 93.5094 28.0713 45.618 45.1885 64.6297 68.542 7.2801 54.7083 77.0584 37.855 43.1393 99.8098 32.5576 22.2036 75.326 75.1332 7.2111 74.3236 49.366 59.203 92.1141 63.2851 37.6431 51.4782 31.0644 31.6228 0.0 23.2594 33.541 15.2971 7.6158 25.318 50.1597 90.6091 62.2896 89.0505 22.8035 47.0744 70.6116 59.0339 57.3847 73.437 37.6962 28.2843 23.1948 26.0192 80.0625 51.4198 51.3128 56.8859 43.4166 51.4198 48.3322 13.3417 44.0454 64.0703 23.0217 54.5894 98.5951 14.0357 28.178 61.3514 56.1427 73.2462 75.1532 63.6396 35.0571 59.4054 78.339 40.2616 29.8329 43.566 7.6158 53.8238 64.405 33.541 45.6946 72.8011 77.1038 75.9276 79.3095 53.0094 65.9697 76.243 55.0273 
26.9258 79.404 70.7107 74.411 63.0 77.0584 54.4059 14.8661 35.1283 75.5844 64.0703 80.895 31.7805 58.7963 51.7397 104.8094 50.448 62.8013 62.6498 61.7738 85.703 23.1948 73.3348 71.1688 29.9666 55.1543 107.1681 26.6271 29.1204 70.7743 95.0474 29.6816 77.2334 41.7852 59.8164 106.4049 84.0952 51.923 55.9732 47.5184 54.7083 23.2594 0.0 20.8806 36.6742 28.8617 29.1548 43.4626 99.8649 84.5281 102.5524 35.9026 47.5079 59.3043 54.1295 67.6018 94.0213 60.9262 50.9608 27.2947 47.8539 84.1724 74.3303 59.0762 79.555 65.9697 71.0282 65.7647 34.7131 41.0488 56.921 3.6056 77.1298 107.0047 20.3961 17.0 63.1269 49.0408 94.0851 91.6788 86.122 56.5685 67.6757 101.2423 63.2456 52.6972 64.0703 30.8707 62.1289 78.1857 27.4591 50.448 80.8022 98.9949 88.1022 88.7525 67.3573 88.8876 63.0079 73.437 
38.0132 70.0643 50.1597 57.8014 60.407 74.6324 39.8497 30.4138 37.0135 66.0681 49.6488 74.4312 28.178 40.8044 33.8378 90.824 53.6004 56.8859 57.0701 41.6173 78.0577 28.6007 68.2495 50.3289 9.8995 45.0111 90.4268 9.2195 48.0416 50.0899 90.6091 40.7063 58.8982 21.0238 41.1096 94.921 81.6088 44.4072 39.8121 43.0116 63.1269 33.541 20.8806 0.0 40.3609 34.8281 19.6469 22.8254 84.5281 85.0 90.471 31.3847 29.6816 39.0 33.6155 54.5711 90.7083 66.6033 54.8179 19.3132 50.2195 66.2193 77.3886 44.9222 81.4923 68.2642 67.4463 59.8415 38.8973 22.0227 36.0555 17.4642 78.7718 90.9175 21.2603 5.3852 44.8219 28.2312 91.214 83.0241 87.2067 57.3062 53.1413 103.3538 67.2012 62.0081 62.3939 39.6611 48.0833 67.4759 9.4868 35.1141 65.307 98.0816 75.4321 73.9256 58.0086 91.4166 43.566 68.0661 
14.7648 50.0 81.2712 59.4643 27.8927 41.1947 39.8121 25.1794 4.1231 46.8615 46.2385 47.927 14.8661 51.0882 46.0435 80.6598 13.9284 31.0644 30.5287 61.2944 53.6656 13.6015 39.5601 74.9667 41.0488 31.7648 88.8369 35.805 35.0 72.4431 59.8415 14.2127 66.7083 50.5668 54.0093 78.0064 48.0937 25.2389 44.4072 17.8045 23.7065 15.2971 36.6742 40.3609 0.0 8.0 24.5967 50.6952 78.8162 47.8539 75.2861 15.0333 43.2897 72.4983 57.4891 46.1411 58.2151 26.2488 14.7648 23.3238 11.1803 71.4703 38.0789 42.0595 43.0116 29.4109 36.1386 33.6155 2.0 43.0116 63.6003 35.4401 40.5216 87.0919 19.4165 35.609 55.2268 56.3028 58.0775 60.4152 49.4773 20.025 49.2443 64.846 27.2947 23.4094 28.2843 10.0 44.0114 50.9313 36.6197 39.1152 62.1772 62.3939 62.9682 67.6757 39.598 52.5547 79.177 39.9249 
8.6023 56.6039 79.0759 62.6099 35.6931 49.163 42.1545 17.2627 8.0623 53.2541 49.7393 55.3624 14.3178 52.1728 46.3897 86.3134 21.587 38.0132 37.5766 61.0328 60.9262 6.4031 47.1275 74.108 37.1618 36.2353 93.2309 31.7805 29.0 72.0 67.7422 9.4868 68.9493 47.8017 54.7449 84.5991 56.0803 30.4138 46.1736 23.6008 28.3196 7.6158 28.8617 34.8281 8.0 0.0 22.2036 48.2701 83.7377 55.7315 81.6088 16.5529 43.1045 69.5701 56.2228 50.6063 66.1891 32.7567 22.1359 20.3961 19.105 74.3236 45.5412 45.1774 50.6952 37.108 43.9318 40.7185 6.0 41.3038 61.8142 27.8568 48.2701 91.8314 13.6015 29.7321 56.5155 54.1295 66.0681 67.5426 57.2713 28.0179 53.0 72.4224 34.5398 27.2029 36.2215 6.0 47.5079 57.0088 32.6956 40.5216 66.2873 70.3491 68.6804 72.4707 45.607 60.0833 75.7694 47.4342 
29.0689 51.6236 57.0088 46.0109 40.8534 55.0273 25.4951 28.6531 20.5913 47.676 35.0 55.0818 10.0 32.2025 25.632 75.6637 36.1248 37.3363 37.4833 39.3192 59.0339 18.1108 48.6621 52.0096 16.9706 26.6833 78.5175 12.2066 46.2385 50.0899 71.0211 31.0 50.2494 26.0 34.176 77.7946 61.9839 25.02 27.8029 23.4094 48.3011 25.318 29.1548 19.6469 24.5967 22.2036 0.0 26.2488 70.8025 65.7647 73.736 12.2066 21.8403 47.927 34.0588 38.4708 71.0634 49.8197 37.6431 2.2361 32.5576 56.6127 59.0339 30.0 62.6817 49.8197 47.8017 40.3113 23.7697 19.105 39.6232 25.9422 59.9083 78.1025 12.083 17.0 36.6742 32.0156 71.5681 64.3817 68.0955 38.6005 38.6005 84.3801 49.4975 47.927 42.9535 28.1603 33.0151 49.7293 12.8062 22.0227 51.8556 78.5493 59.0931 59.6406 39.4588 72.6705 54.5894 48.5077 
54.3323 61.4003 30.8058 40.025 60.959 73.8173 28.1603 50.3587 46.6154 57.5674 36.2215 68.942 35.8469 22.3607 17.0294 74.9667 61.0574 54.0833 54.6443 19.105 70.8378 43.4166 65.0 27.8927 13.6015 38.9487 71.1758 18.1108 68.593 27.313 86.3308 56.5685 38.4708 2.2361 21.1896 82.0061 80.1561 42.0119 25.1794 44.5982 74.3236 50.1597 43.4626 22.8254 50.6952 48.2701 26.2488 0.0 67.1863 86.5563 77.0065 36.7151 14.5602 21.9545 10.8167 42.5793 87.7097 74.9466 62.7694 27.8927 57.4543 46.0652 82.2192 32.7567 84.8528 73.1095 66.0303 56.6039 49.98 8.4853 14.0357 39.9249 82.0244 72.45 36.1248 26.5707 25.2982 6.0 88.6848 74.2159 89.2749 61.8466 39.0512 105.6456 73.8173 74.0945 63.7024 54.1295 35.5106 57.2713 17.1172 23.4094 48.6621 97.3499 62.0081 57.7062 50.6952 94.7629 29.2062 64.4981 
92.3147 34.5254 73.1642 27.2029 60.0833 60.208 45.4863 97.6217 76.2168 35.4401 35.805 45.0444 71.4213 44.9222 51.264 10.2956 76.4853 51.0784 52.0 52.0865 40.05 84.1487 50.8035 58.8558 75.2396 47.5079 12.0 75.591 112.6987 54.5894 55.5428 92.6175 31.0161 69.3758 46.0977 24.7588 61.0328 53.6004 44.7214 61.0328 91.9239 90.6091 99.8649 84.5281 78.8162 83.7377 70.8025 67.1863 0.0 73.0068 20.0 67.897 55.1543 76.0263 59.5399 33.2415 60.208 85.0706 78.2943 72.8011 74.7061 24.3311 79.7621 40.8044 77.1622 75.1864 56.0892 49.98 80.0 63.3246 64.0703 96.5194 75.326 8.544 81.5659 85.0882 41.9762 65.9242 62.1691 35.6931 76.0263 70.0071 32.2025 87.2983 80.0812 94.0213 62.6418 88.4081 37.8021 30.3645 75.1332 49.7393 19.2354 72.7805 18.2483 11.3137 40.2492 83.0542 83.2166 49.8197 
60.0333 39.6232 112.8051 70.3847 25.6125 14.3178 61.8466 72.2496 49.7293 40.5216 60.0333 28.1603 56.8595 74.4043 73.6614 68.469 34.2345 33.4215 32.6497 87.8009 33.0151 61.3922 25.0799 101.8332 82.1523 48.9183 85.0059 77.8974 75.9539 97.9081 22.4722 58.0 80.6226 87.4586 78.0064 57.28 12.0416 44.5982 67.0075 42.72 37.9473 62.2896 84.5281 85.0 47.8539 55.7315 65.7647 86.5563 73.0068 0.0 58.0517 53.6656 73.5391 107.4895 88.459 54.5619 17.8045 28.1603 34.0588 65.7419 36.6742 80.9568 13.4164 59.6406 7.2111 19.0 21.6333 31.6228 49.8197 78.1025 95.5249 83.1986 8.2462 81.0247 66.0984 81.1542 76.5506 90.5539 16.2788 38.4708 3.1623 28.1603 60.3738 19.105 23.3452 41.1096 23.0217 55.0818 58.8303 45.1221 78.3901 65.1153 66.4831 15.1327 55.1453 65.6201 41.5933 10.198 115.3126 26.0 
89.8109 25.4558 88.8651 38.833 51.4004 47.1699 50.8035 97.4166 73.6003 28.4253 41.3038 32.2025 71.5891 55.0818 60.0333 11.4018 69.527 44.5533 45.2548 65.307 26.0 83.5284 39.9625 74.6726 82.201 47.4236 30.4631 81.2527 110.2588 70.2282 38.0132 89.4986 46.2385 79.0253 57.3149 5.3852 46.0977 51.6236 52.1536 58.0086 83.4865 89.0505 102.5524 90.471 75.2861 81.6088 73.736 77.0065 20.0 58.0517 0.0 67.6018 63.1981 89.822 71.4493 35.9026 43.0 75.2928 71.0634 75.3923 68.6222 41.1825 67.0671 45.7056 63.3246 64.4127 45.2769 42.45 76.8375 71.3442 77.1038 99.5389 61.9839 25.632 82.7345 89.8443 53.4603 77.1622 45.0 19.6469 60.8276 62.0081 38.1182 70.0643 69.8355 86.0233 53.2541 85.276 42.5793 24.6982 81.0247 55.7315 29.8329 55.1453 15.1327 21.5407 36.0555 67.6018 97.5141 39.1152 
