50
0.0 14.3178 33.8378 16.2788 40.2244 26.9072 14.1421 7.0711 23.0217 44.4072 22.4722 26.6271 28.3019 22.2036 20.6155 27.7849 33.3766 21.4009 29.0689 24.0416 38.9102 10.7703 26.8328 29.1548 17.0 27.5862 8.0623 29.4109 35.0143 37.0 21.3776 36.7696 4.0 35.8469 17.0294 28.8617 10.6301 9.434 15.2315 19.8494 6.4031 17.0294 26.8328 16.7631 15.8114 18.868 13.3417 39.6232 7.6158 23.3238 
14.3178 0.0 21.2603 8.2462 27.5862 16.1555 20.8087 12.0416 23.8537 36.4005 15.8114 25.02 15.6205 34.2053 16.1245 19.7231 19.105 33.6006 39.6232 9.8489 25.2389 16.4012 27.074 39.0512 18.9737 22.8035 9.8995 22.3607 21.3776 22.8473 25.4558 31.3847 14.0357 27.0185 30.4138 14.5602 21.587 19.6469 26.2488 12.0416 18.1108 19.105 37.4833 8.2462 22.4722 7.2801 1.0 33.541 21.8403 17.1172 
33.8378 21.2603 0.0 17.8885 6.4031 8.0623 42.0119 33.2415 27.2947 45.7056 32.28 43.0116 5.6569 55.2268 34.176 33.2415 14.8661 54.5619 60.8769 13.0 7.2801 37.6431 45.8803 60.3075 39.4462 38.833 31.1448 36.2215 21.1896 9.8995 32.0624 45.0444 31.7648 37.1214 50.8035 12.0 36.6879 34.7851 47.3814 15.5242 34.9285 27.074 58.7282 26.8328 33.2415 15.0 21.9317 46.0109 41.3401 16.0312 
16.2788 8.2462 17.8885 0.0 24.1868 10.6301 26.9258 17.4642 16.2788 44.1022 24.0416 33.1361 12.6491 38.2884 24.3311 27.7308 21.8403 37.5366 44.6542 11.7047 23.7697 22.4722 35.0 44.4185 26.3059 31.0483 15.8114 30.4631 25.9422 23.0217 18.868 39.5601 13.8924 34.6699 33.3017 16.4924 19.2354 17.2627 30.8058 4.1231 17.088 12.53 42.4382 16.4924 17.4642 4.1231 8.0623 41.6293 23.6008 9.0 
40.2244 27.5862 6.4031 24.1868 0.0 13.9284 48.2701 39.598 32.0 49.0918 37.6962 48.4665 12.0416 61.6198 39.8121 38.0789 18.0 60.959 67.2086 18.868 6.3246 43.9318 51.4782 66.6033 45.4863 43.9659 37.4833 41.0 24.0832 11.1803 37.054 49.4975 38.0789 41.0488 57.2014 16.7631 42.72 40.8534 53.7587 21.5407 41.1461 32.5576 65.0692 32.7567 38.833 21.4009 28.2843 50.1597 47.7074 21.2132 
26.9072 16.1555 8.0623 10.6301 13.9284 0.0 36.7151 27.4591 19.6469 46.8188 30.0167 40.3113 5.0 48.8365 31.257 32.249 18.3848 48.1041 55.0 11.4018 15.0333 32.249 42.7551 54.6443 35.1141 37.0 25.5539 35.2278 24.2074 16.1555 24.1868 44.4072 24.4131 37.6431 43.9318 13.6015 28.7924 26.9258 41.2311 7.6158 27.2947 19.0263 52.8015 23.3452 25.1794 8.9443 16.5529 45.8912 34.2053 8.2462 
14.1421 20.8087 42.0119 26.9258 48.2701 36.7151 0.0 9.4868 37.0135 36.0555 17.1172 15.2643 36.4005 15.5242 14.0357 22.0 36.3593 15.2971 19.2094 29.6985 45.2769 4.4721 14.1421 18.3848 6.0828 18.6815 11.1803 22.2036 35.4683 42.0119 35.5106 26.8328 18.1108 29.2746 15.2971 33.4215 23.7697 23.0868 8.0 31.0161 19.9249 31.0161 17.2047 16.6433 29.8329 27.7849 20.2485 29.9666 14.2127 35.4401 
7.0711 12.0416 33.2415 17.4642 39.598 27.4591 9.4868 0.0 28.2843 37.4433 15.6525 19.7231 27.5862 22.2036 13.6015 21.0238 29.7321 21.6333 27.6586 21.6333 37.2022 5.099 20.2485 27.2029 10.4403 20.5183 2.2361 22.4722 30.2655 34.4819 27.5136 29.6985 10.2956 29.0689 18.9737 25.9422 17.6918 16.4012 14.2127 21.5407 13.4536 22.3607 25.4951 11.0 22.3607 18.6011 11.3137 32.5576 12.1655 25.9615 
23.0217 23.8537 27.2947 16.2788 32.0 19.6469 37.0135 28.2843 0.0 60.2163 39.3573 47.1275 24.3516 43.3244 39.0 43.566 36.7151 42.3792 50.9608 27.2029 34.5254 33.1361 48.2701 51.4198 38.6394 46.0977 27.6586 46.1411 41.6173 35.7351 5.3852 55.0091 19.0263 50.8035 36.7696 31.3847 17.0 16.1555 37.6563 14.4222 18.6815 6.0 48.7647 31.7648 10.0 19.8494 23.3238 57.3062 27.2029 11.4018 
44.4072 36.4005 45.7056 44.1022 49.0918 46.8188 36.0555 37.4433 60.2163 0.0 22.0227 21.3776 42.72 49.6488 23.8537 16.9706 31.1448 49.8197 49.0 35.4683 43.0116 35.7771 24.0832 47.0106 30.0832 17.4642 36.4005 15.0 25.02 38.0132 61.7171 10.0 46.8615 9.434 51.2445 33.9559 54.8179 53.2635 43.6807 47.0106 50.6063 55.4437 48.0416 29.0 57.9828 41.1825 37.0135 7.0711 48.7647 51.8845 
22.4722 15.8114 32.28 24.0416 37.6962 30.0167 17.1172 15.6525 39.3573 22.0227 0.0 10.7703 27.4591 32.5576 3.1623 5.3852 22.0227 32.3883 34.9285 19.4165 33.121 15.1327 13.8924 33.541 11.4018 7.0711 14.4222 7.0711 19.4165 28.8444 40.2244 15.6525 24.8395 13.4164 32.0156 21.0238 32.8024 31.241 25.0799 27.6586 28.6007 34.1321 33.2415 7.6158 36.1248 22.2036 16.1555 18.0278 27.5136 32.7567 
26.6271 25.02 43.0116 33.1361 48.4665 40.3113 15.2643 19.7231 47.1275 21.3776 10.7703 0.0 38.0789 28.2843 9.0554 12.0416 32.45 28.4429 28.2843 30.0832 43.8292 16.2788 3.6056 26.4764 9.8995 5.831 19.6977 10.2956 29.0 39.4462 47.0106 11.7047 30.0167 16.4924 30.0832 31.7805 37.2022 36.0555 22.4722 37.054 33.0151 41.4367 27.074 17.0294 42.0595 32.0156 25.0799 14.8661 29.0689 42.107 
28.3019 15.6205 5.6569 12.6491 12.0416 5.0 36.4005 27.5862 24.3516 42.72 27.4591 38.0789 0.0 49.5782 29.1204 29.0 13.4536 48.9183 55.2268 8.0623 11.1803 32.0156 40.8044 54.6717 34.0 34.2345 25.4951 32.0 19.4165 11.4018 28.6356 41.0488 26.4008 33.7343 45.2217 8.9443 31.7805 29.8329 41.7253 11.0 29.7321 23.0868 53.0754 21.5407 29.0 9.434 16.2788 42.2966 35.8469 13.0 
22.2036 34.2053 55.2268 38.2884 61.6198 48.8365 15.5242 22.2036 43.3244 49.6488 32.5576 28.2843 49.5782 0.0 29.4279 37.2156 51.4296 1.0 8.0 43.8292 59.4054 18.7883 25.7099 9.2195 21.2132 33.0151 24.4131 37.0135 50.9215 56.6039 40.025 39.8121 25.5539 44.0 7.0 48.0208 26.6833 27.2029 8.0623 42.0119 24.6982 37.6962 6.0828 31.7805 33.9559 40.3113 33.4215 42.9535 16.1555 45.4863 
20.6155 16.1245 34.176 24.3311 39.8121 31.257 14.0357 13.6015 39.0 23.8537 3.1623 9.0554 29.1204 29.4279 0.0 8.0623 24.7588 29.2746 31.7805 21.1896 35.5106 12.3693 11.7047 30.4138 8.2462 7.2111 12.7279 8.9443 22.4722 31.4006 39.4462 16.4012 23.3452 15.8114 29.0689 23.3238 31.1448 29.6985 22.0227 28.1603 26.9072 33.541 30.0832 8.0 35.0 23.0 16.2788 19.105 25.0799 33.2415 
27.7849 19.7231 33.2415 27.7308 38.0789 32.249 22.0 21.0238 43.566 16.9706 5.3852 12.0416 29.0 37.2156 8.0623 0.0 21.0238 37.1214 38.8973 21.0238 32.8938 20.3961 15.6205 37.3363 16.0312 6.4031 19.7231 3.0 17.0294 28.2312 44.8219 12.1655 30.0 8.0623 37.1214 21.3776 38.0132 36.4005 30.0 31.0161 33.8378 38.6005 37.3631 12.0416 41.0122 25.2982 20.2485 13.9284 32.8938 36.0555 
33.3766 19.105 14.8661 21.8403 18.0 18.3848 36.3593 29.7321 36.7151 31.1448 22.0227 32.45 13.4536 51.4296 24.7588 21.0238 0.0 50.9902 55.4707 10.198 12.1655 32.6497 35.805 54.4059 32.0156 27.2947 27.5136 23.7697 6.3246 7.2801 40.3113 31.7805 33.0151 23.0868 48.7032 5.3852 40.1123 38.1182 43.382 22.3607 37.0 34.176 53.535 19.7231 39.2938 17.72 20.0998 32.249 40.7922 25.807 
21.4009 33.6006 54.5619 37.5366 60.959 48.1041 15.2971 21.6333 42.3792 49.8197 32.3883 28.4429 48.9183 1.0 29.2746 37.1214 50.9902 0.0 9.0 43.2666 58.8218 18.3848 25.9615 10.198 21.095 33.0606 23.8537 37.0 50.5964 56.0803 39.0512 40.025 24.6982 44.0114 6.0 47.5079 25.7099 26.2488 7.6158 41.2311 23.7697 36.7696 7.0711 31.3847 32.9848 39.6232 32.8024 43.1741 15.2315 44.6542 
29.0689 39.6232 60.8769 44.6542 67.2086 55.0 19.2094 27.6586 50.9608 49.0 34.9285 28.2843 55.2268 8.0 31.7805 38.8973 55.4707 9.0 0.0 48.8365 64.4438 23.3452 25.0799 2.2361 23.7065 33.7343 29.7321 38.0789 54.1202 61.2209 47.8539 39.0 32.6956 44.7214 15.0 52.6308 34.5254 34.9285 13.8924 48.5489 32.28 45.2217 2.2361 35.805 41.7732 46.2277 38.9487 42.0119 23.7697 52.3546 
24.0416 9.8489 13.0 11.7047 18.868 11.4018 29.6985 21.6333 27.2029 35.4683 19.4165 30.0832 8.0623 43.8292 21.1896 21.0238 10.198 43.2666 48.8365 0.0 15.6205 25.4951 32.8938 48.0833 26.6271 26.1725 19.4165 24.0208 14.4222 13.0 30.4138 33.1361 23.1948 26.2488 40.2492 5.0 30.0167 28.0179 35.805 12.8062 27.074 24.1661 46.7547 13.8924 29.1204 7.6158 10.7703 34.5254 31.6228 17.0294 
38.9102 25.2389 7.2801 23.7697 6.3246 15.0333 45.2769 37.2022 34.5254 43.0116 33.121 43.8292 11.1803 59.4054 35.5106 32.8938 12.1655 58.8218 64.4438 15.6205 0.0 41.1096 47.0106 63.6553 41.8688 39.0 35.0 35.7351 18.0 5.0 39.2046 43.9318 37.3363 35.2278 55.5698 12.2066 42.9535 41.0 51.4004 22.0907 40.8044 34.0 62.3699 29.0689 40.05 20.2485 26.0768 44.4072 46.5188 23.1948 
10.7703 16.4012 37.6431 22.4722 43.9318 32.249 4.4721 5.099 33.1361 35.7771 15.1327 16.2788 32.0156 18.7883 12.3693 20.3961 32.6497 18.3848 23.3452 25.4951 41.1096 0.0 16.1245 22.6716 6.4031 18.3576 6.7082 21.1896 32.28 38.0132 32.0156 27.2029 14.5602 28.1603 17.0294 29.4109 21.095 20.1246 10.7703 26.5707 17.0 27.1662 21.2603 13.0 26.5707 23.3238 15.8114 30.2324 13.0384 31.0483 
26.8328 27.074 45.8803 35.0 51.4782 42.7551 14.1421 20.2485 48.2701 24.0832 13.8924 3.6056 40.8044 25.7099 11.7047 15.6205 35.805 25.9615 25.0799 32.8938 47.0106 16.1245 0.0 23.1948 9.8489 9.434 20.6155 13.8924 32.5269 42.72 47.7598 14.1421 30.4631 19.9249 28.178 34.8855 37.2156 36.2353 20.5913 39.0128 33.121 42.45 24.0 19.4165 42.5441 34.2345 27.0185 17.2627 28.3196 44.0 
29.1548 39.0512 60.3075 44.4185 66.6033 54.6443 18.3848 27.2029 51.4198 47.0106 33.541 26.4764 54.6717 9.2195 30.4138 37.3363 54.4059 10.198 2.2361 48.0833 63.6553 22.6716 23.1948 0.0 22.4722 32.0156 29.2062 36.4005 52.8394 60.3075 48.5077 37.0135 32.8938 42.9535 16.1245 51.7397 35.2278 35.5106 13.9284 48.3735 32.7567 45.607 3.1623 34.8281 42.4264 45.8039 38.4187 40.0 24.3311 52.3259 
17.0 18.9737 39.4462 26.3059 45.4863 35.1141 6.0828 10.4403 38.6394 30.0832 11.4018 9.8995 34.0 21.2132 8.2462 16.0312 32.0156 21.095 23.7065 26.6271 41.8688 6.4031 9.8489 22.4722 0.0 12.6491 11.0454 16.1245 30.4138 38.1838 37.9473 21.095 20.6155 23.1948 21.3776 29.7321 27.4591 26.4197 14.0357 30.4138 23.3238 32.7567 21.9317 12.8062 32.6956 26.2488 18.6815 24.1868 19.2094 35.2278 
27.5862 22.8035 38.833 31.0483 43.9659 37.0 18.6815 20.5183 46.0977 17.4642 7.0711 5.831 34.2345 33.0151 7.2111 6.4031 27.2947 33.0606 33.7343 26.1725 39.0 18.3576 9.434 32.0156 12.6491 0.0 19.8494 4.4721 23.4307 34.4384 46.6476 9.2195 30.4795 11.0454 33.9559 27.2029 38.1838 36.7967 26.4764 34.7131 33.9411 40.7063 32.3883 14.5602 42.2019 29.2746 23.0868 12.0416 31.3847 39.8121 
8.0623 9.8995 31.1448 15.8114 37.4833 25.5539 11.1803 2.2361 27.6586 36.4005 14.4222 19.6977 25.4951 24.4131 12.7279 19.7231 27.5136 23.8537 29.7321 19.4165 35.0 6.7082 20.6155 29.2062 11.0454 19.8494 0.0 21.4009 28.1603 32.249 27.313 29.0689 10.6301 27.7849 21.1896 23.7065 18.4391 16.9706 16.4012 19.9249 14.2127 21.8403 27.5862 9.0554 22.4722 16.6433 9.2195 31.8277 14.0357 24.5153 
29.4109 22.3607 36.2215 30.4631 41.0 35.2278 22.2036 22.4722 46.1411 15.0 7.0711 10.2956 32.0 37.0135 8.9443 3.0 23.7697 37.0 38.0789 24.0208 35.7351 21.1896 13.8924 36.4005 16.1245 4.4721 21.4009 0.0 19.4165 31.0161 47.2017 9.2195 31.8904 7.0711 37.4833 24.3311 39.8246 38.2884 30.1496 33.8378 35.609 41.0488 36.6742 14.4222 43.1856 28.1603 22.8254 11.1803 34.0147 38.8973 
35.0143 21.3776 21.1896 25.9422 24.0832 24.2074 35.4683 30.2655 41.6173 25.02 19.4165 29.0 19.4165 50.9215 22.4722 17.0294 6.3246 50.5964 54.1202 14.4222 18.0 32.28 32.5269 52.8394 30.4138 23.4307 28.1603 19.4165 0.0 13.0 44.7772 26.5707 35.3553 17.4642 49.0306 10.6301 42.9535 41.0 43.0116 27.2029 39.4588 38.4708 52.3259 19.4165 43.0813 21.9545 22.3607 26.6833 42.0476 31.1448 
37.0 22.8473 9.8995 23.0217 11.1803 16.1555 42.0119 34.4819 35.7351 38.0132 28.8444 39.4462 11.4018 56.6039 31.4006 28.2312 7.2801 56.0803 61.2209 13.0 5.0 38.0132 42.72 60.3075 38.1838 34.4384 32.249 31.0161 13.0 0.0 40.025 39.0512 35.9026 30.2655 53.2259 8.6023 42.19 40.1995 48.5489 22.2036 39.6232 34.3657 59.203 25.4951 40.1123 19.105 23.7697 39.4588 44.5982 24.3516 
21.3776 25.4558 32.0624 18.868 37.054 24.1868 35.5106 27.5136 5.3852 61.7171 40.2244 47.0106 28.6356 40.025 39.4462 44.8219 40.3113 39.0512 47.8539 30.4138 39.2046 32.0156 47.7598 48.5077 37.9473 46.6476 27.313 47.2017 44.7772 40.025 0.0 55.7584 17.4642 52.4023 33.2415 34.9285 13.3417 13.0384 35.0571 18.0278 16.0 6.4031 45.7056 32.8024 6.0828 22.8254 24.7588 58.2495 24.1868 16.0312 
36.7696 31.3847 45.0444 39.5601 49.4975 44.4072 26.8328 29.6985 55.0091 10.0 15.6525 11.7047 41.0488 39.8121 16.4012 12.1655 31.7805 40.025 39.0 33.1361 43.9318 27.2029 14.1421 37.0135 21.095 9.2195 29.0689 9.2195 26.5707 39.0512 55.7584 0.0 39.6989 9.434 41.7852 33.0606 47.3814 46.0109 34.176 43.0116 43.1393 49.7393 38.0526 23.2594 51.4004 37.3631 31.7805 3.1623 40.2244 48.0833 
4.0 14.0357 31.7648 13.8924 38.0789 24.4131 18.1108 10.2956 19.0263 46.8615 24.8395 30.0167 26.4008 25.5539 23.3452 30.0 33.0151 24.6982 32.6956 23.1948 37.3363 14.5602 30.4631 32.8938 20.6155 30.4795 10.6301 31.8904 35.3553 35.9026 17.4642 39.6989 0.0 38.0132 19.8494 28.1603 8.0623 6.4031 18.9737 17.0294 4.1231 13.0384 30.4631 18.3576 12.083 17.088 13.0384 42.45 9.8995 20.0 
35.8469 27.0185 37.1214 34.6699 41.0488 37.6431 29.2746 29.0689 50.8035 9.434 13.4164 16.4924 33.7343 44.0 15.8114 8.0623 23.0868 44.0114 44.7214 26.2488 35.2278 28.1603 19.9249 42.9535 23.1948 11.0454 27.7849 7.0711 17.4642 30.2655 52.4023 9.434 38.0132 0.0 44.5533 25.1794 46.0435 44.4072 37.2156 37.5899 41.8808 46.0977 43.4166 19.8494 48.8365 31.7648 27.6586 9.2195 40.8534 42.4853 
17.0294 30.4138 50.8035 33.3017 57.2014 43.9318 15.2971 18.9737 36.7696 51.2445 32.0156 30.0832 45.2217 7.0 29.0689 37.1214 48.7032 6.0 15.0 40.2492 55.5698 17.0294 28.178 16.1245 21.3776 33.9559 21.1896 37.4833 49.0306 53.2259 33.2415 41.7852 19.8494 44.5533 0.0 44.7772 19.9249 20.6155 7.6158 36.7696 18.3576 31.305 13.0384 29.6142 27.2029 35.805 29.5296 44.9444 10.0 39.8246 
28.8617 14.5602 12.0 16.4924 16.7631 13.6015 33.4215 25.9422 31.3847 33.9559 21.0238 31.7805 8.9443 48.0208 23.3238 21.3776 5.3852 47.5079 52.6308 5.0 12.2066 29.4109 34.8855 51.7397 29.7321 27.2029 23.7065 24.3311 10.6301 8.6023 34.9285 33.0606 28.1603 25.1794 44.7772 0.0 35.0143 33.0151 39.9625 17.0 32.0624 28.7924 50.6063 16.9706 33.9559 12.3693 15.5242 34.0147 36.4005 20.6155 
10.6301 21.587 36.6879 19.2354 42.72 28.7924 23.7697 17.6918 17.0 54.8179 32.8024 37.2022 31.7805 26.6833 31.1448 38.0132 40.1123 25.7099 34.5254 30.0167 42.9535 21.095 37.2156 35.2278 27.4591 38.1838 18.4391 39.8246 42.9535 42.19 13.3417 47.3814 8.0623 46.0435 19.9249 35.0143 0.0 2.0 22.0227 21.1896 4.2426 12.0416 32.3883 26.4197 7.2801 23.0868 20.6155 50.2096 11.0 22.4722 
9.434 19.6469 34.7851 17.2627 40.8534 26.9258 23.0868 16.4012 16.1555 53.2635 31.241 36.0555 29.8329 27.2029 29.6985 36.4005 38.1182 26.2488 34.9285 28.0179 41.0 20.1246 36.2353 35.5106 26.4197 36.7967 16.9706 38.2884 41.0 40.1995 13.0384 46.0109 6.4031 44.4072 20.6155 33.0151 2.0 0.0 22.0227 19.3132 3.1623 10.8167 32.7567 24.6982 7.0 21.095 18.6815 48.7955 11.1803 20.8087 
15.2315 26.2488 47.3814 30.8058 53.7587 41.2311 8.0 14.2127 37.6563 43.6807 25.0799 22.4722 41.7253 8.0623 22.0227 30.0 43.382 7.6158 13.8924 35.805 51.4004 10.7703 20.5913 13.9284 14.0357 26.4764 16.4012 30.1496 43.0116 48.5489 35.0571 34.176 18.9737 37.2156 7.6158 39.9625 22.0227 22.0227 0.0 34.6699 19.105 31.7805 11.6619 23.7697 29.0172 32.5576 25.4951 37.3363 11.0454 38.4708 
19.8494 12.0416 15.5242 4.1231 21.5407 7.6158 31.0161 21.5407 14.4222 47.0106 27.6586 37.054 11.0 42.0119 28.1603 31.0161 22.3607 41.2311 48.5489 12.8062 22.0907 26.5707 39.0128 48.3735 30.4138 34.7131 19.9249 33.8378 27.2029 22.2036 18.0278 43.0116 17.0294 37.5899 36.7696 17.0 21.1896 19.3132 34.6699 0.0 19.7231 12.1655 46.3249 20.2237 18.0 5.831 12.0 44.9444 26.9072 5.099 
6.4031 18.1108 34.9285 17.088 41.1461 27.2947 19.9249 13.4536 18.6815 50.6063 28.6007 33.0151 29.7321 24.6982 26.9072 33.8378 37.0 23.7697 32.28 27.074 40.8044 17.0 33.121 32.7567 23.3238 33.9411 14.2127 35.609 39.4588 39.6232 16.0 43.1393 4.1231 41.8808 18.3576 32.0624 4.2426 3.1623 19.105 19.7231 0.0 13.0 30.0832 22.3607 10.0499 20.6155 17.1172 45.9674 8.544 21.9317 
17.0294 19.105 27.074 12.53 32.5576 19.0263 31.0161 22.3607 6.0 55.4437 34.1321 41.4367 23.0868 37.6962 33.541 38.6005 34.176 36.7696 45.2217 24.1661 34.0 27.1662 42.45 45.607 32.7567 40.7063 21.8403 41.0488 38.4708 34.3657 6.4031 49.7393 13.0384 46.0977 31.305 28.7924 12.0416 10.8167 31.7805 12.1655 13.0 0.0 43.0116 26.6271 6.3246 16.5529 18.4391 52.1536 21.5407 11.4018 
26.8328 37.4833 58.7282 42.4382 65.0692 52.8015 17.2047 25.4951 48.7647 48.0416 33.2415 27.074 53.0754 6.0828 30.0832 37.3631 53.535 7.0711 2.2361 46.7547 62.3699 21.2603 24.0 3.1623 21.9317 32.3883 27.5862 36.6742 52.3259 59.203 45.7056 38.0526 30.4631 43.4166 13.0384 50.6063 32.3883 32.7567 11.6619 46.3249 30.0832 43.0116 0.0 33.8378 39.6232 44.0454 36.7967 41.1096 21.587 50.1199 
16.7631 8.2462 26.8328 16.4924 32.7567 23.3452 16.6433 11.0 31.7648 29.0 7.6158 17.0294 21.5407 31.7805 8.0 12.0416 19.7231 31.3847 35.805 13.8924 29.0689 13.0 19.4165 34.8281 12.8062 14.5602 9.0554 14.4222 19.4165 25.4951 32.8024 23.2594 18.3576 19.8494 29.6142 16.9706 26.4197 24.6982 23.7697 20.2237 22.3607 26.6271 33.8378 0.0 29.0 15.0 8.544 25.5539 23.0868 25.318 
15.8114 22.4722 33.2415 17.4642 38.833 25.1794 29.8329 22.3607 10.0 57.9828 36.1248 42.0595 29.0 33.9559 35.0 41.0122 39.2938 32.9848 41.7732 29.1204 40.05 26.5707 42.5441 42.4264 32.6956 42.2019 22.4722 43.1856 43.0813 40.1123 6.0828 51.4004 12.083 48.8365 27.2029 33.9559 7.2801 7.0 29.0172 18.0 10.0499 6.3246 39.6232 29.0 0.0 21.587 21.6333 54.037 18.1108 17.72 
18.868 7.2801 15.0 4.1231 21.4009 8.9443 27.7849 18.6011 19.8494 41.1825 22.2036 32.0156 9.434 40.3113 23.0 25.2982 17.72 39.6232 46.2277 7.6158 20.2485 23.3238 34.2345 45.8039 26.2488 29.2746 16.6433 28.1603 21.9545 19.105 22.8254 37.3631 17.088 31.7648 35.805 12.3693 23.0868 21.095 32.5576 5.831 20.6155 16.5529 44.0454 15.0 21.587 0.0 7.6158 39.2173 26.4197 10.7703 
13.3417 1.0 21.9317 8.0623 28.2843 16.5529 20.2485 11.3137 23.3238 37.0135 16.1555 25.0799 16.2788 33.4215 16.2788 20.2485 20.0998 32.8024 38.9487 10.7703 26.0768 15.8114 27.0185 38.4187 18.6815 23.0868 9.2195 22.8254 22.3607 23.7697 24.7588 31.7805 13.0384 27.6586 29.5296 15.5242 20.6155 18.6815 25.4951 12.0 17.1172 18.4391 36.7967 8.544 21.6333 7.6158 0.0 34.0 20.8806 17.0294 
39.6232 33.541 46.0109 41.6293 50.1597 45.8912 29.9666 32.5576 57.3062 7.0711 18.0278 14.8661 42.2966 42.9535 19.105 13.9284 32.249 43.1741 42.0119 34.5254 44.4072 30.2324 17.2627 40.0 24.1868 12.0416 31.8277 11.1803 26.6833 39.4588 58.2495 3.1623 42.45 9.2195 44.9444 34.0147 50.2096 48.7955 37.3363 44.9444 45.9674 52.1536 41.1096 25.5539 54.037 39.2173 34.0 0.0 43.2666 49.98 
7.6158 21.8403 41.3401 23.6008 47.7074 34.2053 14.2127 12.1655 27.2029 48.7647 27.5136 29.0689 35.8469 16.1555 25.0799 32.8938 40.7922 15.2315 23.7697 31.6228 46.5188 13.0384 28.3196 24.3311 19.2094 31.3847 14.0357 34.0147 42.0476 44.5982 24.1868 40.2244 9.8995 40.8534 10.0 36.4005 11.0 11.1803 11.0454 26.9072 8.544 21.5407 21.587 23.0868 18.1108 26.4197 20.8806 43.2666 0.0 29.8329 
23.3238 17.1172 16.0312 9.0 21.2132 8.2462 35.4401 25.9615 11.4018 51.8845 32.7567 42.107 13.0 45.4863 33.2415 36.0555 25.807 44.6542 52.3546 17.0294 23.1948 31.0483 44.0 52.3259 35.2278 39.8121 24.5153 38.8973 31.1448 24.3516 16.0312 48.0833 20.0 42.4853 39.8246 20.6155 22.4722 20.8087 38.4708 5.099 21.9317 11.4018 50.1199 25.318 17.72 10.7703 17.0294 49.98 29.8329 0.0 
