50
0.0 7.2801 15.6205 28.3196 14.1421 17.4929 14.8661 23.2594 24.0416 24.0208 15.2643 17.6918 9.0554 9.4868 7.6158 26.2488 24.0416 11.7047 3.0 20.5183 24.0416 15.2971 25.4951 28.1603 35.0 34.6554 26.9258 31.241 25.7099 6.7082 27.8029 28.0179 24.1661 22.4722 21.0238 22.1359 11.4018 32.249 29.0 20.2485 29.7321 31.1448 11.1803 21.4709 28.3019 7.0711 6.4031 7.2111 26.1725 12.8062 
7.2801 0.0 20.6155 32.7567 15.0 23.0868 9.4868 16.1245 21.4709 27.2029 8.4853 15.8114 13.6015 16.7631 14.0357 18.9737 18.3576 17.0294 8.6023 14.4222 25.0 8.0623 25.318 21.0238 31.1448 31.9061 22.1359 27.8029 29.9666 13.0384 26.0 21.2603 31.3847 28.6356 21.095 16.6433 16.7631 25.2389 35.609 27.5136 33.6006 28.6531 4.0 27.0185 21.4009 7.2801 7.6158 11.7047 30.2324 8.0623 
15.6205 20.6155 0.0 12.7279 10.7703 3.1623 22.0227 33.0 39.6232 35.7351 25.0799 33.2415 21.9545 13.3417 8.6023 37.054 38.9102 22.4722 17.6918 27.2947 38.0789 27.8927 40.2244 40.6079 50.6063 50.2096 29.0689 46.8615 35.5106 9.2195 43.1856 35.5106 22.3607 9.2195 35.805 37.1214 4.2426 40.4475 31.3209 18.3848 14.4222 46.669 24.3516 29.0689 36.3456 22.6716 21.9317 8.9443 10.8167 20.0 
28.3196 32.7567 12.7279 0.0 19.6469 11.6619 32.0156 42.9535 52.345 47.4236 35.7351 45.9674 34.4093 25.0599 21.2603 47.2969 51.1077 34.4819 30.4138 36.3456 50.4777 39.3954 52.8015 51.5461 63.2535 62.9365 35.2278 59.5483 46.4866 21.9317 55.9017 44.1022 29.0172 11.0 48.4149 49.3964 16.9706 49.0918 39.0 26.0768 3.1623 59.397 36.2353 39.5601 45.1774 35.3836 34.6554 21.4009 3.0 30.3645 
14.1421 15.0 10.7703 19.6469 0.0 13.9284 12.3693 23.3452 36.3593 38.0132 16.1555 30.4138 23.0217 18.3848 12.083 27.6586 32.6497 25.0799 17.1172 17.0 38.0789 20.2485 39.2173 31.9531 46.0977 46.8722 18.3576 42.8019 39.2046 11.7047 40.7063 25.0799 31.241 19.9249 34.7851 31.1448 9.8995 30.0666 38.9487 27.0185 19.6977 43.566 17.6918 33.9559 26.0192 20.2485 19.9249 8.2462 16.7631 10.7703 
17.4929 23.0868 3.1623 11.6619 13.9284 0.0 25.0799 36.0139 41.2311 35.8469 28.0179 34.8281 22.8035 13.4164 10.0 40.0125 41.2311 22.8254 19.2094 30.4138 38.833 30.5941 41.2311 43.4166 52.4309 51.7397 32.2025 48.6004 35.171 10.8167 44.5533 38.6394 20.2485 6.0828 36.8782 39.3954 6.3246 43.566 29.6142 16.4924 13.9284 48.1664 26.9258 28.4429 39.4588 24.4131 23.6008 11.4018 10.4403 23.0217 
14.8661 9.4868 22.0227 32.0156 12.3693 25.0799 0.0 11.0454 28.8617 36.6879 4.2426 24.0832 22.8254 23.6008 18.7883 15.2971 22.2036 26.0768 17.2047 5.831 34.1321 9.434 34.0147 19.6977 36.7151 38.6264 12.6491 34.0147 39.3954 17.8885 33.7343 13.9284 38.2753 31.1448 30.0167 21.095 19.4165 18.6815 43.8406 34.1321 31.9531 35.7351 9.0554 36.0555 14.5602 16.7631 17.088 14.8661 29.1204 2.2361 
23.2594 16.1245 33.0 42.9535 23.3452 36.0139 11.0454 0.0 27.2947 40.4969 8.2462 24.6982 29.0689 32.6956 28.8617 4.4721 17.1172 32.6497 24.6982 7.2111 35.8469 9.2195 34.4819 9.8995 31.7805 35.1283 14.7648 30.1496 44.2041 27.8927 32.249 6.3246 47.4236 42.0476 31.3847 17.0 30.1496 9.2195 51.614 43.4626 42.72 33.0 12.8062 42.45 5.831 21.9317 22.6716 25.318 40.025 13.0 
24.0416 21.4709 39.6232 52.345 36.3593 41.2311 28.8617 27.2947 0.0 19.3132 25.318 6.4031 19.6977 29.5296 31.241 26.2488 11.6619 21.8403 22.0227 31.0644 11.6619 20.0998 8.4853 22.8254 11.7047 10.6301 40.1123 7.6158 24.3516 30.4795 5.0 33.541 39.6232 45.4863 8.2462 10.7703 35.3836 34.7851 38.1182 37.3631 53.7587 7.2111 19.9249 27.074 32.7567 16.9706 17.6918 31.1448 50.2096 28.4605 
24.0208 27.2029 35.7351 47.4236 38.0132 35.8469 36.6879 40.4969 19.3132 0.0 34.9285 17.0294 15.0 22.4722 27.6586 41.2311 29.4109 13.3417 21.0238 41.2311 8.0623 31.3847 12.0416 39.6232 29.1548 25.02 49.3356 25.318 5.099 27.4591 18.1108 46.6476 25.2389 37.7359 11.1803 27.8029 32.0156 49.4065 20.3961 24.7588 49.7695 22.0227 28.6356 10.2956 46.3249 19.9249 19.6469 30.1496 46.2385 35.171 
15.2643 8.4853 25.0799 35.7351 16.1555 28.0179 4.2426 8.2462 25.318 34.9285 0.0 21.0238 22.0227 24.5967 20.6155 12.0 18.0278 25.4951 17.0294 6.3246 31.5753 5.3852 31.0644 15.8114 32.6497 34.7851 15.0333 30.0832 38.0789 19.6469 30.2655 12.8062 39.3573 34.0 27.2947 17.0 22.0227 17.0 44.0454 35.3412 35.8469 32.0156 6.3246 35.4683 13.0384 15.2643 15.8114 17.1172 32.8938 5.3852 
17.6918 15.8114 33.2415 45.9674 30.4138 34.8281 24.0832 24.6982 6.4031 17.0294 21.0238 0.0 13.6015 23.2594 24.8395 24.6982 12.53 16.1245 15.6205 27.1662 11.1803 16.2788 10.0499 22.6274 17.8885 16.9706 36.0555 13.8924 21.6333 24.0832 10.2956 31.0161 34.1321 39.1152 6.7082 10.8167 29.0 33.121 33.7343 31.5753 47.4236 13.4536 15.0333 22.8035 30.4631 10.6301 11.3137 24.8395 43.8634 23.3452 
9.0554 13.6015 21.9545 34.4093 23.0217 22.8035 22.8254 29.0689 19.6977 15.0 22.0227 13.6015 0.0 10.0 13.4164 31.0644 24.0832 3.6056 6.0828 28.0179 16.1245 20.0 18.4391 31.3847 31.3847 29.6816 35.3412 27.313 16.7631 13.0 22.2036 34.6554 21.0238 26.2488 14.1421 22.0907 17.8885 38.2884 22.8254 18.1108 36.3593 26.0768 16.2788 13.4536 34.6554 7.2111 6.4031 15.2971 32.7567 21.0238 
9.4868 16.7631 13.3417 25.0599 18.3848 13.4164 23.6008 32.6956 29.5296 22.4722 24.5967 23.2594 10.0 0.0 6.3246 35.7351 32.249 9.434 9.0 29.4109 25.6125 24.7386 28.2843 37.4833 41.1461 39.6611 34.7131 37.1214 22.2036 6.7082 32.2025 37.2156 14.7648 16.2788 24.0832 30.2655 10.0 41.5933 20.8087 10.7703 27.313 36.0555 20.6155 16.0312 37.5899 14.1421 13.1529 10.2956 23.7697 21.4009 
7.6158 14.0357 8.6023 21.2603 12.083 10.0 18.7883 28.8617 31.241 27.6586 20.6155 24.8395 13.4164 6.3246 0.0 32.3883 31.6228 14.3178 9.2195 24.5967 29.5296 22.0 31.6228 35.0 42.4382 41.7732 29.0 38.6005 28.0179 1.0 34.6554 32.6956 19.8494 14.8661 27.2029 29.7321 4.4721 37.3363 26.9258 15.6205 23.0217 38.2099 18.0278 22.2036 33.2415 14.4222 13.6015 4.2426 19.4165 16.5529 
26.2488 18.9737 37.054 47.2969 27.6586 40.0125 15.2971 4.4721 26.2488 41.2311 12.0 24.6982 31.0644 35.7351 32.3883 0.0 15.1327 34.6699 27.313 11.6619 35.8469 11.1803 34.0147 5.831 29.1548 33.0151 18.6011 28.0179 45.2769 31.4006 31.0483 8.2462 50.3289 46.0 31.3847 15.5242 34.0147 8.544 53.8516 46.4866 47.1275 31.257 15.2315 44.2041 7.0711 23.8537 24.6982 29.0689 44.3847 17.1172 
24.0416 18.3576 38.9102 51.1077 32.6497 41.2311 22.2036 17.1172 11.6619 29.4109 18.0278 12.53 24.0832 32.249 31.6228 15.1327 0.0 27.2947 23.3452 22.4722 22.6274 12.8062 20.0 11.1803 14.8661 18.0278 31.3209 13.0384 34.1321 30.6757 16.1555 23.0 45.0999 46.4866 18.4391 2.0 34.9285 23.5372 45.8803 42.0 51.8652 16.1245 15.0 35.1141 22.0227 18.1108 19.105 29.9666 48.5489 22.6716 
11.7047 17.0294 22.4722 34.4819 25.0799 22.8254 26.0768 32.6497 21.8403 13.3417 25.4951 16.1245 3.6056 9.434 14.3178 34.6699 27.2947 0.0 8.9443 31.4006 16.2788 23.6008 19.2094 34.9285 33.5261 31.305 38.4708 29.4109 14.1421 14.1421 23.7065 38.1838 18.0278 25.4951 15.2643 25.318 18.6815 41.8688 19.2354 15.5242 36.6742 27.7308 19.8494 10.0 38.2099 10.8167 10.0 17.0 33.1059 24.1868 
3.0 8.6023 17.6918 30.4138 17.1172 19.2094 17.2047 24.6982 22.0227 21.0238 17.0294 15.6205 6.0828 9.0 9.2195 27.313 23.3452 8.9443 0.0 22.6716 21.1896 16.1555 22.8254 28.6356 33.2866 32.5576 29.5296 29.4109 22.8035 8.4853 25.4951 29.8329 23.0868 23.7065 18.3576 21.3776 13.4536 33.8378 27.0185 19.4165 32.0156 29.0 12.083 18.868 30.0 5.3852 4.4721 9.8489 28.4253 15.2643 
20.5183 14.4222 27.2947 36.3456 17.0 30.4138 5.831 7.2111 31.0644 41.2311 6.3246 27.1662 28.0179 29.4109 24.5967 11.6619 22.4722 31.4006 22.6716 0.0 37.855 11.0 37.2156 17.0294 37.3363 40.025 9.0554 35.171 44.2945 23.7065 36.0555 8.2462 44.1022 36.4966 33.541 21.8403 25.0 13.1529 49.5177 39.9625 35.9026 37.4833 12.6491 41.4005 9.0554 21.4709 21.9545 20.6155 33.3766 8.0623 
24.0416 25.0 38.0789 50.4777 38.0789 38.833 34.1321 35.8469 11.6619 8.0623 31.5753 11.1803 16.1245 25.6125 29.5296 35.8469 22.6274 16.2788 21.1896 37.855 0.0 27.2029 4.0 33.4215 21.095 17.1172 46.5296 17.2627 13.1529 29.0689 10.0499 42.1545 31.7805 41.7732 4.4721 21.2603 34.0 44.2945 28.1603 30.5287 52.4786 14.0 25.318 17.4642 41.6293 18.1108 18.2483 31.0161 48.8774 33.0151 
15.2971 8.0623 27.8927 39.3954 20.2485 30.5941 9.434 9.2195 20.0998 31.3847 5.3852 16.2788 20.0 24.7386 22.0 11.1803 12.8062 23.6008 16.1555 11.0 27.2029 0.0 26.3059 13.0 27.2947 29.4109 20.025 24.6982 35.0 21.0 25.0799 15.2643 39.2173 36.3456 22.8035 11.6619 24.3311 18.3848 42.72 35.4401 39.8246 26.6833 4.1231 33.3017 15.0 12.8062 13.6015 19.2354 36.6742 9.8995 
25.4951 25.318 40.2244 52.8015 39.2173 41.2311 34.0147 34.4819 8.4853 12.0416 31.0644 10.0499 18.4391 28.2843 31.6228 34.0147 20.0 19.2094 22.8254 37.2156 4.0 26.3059 0.0 31.0644 17.1172 13.1529 46.0977 13.3417 17.1172 31.0644 6.0828 40.8044 35.4683 44.5533 4.4721 18.868 36.0555 42.5441 32.1403 34.0 54.6443 10.0 25.0 21.3776 40.1622 18.9737 19.3132 32.6497 51.0392 33.1361 
28.1603 21.0238 40.6079 51.5461 31.9531 43.4166 19.6977 9.8995 22.8254 39.6232 15.8114 22.6274 31.3847 37.4833 35.0 5.831 11.1803 34.9285 28.6356 17.0294 33.4215 13.0 31.0644 0.0 24.0 28.2843 24.4131 23.3452 44.0454 34.0 27.313 13.9284 51.6624 49.2544 29.0689 12.2066 37.2156 13.0 54.1295 48.0521 51.6236 26.9258 17.0294 43.909 12.6491 24.3516 25.2982 32.1403 48.7032 21.1896 
35.0 31.1448 50.6063 63.2535 46.0977 52.4309 36.7151 31.7805 11.7047 29.1548 32.6497 17.8885 31.3847 41.1461 42.4382 29.1548 14.8661 33.5261 33.2866 37.3363 21.095 27.2947 17.1172 24.0 0.0 5.6569 46.1736 4.1231 34.2345 41.6173 11.0454 37.3363 51.1957 56.9386 19.105 15.6525 46.4004 37.0 49.0102 49.0408 64.4438 7.2801 28.6007 38.0526 36.2215 28.0179 28.8444 41.8688 60.959 36.8917 
34.6554 31.9061 50.2096 62.9365 46.8722 51.7397 38.6264 35.1283 10.6301 25.02 34.7851 16.9706 29.6816 39.6611 41.7732 33.0151 18.0278 31.305 32.5576 40.025 17.1172 29.4109 13.1529 28.2843 5.6569 0.0 49.0306 5.0 30.0 41.0366 7.6158 41.0122 48.3839 55.8032 16.1555 18.2483 45.9674 41.1947 45.2769 46.6154 64.3817 3.6056 29.9666 34.5254 40.0 27.5862 28.2843 41.7732 60.8276 38.4838 
26.9258 22.1359 29.0689 35.2278 18.3576 32.2025 12.6491 14.7648 40.1123 49.3356 15.0333 36.0555 35.3412 34.7131 29.0 18.6011 31.3209 38.4708 29.5296 9.0554 46.5296 20.025 46.0977 24.4131 46.1736 49.0306 0.0 44.1475 52.0 28.2843 45.0999 11.4018 48.8365 38.0789 42.2966 30.8058 28.0179 15.6525 55.4437 44.5982 34.0147 46.5296 21.2132 48.3735 12.8062 29.4109 29.7321 24.7588 32.249 14.3178 
31.241 27.8029 46.8615 59.5483 42.8019 48.6004 34.0147 30.1496 7.6158 25.318 30.0832 13.8924 27.313 37.1214 38.6005 28.0179 13.0384 29.4109 29.4109 35.171 17.2627 24.6982 13.3417 23.3452 4.1231 5.0 44.1475 0.0 30.4138 37.8021 7.2801 36.0139 47.0744 53.0 15.0333 13.3417 42.638 36.2215 45.0 44.9222 60.8276 4.2426 25.5539 34.0147 35.0 24.2074 25.0 38.2099 57.3149 34.0 
25.7099 29.9666 35.5106 46.4866 39.2046 35.171 39.3954 44.2041 24.3516 5.099 38.0789 21.6333 16.7631 22.2036 28.0179 45.2769 34.1321 14.1421 22.8035 44.2945 13.1529 35.0 17.1172 44.0454 34.2345 30.0 52.0 30.4138 0.0 28.0 23.1948 50.2195 21.9317 36.2491 16.1555 32.45 32.1403 53.2635 15.8114 22.2036 49.0408 27.074 31.9061 7.2111 50.0 22.8254 22.3607 31.0644 45.607 37.6962 
6.7082 13.0384 9.2195 21.9317 11.7047 10.8167 17.8885 27.8927 30.4795 27.4591 19.6469 24.0832 13.0 6.7082 1.0 31.4006 30.6757 14.1421 8.4853 23.7065 29.0689 21.0 31.0644 34.0 41.6173 41.0366 28.2843 37.8021 28.0 0.0 33.9706 31.7805 20.6155 15.8114 26.6271 28.7924 5.0 36.4005 27.4591 16.4012 23.6008 37.4833 17.0294 22.3607 32.311 13.6015 12.8062 3.6056 20.0 15.6525 
27.8029 26.0 43.1856 55.9017 40.7063 44.5533 33.7343 32.249 5.0 18.1108 30.2655 10.2956 22.2036 32.2025 34.6554 31.0483 16.1555 23.7065 25.4951 36.0555 10.0499 25.0799 6.0828 27.313 11.0454 7.6158 45.0999 7.2801 23.1948 33.9706 0.0 38.4708 40.8044 48.4149 8.544 15.5242 38.9487 39.5601 38.0526 39.0 57.4891 4.1231 24.7386 27.1662 37.6563 20.8087 21.4009 35.0 53.9073 33.2415 
28.0179 21.2603 35.5106 44.1022 25.0799 38.6394 13.9284 6.3246 33.541 46.6476 12.8062 31.0161 34.6554 37.2156 32.6956 8.2462 23.0 38.1838 29.8329 8.2462 42.1545 15.2643 40.8044 13.9284 37.3363 41.0122 11.4018 36.0139 50.2195 31.7805 38.4708 0.0 51.9711 44.7214 37.6962 23.0868 33.2415 5.0 56.8507 47.8853 43.4166 39.0512 18.4391 48.1041 1.4142 27.6586 28.3196 28.7924 41.1096 16.1555 
24.1661 31.3847 22.3607 29.0172 31.241 20.2485 38.2753 47.4236 39.6232 25.2389 39.3573 34.1321 21.0238 14.7648 19.8494 50.3289 45.0999 18.0278 23.0868 44.1022 31.7805 39.2173 35.4683 51.6624 51.1957 48.3839 48.8365 47.0744 21.9317 20.6155 40.8044 51.9711 0.0 18.0278 32.28 43.1045 21.4009 56.356 10.0499 4.2426 32.0624 44.9222 35.1141 15.0 52.3546 27.4591 26.4764 24.0832 29.2746 36.0555 
22.4722 28.6356 9.2195 11.0 19.9249 6.0828 31.1448 42.0476 45.4863 37.7359 34.0 39.1152 26.2488 16.2788 14.8661 46.0 46.4866 25.4951 23.7065 36.4966 41.7732 36.3456 44.5533 49.2544 56.9386 55.8032 38.0789 53.0 36.2491 15.8114 48.4149 44.7214 18.0278 0.0 40.3609 44.5982 12.0416 49.6488 28.0 15.1327 14.0357 52.2015 32.5576 29.1548 45.5412 29.0689 28.178 17.1172 11.4018 29.0689 
21.0238 21.095 35.805 48.4149 34.7851 36.8782 30.0167 31.3847 8.2462 11.1803 27.2947 6.7082 14.1421 24.0832 27.2029 31.3847 18.4391 15.2643 18.3576 33.541 4.4721 22.8035 4.4721 29.0689 19.105 16.1555 42.2966 15.0333 16.1555 26.6271 8.544 37.6962 32.28 40.3609 0.0 16.9706 31.6228 39.8246 30.0167 30.4631 50.2195 12.6491 21.095 19.0 37.1618 14.5602 14.8661 28.178 46.6154 29.0172 
22.1359 16.6433 37.1214 49.3964 31.1448 39.3954 21.095 17.0 10.7703 27.8029 17.0 10.8167 22.0907 30.2655 29.7321 15.5242 2.0 25.318 21.3776 21.8403 21.2603 11.6619 18.868 12.2066 15.6525 18.2483 30.8058 13.3417 32.45 28.7924 15.5242 23.0868 43.1045 44.5982 16.9706 0.0 33.1059 24.0416 43.9659 40.0 50.2195 16.0 13.4536 33.2415 22.2036 16.1245 17.1172 28.178 46.8722 21.4009 
11.4018 16.7631 4.2426 16.9706 9.8995 6.3246 19.4165 30.1496 35.3836 32.0156 22.0227 29.0 17.8885 10.0 4.4721 34.0147 34.9285 18.6815 13.4536 25.0 34.0 24.3311 36.0555 37.2156 46.4004 45.9674 28.0179 42.638 32.1403 5.0 38.9487 33.2415 21.4009 12.0416 31.6228 33.1059 0.0 38.0789 29.5466 17.2047 18.6011 42.4264 20.6155 26.0192 33.9559 18.4391 17.6918 5.099 15.0 17.2627 
32.249 25.2389 40.4475 49.0918 30.0666 43.566 18.6815 9.2195 34.7851 49.4065 17.0 33.121 38.2884 41.5933 37.3363 8.544 23.5372 41.8688 33.8378 13.1529 44.2945 18.3848 42.5441 13.0 37.0 41.1947 15.6525 36.2215 53.2635 36.4005 39.5601 5.0 56.356 49.6488 39.8246 24.0416 38.0789 0.0 60.803 52.3259 48.3735 39.6232 22.0227 51.6624 4.1231 31.1448 31.8904 33.5261 46.0977 20.8806 
29.0 35.609 31.3209 39.0 38.9487 29.6142 43.8406 51.614 38.1182 20.3961 44.0454 33.7343 22.8254 20.8087 26.9258 53.8516 45.8803 19.2354 27.0185 49.5177 28.1603 42.72 32.1403 54.1295 49.0102 45.2769 55.4437 45.0 15.8114 27.4591 38.0526 56.8507 10.0499 28.0 30.0167 43.9659 29.5466 60.803 0.0 13.1529 42.0119 42.107 38.833 11.0454 57.0088 30.0167 29.1548 31.0644 39.1152 41.7253 
20.2485 27.5136 18.3848 26.0768 27.0185 16.4924 34.1321 43.4626 37.3631 24.7588 35.3412 31.5753 18.1108 10.7703 15.6205 46.4866 42.0 15.5242 19.4165 39.9625 30.5287 35.4401 34.0 48.0521 49.0408 46.6154 44.5982 44.9222 22.2036 16.4012 39.0 47.8853 4.2426 15.1327 30.4631 40.0 17.2047 52.3259 13.1529 0.0 29.0172 43.0813 31.3209 15.0 48.3011 24.0832 23.0868 19.8494 26.0192 31.9061 
29.7321 33.6006 14.4222 3.1623 19.6977 13.9284 31.9531 42.72 53.7587 49.7695 35.8469 47.4236 36.3593 27.313 23.0217 47.1275 51.8652 36.6742 32.0156 35.9026 52.4786 39.8246 54.6443 51.6236 64.4438 64.3817 34.0147 60.8276 49.0408 23.6008 57.4891 43.4166 32.0624 14.0357 50.2195 50.2195 18.6011 48.3735 42.0119 29.0172 0.0 60.8769 36.8917 42.2019 44.5533 36.7967 36.1248 22.6274 3.6056 30.4631 
31.1448 28.6531 46.669 59.397 43.566 48.1664 35.7351 33.0 7.2111 22.0227 32.0156 13.4536 26.0768 36.0555 38.2099 31.257 16.1245 27.7308 29.0 37.4833 14.0 26.6833 10.0 26.9258 7.2801 3.6056 46.5296 4.2426 27.074 37.4833 4.1231 39.0512 44.9222 52.2015 12.6491 16.0 42.4264 39.6232 42.107 43.0813 60.8769 0.0 26.9258 31.257 38.1182 24.0832 24.7588 38.2884 57.3149 35.4683 
11.1803 4.0 24.3516 36.2353 17.6918 26.9258 9.0554 12.8062 19.9249 28.6356 6.3246 15.0333 16.2788 20.6155 18.0278 15.2315 15.0 19.8494 12.083 12.6491 25.318 4.1231 25.0 17.0294 28.6007 29.9666 21.2132 25.5539 31.9061 17.0294 24.7386 18.4391 35.1141 32.5576 21.095 13.4536 20.6155 22.0227 38.833 31.3209 36.8917 26.9258 0.0 29.6985 18.3848 9.2195 9.8995 15.5242 33.6155 8.544 
21.4709 27.0185 29.0689 39.5601 33.9559 28.4429 36.0555 42.45 27.074 10.2956 35.4683 22.8035 13.4536 16.0312 22.2036 44.2041 35.1141 10.0 18.868 41.4005 17.4642 33.3017 21.3776 43.909 38.0526 34.5254 48.3735 34.0147 7.2111 22.3607 27.1662 48.1041 15.0 29.1548 19.0 33.2415 26.0192 51.6624 11.0454 15.0 42.2019 31.257 29.6985 0.0 48.0833 20.5183 19.799 25.7099 38.833 34.1321 
28.3019 21.4009 36.3456 45.1774 26.0192 39.4588 14.5602 5.831 32.7567 46.3249 13.0384 30.4631 34.6554 37.5899 33.2415 7.0711 22.0227 38.2099 30.0 9.0554 41.6293 15.0 40.1622 12.6491 36.2215 40.0 12.8062 35.0 50.0 32.311 37.6563 1.4142 52.3546 45.5412 37.1618 22.2036 33.9559 4.1231 57.0088 48.3011 44.5533 38.1182 18.3848 48.0833 0.0 27.5862 28.2843 29.4109 42.19 16.7631 
7.0711 7.2801 22.6716 35.3836 20.2485 24.4131 16.7631 21.9317 16.9706 19.9249 15.2643 10.6301 7.2111 14.1421 14.4222 23.8537 18.1108 10.8167 5.3852 21.4709 18.1108 12.8062 18.9737 24.3516 28.0179 27.5862 29.4109 24.2074 22.8254 13.6015 20.8087 27.6586 27.4591 29.0689 14.5602 16.1245 18.4391 31.1448 30.0167 24.0832 36.7967 24.0832 9.2195 20.5183 27.5862 0.0 1.0 14.2127 33.2415 15.2971 
6.4031 7.6158 21.9317 34.6554 19.9249 23.6008 17.088 22.6716 17.6918 19.6469 15.8114 11.3137 6.4031 13.1529 13.6015 24.6982 19.105 10.0 4.4721 21.9545 18.2483 13.6015 19.3132 25.2982 28.8444 28.2843 29.7321 25.0 22.3607 12.8062 21.4009 28.3196 26.4764 28.178 14.8661 17.1172 17.6918 31.8904 29.1548 23.0868 36.1248 24.7588 9.8995 19.799 28.2843 1.0 0.0 13.6015 32.5576 15.5242 
7.2111 11.7047 8.9443 21.4009 8.2462 11.4018 14.8661 25.318 31.1448 30.1496 17.1172 24.8395 15.2971 10.2956 4.2426 29.0689 29.9666 17.0 9.8489 20.6155 31.0161 19.2354 32.6497 32.1403 41.8688 41.7732 24.7588 38.2099 31.0644 3.6056 35.0 28.7924 24.0832 17.1172 28.178 28.178 5.099 33.5261 31.0644 19.8494 22.6274 38.2884 15.5242 25.7099 29.4109 14.2127 13.6015 0.0 19.105 12.6491 
26.1725 30.2324 10.8167 3.0 16.7631 10.4403 29.1204 40.025 50.2096 46.2385 32.8938 43.8634 32.7567 23.7697 19.4165 44.3847 48.5489 33.1059 28.4253 33.3766 48.8774 36.6742 51.0392 48.7032 60.959 60.8276 32.249 57.3149 45.607 20.0 53.9073 41.1096 29.2746 11.4018 46.6154 46.8722 15.0 46.0977 39.1152 26.0192 3.6056 57.3149 33.6155 38.833 42.19 33.2415 32.5576 19.105 0.0 27.5136 
12.8062 8.0623 20.0 30.3645 10.7703 23.0217 2.2361 13.0 28.4605 35.171 5.3852 23.3452 21.0238 21.4009 16.5529 17.1172 22.6716 24.1868 15.2643 8.0623 33.0151 9.8995 33.1361 21.1896 36.8917 38.4838 14.3178 34.0 37.6962 15.6525 33.2415 16.1555 36.0555 29.0689 29.0172 21.4009 17.2627 20.8806 41.7253 31.9061 30.4631 35.4683 8.544 34.1321 16.7631 15.2971 15.5242 12.6491 27.5136 0.0 
