80
0.0 71.0634 65.8559 28.1603 98.0051 72.8011 30.5941 104.8046 70.0 68.593 89.3756 61.131 82.2192 65.7343 88.1419 30.8707 5.099 34.176 72.4707 40.3113 71.5612 22.2036 67.2681 44.5982 71.0282 13.0384 58.6941 92.0217 29.8329 54.1295 90.0278 41.3038 23.5372 58.3095 56.2228 73.0821 47.1699 53.0377 37.2156 72.45 34.8855 74.108 67.2086 83.6301 92.4175 92.6175 60.8769 52.0096 42.4264 87.046 61.3922 105.3613 70.7248 68.9638 55.0273 38.2884 43.4166 39.8497 68.0661 71.3442 28.2843 75.2396 76.0592 74.3303 52.4976 50.2494 39.1152 65.2534 53.6004 61.7171 52.811 71.6938 83.6301 91.3017 77.8332 47.8539 48.3011 69.8355 90.1388 59.0339 
71.0634 0.0 33.6006 42.9535 42.2019 3.1623 40.5216 53.7587 28.178 8.0623 41.0122 67.624 47.4342 50.3289 22.8254 41.1947 69.0507 58.9406 31.7805 34.1321 23.7697 49.0408 74.411 27.074 15.1327 58.8218 12.3693 51.4782 50.3587 68.2642 51.9711 35.609 64.2806 51.0882 74.9466 71.5052 49.6488 21.9317 37.054 8.0623 38.0132 21.587 39.4081 20.8806 59.9083 57.2713 33.9411 76.4788 29.1548 48.0521 70.6045 57.3149 51.614 69.2965 17.0294 40.7922 45.31 31.4006 14.0357 54.4059 65.9242 85.6329 21.1896 8.0623 19.0263 36.2353 36.0555 6.0 70.8308 41.7253 19.0 20.2485 48.0833 29.1548 37.9473 54.5894 53.7122 18.7883 61.0328 18.3576 
65.8559 33.6006 0.0 42.19 33.1059 31.8904 42.4853 38.9487 7.2801 39.8246 23.6008 36.2491 18.6815 17.0294 31.7805 37.4433 61.8466 38.8973 7.2801 27.7849 12.083 49.0918 42.19 29.8329 47.4131 57.6281 31.0483 27.2947 36.6197 39.0512 26.0 49.6488 48.7545 19.9249 45.607 38.2099 24.3311 42.19 30.2324 26.8701 33.2866 54.1202 5.831 26.9258 31.4006 30.0832 5.0 48.6621 38.6394 22.3607 39.3954 39.6989 18.0278 36.4005 26.1725 27.5862 24.1661 33.8378 45.1885 20.8087 47.7598 53.0094 54.2033 28.3196 28.0179 15.6205 48.0521 30.4138 41.9762 9.4868 27.0185 15.2643 19.9249 31.0 12.0416 28.0179 27.0185 15.6205 31.0161 18.4391 
28.1603 42.9535 42.19 0.0 72.1388 44.643 3.6056 80.2808 44.6878 41.0122 64.6607 52.1728 60.3738 47.8539 60.4152 5.099 26.1725 28.3019 47.8017 14.4222 45.2769 7.0711 59.6657 16.5529 44.4072 16.6433 30.5941 69.4622 17.0 47.7598 68.0 19.105 26.6271 42.107 52.8015 62.2896 32.0624 26.6833 12.083 44.3847 8.9443 48.5077 45.1885 56.0803 72.2357 71.5891 37.5899 51.1077 15.1327 64.4981 53.8516 81.6088 52.3927 58.4209 26.9258 17.1172 26.0 11.7047 41.3038 53.9351 30.4795 70.214 50.2195 46.2385 24.3516 27.8568 16.2788 37.108 48.8467 41.1096 24.6982 44.8219 61.7171 64.0703 54.0833 35.5106 35.3553 42.8019 70.8378 31.6228 
98.0051 42.2019 33.1059 72.1388 0.0 39.0512 71.4493 12.0416 28.0179 50.2195 11.0 63.0079 25.318 43.1045 21.0238 68.0147 94.3027 71.8679 25.9422 58.1378 26.8701 79.2086 66.4831 56.7274 56.5685 88.5268 49.1935 19.7231 69.4622 68.1836 22.3607 73.5731 81.8596 49.6488 74.027 59.2284 56.921 61.7414 61.0737 34.7851 63.7809 62.2013 34.2053 21.3776 30.2324 26.6271 38.0132 78.2304 63.8201 20.8806 66.0303 16.4924 40.0125 59.5399 48.2597 59.9083 57.2713 61.6198 56.0892 42.107 80.7775 74.9533 61.0737 34.2053 51.0392 48.3735 72.9452 44.0114 71.1758 40.5216 50.2195 27.8029 24.5153 14.0357 22.561 59.9083 58.9406 30.0 33.6155 41.2311 
72.8011 3.1623 31.8904 44.643 39.0512 0.0 42.3792 50.636 26.0768 11.1803 38.0526 66.6108 44.9444 48.7955 19.7231 42.5793 70.6116 59.2284 29.5296 35.0 21.4709 50.9215 73.2462 28.4429 18.0278 60.7454 14.3178 48.6621 51.0882 67.6018 49.2443 38.2884 65.0692 50.0 74.3034 70.0071 49.2443 24.7588 38.0132 5.3852 39.2046 24.3311 37.6431 17.72 57.28 54.5711 32.6497 76.0592 31.305 45.3542 69.6348 54.231 49.8197 67.9412 18.1108 41.3038 45.2217 32.9848 17.1172 52.6308 66.4831 84.386 23.7697 5.0 20.3961 35.8469 38.6005 7.6158 70.2353 40.3609 20.2237 17.8885 45.5412 26.0 35.4683 54.1295 53.2259 16.6433 58.5235 18.0278 
30.5941 40.5216 42.4853 3.6056 71.4493 42.3792 0.0 80.0 44.4072 38.1182 64.405 54.8179 60.9262 49.366 58.8303 7.2801 29.0172 31.6228 47.7074 14.8661 44.5982 8.544 62.3618 15.0 41.1947 18.3848 28.1603 69.7711 20.2485 50.6952 68.4471 15.5563 30.2324 44.0 55.9017 64.6297 34.3657 23.3452 13.1529 42.4853 10.0499 45.1221 45.8803 54.6443 73.0548 72.2357 38.0789 54.3783 12.0 64.846 56.6127 81.5414 53.7587 60.8276 25.0599 19.0263 28.1603 10.0 38.1182 55.4437 34.0588 73.0548 46.8722 44.2832 22.3607 28.8617 12.7279 34.7851 51.8941 42.2019 22.8254 43.8634 62.2415 62.8013 54.2033 38.0789 37.855 41.7732 71.8401 30.4795 
104.8046 53.7587 38.9487 80.2808 12.0416 50.636 80.0 0.0 35.609 61.8142 15.6205 62.9682 25.2982 44.5982 33.0606 75.8222 100.7671 76.1577 32.5576 65.9469 35.8469 87.3212 65.123 65.7343 68.3593 96.2601 59.808 16.1245 75.4321 69.1231 19.105 83.6301 86.8217 52.0 74.3303 57.0 60.9016 72.45 68.6804 46.0977 71.5891 74.108 38.2753 33.1361 24.5153 21.2132 43.9318 79.0759 73.4302 19.9249 65.7647 5.0 40.5216 58.1378 58.1378 66.5282 62.426 70.4557 67.7422 41.9762 85.0882 72.1734 73.0274 45.7056 60.8276 54.5619 82.7647 55.0818 72.0347 44.4185 59.9416 37.5766 24.0416 26.0768 27.0185 63.0714 62.1691 39.8121 28.4429 50.6063 
70.0 28.178 7.2801 44.6878 28.0179 26.0768 44.4072 35.609 0.0 35.1141 20.0 43.4626 20.0998 23.8537 24.5153 40.3113 66.2873 45.1221 4.0 30.4138 5.0 51.7397 49.2443 30.4138 42.72 60.8112 28.0179 26.6833 41.5933 46.3249 26.1725 49.3356 54.4243 27.2029 52.8867 44.8219 31.0644 40.1123 33.2415 20.8087 36.0694 49.3964 12.2066 19.6469 33.0606 31.0161 11.0454 55.9017 38.6264 22.2036 46.6154 37.2156 24.0416 43.2666 24.3311 31.9061 30.0832 34.9857 40.8044 26.8701 53.8516 59.9083 49.2443 22.0227 26.6833 20.6155 48.1041 25.9615 49.2443 16.7631 25.7099 8.4853 21.0238 24.0832 11.0454 35.0143 34.0147 9.434 33.541 16.2788 
68.593 8.0623 39.8246 41.0122 50.2195 11.1803 38.1182 61.8142 35.1141 0.0 49.0 72.1388 54.8179 56.0357 30.4631 40.1995 67.1193 60.5392 38.8973 34.7851 31.0483 46.3897 79.2086 26.6833 7.6158 55.9017 12.083 59.3043 50.9608 72.0069 59.6825 30.4138 64.5368 55.9017 78.6003 77.0065 53.0094 16.5529 37.3631 16.0 37.6563 14.3178 45.6508 28.8617 67.4685 64.9384 39.4081 79.6116 26.1725 55.7315 75.0067 65.3758 57.8014 74.5185 18.3576 42.1545 48.0208 30.1496 6.0 60.5392 66.7608 90.5539 14.4222 16.1245 19.3132 39.8246 31.3847 9.434 74.4043 47.2017 19.6977 27.6586 55.5428 37.0 45.3542 58.0086 57.2014 25.9615 68.4105 22.6716 
89.3756 41.0122 23.6008 64.6607 11.0 38.0526 64.405 15.6205 20.0 49.0 0.0 52.0096 14.5602 32.1403 24.1868 60.208 85.4283 61.7414 16.9706 50.3289 20.6155 71.7008 55.5788 50.2494 56.0803 80.6598 45.3542 11.6619 60.2163 57.2189 13.4536 68.542 72.0694 38.833 63.0317 48.5077 46.6154 57.9741 53.0754 33.0 55.9732 62.2896 23.7697 22.1359 22.0227 18.6011 28.6007 67.2681 58.1378 10.8167 55.0364 17.4642 29.0172 48.6621 43.0813 51.0882 47.5079 54.9181 55.0 31.1448 70.6824 64.2884 61.5224 33.0606 45.6946 39.2046 67.5426 41.3038 60.208 30.0832 44.7772 22.8035 13.9284 18.4391 12.083 49.3356 48.3839 25.0 24.7588 35.3412 
61.131 67.624 36.2491 52.1728 63.0079 66.6108 54.8179 62.9682 43.4626 72.1388 52.0096 0.0 38.1182 20.3961 67.6757 47.5395 56.0446 27.2947 42.0595 43.382 48.3322 56.3205 7.6158 51.1077 79.2086 60.075 60.8769 46.8722 36.1248 7.8102 43.9318 68.7095 37.6431 16.6433 11.4018 12.083 21.0238 67.9559 43.0813 62.1289 45.5412 85.6329 31.6228 62.9682 41.2311 43.3244 34.1321 16.5529 59.0339 43.2897 3.1623 60.8769 23.0 8.0623 54.5619 36.4005 27.313 51.8941 76.4199 21.095 33.2415 18.868 86.2786 63.8122 54.8179 32.6497 66.1287 63.0317 10.0 26.8328 54.037 51.4296 39.2046 65.7343 41.4367 16.7631 17.088 51.4782 37.5766 49.5782 
82.2192 47.4342 18.6815 60.3738 25.318 44.9444 60.9262 25.2982 20.0998 54.8179 14.5602 38.1182 0.0 19.3132 36.0694 55.4707 77.8332 51.614 16.1245 46.0977 23.7697 67.1193 41.1947 48.5077 62.3618 75.1665 48.0937 10.0 52.4023 43.9318 7.8102 68.2495 62.6259 26.8328 49.366 33.9559 36.4005 60.0083 48.3011 39.5601 51.4296 68.9638 15.2643 32.6497 13.0 11.4018 22.8473 53.9351 57.2713 5.3852 41.0488 24.1868 15.2971 34.2345 44.0454 44.6542 38.8973 52.4976 60.6383 17.0294 60.4649 49.7293 68.6222 40.3113 46.1736 32.7567 66.7083 45.8912 46.8722 20.5183 45.1774 27.2029 1.4142 31.6228 9.4868 38.0789 37.2156 28.8617 13.6015 36.0139 
65.7343 50.3289 17.0294 47.8539 43.1045 48.7955 49.366 44.5982 23.8537 56.0357 32.1403 20.3961 19.3132 0.0 47.5395 42.7551 61.0328 33.2415 21.9317 35.0143 28.8444 53.8516 25.4951 40.4475 63.5138 60.5392 46.0652 29.0689 36.2353 25.0799 26.4197 60.208 44.5533 7.8102 31.0161 21.2132 18.6011 55.6597 36.2215 43.8634 39.3192 70.1783 11.6619 42.9535 26.9072 27.6586 16.6433 35.1283 49.366 24.6982 23.5372 43.382 5.0 19.4165 40.3113 30.8058 22.8473 43.0465 61.0574 6.0828 41.8688 36.0555 70.4557 45.3431 41.4367 21.0238 58.0775 46.6154 28.0713 8.9443 40.4969 32.2025 20.6155 45.3542 21.095 19.2094 18.4391 32.6497 24.4131 33.6155 
88.1419 22.8254 31.7805 60.4152 21.0238 19.7231 58.8303 33.0606 24.5153 30.4631 24.1868 67.6757 36.0694 47.5395 0.0 57.2713 85.235 68.1836 25.632 48.1041 20.0998 67.2309 73.0068 43.909 36.1386 77.026 32.5269 35.8469 62.5859 70.8308 37.4433 57.3149 76.2955 51.6624 77.3692 67.6018 55.0818 44.2041 51.264 16.9706 53.3104 41.4367 36.0555 5.0 46.0435 42.72 35.2278 80.4114 49.0408 34.2053 70.8378 37.3363 46.5296 66.6408 33.8378 52.3927 53.0848 48.8774 36.0555 49.2443 76.531 83.1865 40.1995 15.6205 36.6197 43.1045 57.28 26.2488 73.7564 41.2311 36.0555 18.0278 36.0694 7.0 28.0179 59.3043 58.3095 19.2354 48.4149 29.1548 
30.8707 41.1947 37.4433 5.099 68.0147 42.5793 7.2801 75.8222 40.3113 40.1995 60.208 47.5395 55.4707 42.7551 57.2713 0.0 28.1603 24.8395 43.2782 9.8995 41.2311 11.6619 55.0818 14.1421 44.3847 20.5183 29.0172 64.6607 13.4536 43.4626 63.1348 22.2036 25.0799 37.054 48.7647 57.4282 27.1662 27.313 7.2111 41.7612 4.2426 49.0408 40.2492 52.7731 67.2309 66.6408 32.7567 47.4342 15.6525 59.6825 49.3356 77.0065 47.2969 53.6004 24.5153 12.0416 21.0238 10.0499 41.2311 48.8365 28.3019 65.7875 50.5964 43.6807 22.2036 22.8473 19.4165 35.2278 44.7214 36.0555 22.3607 41.0488 56.8243 60.5392 49.4065 30.8058 30.5941 39.1152 65.7875 28.178 
5.099 69.0507 61.8466 26.1725 94.3027 70.6116 29.0172 100.7671 66.2873 67.1193 85.4283 56.0446 77.8332 61.0328 85.235 28.1603 0.0 29.1548 68.6003 37.1618 68.0955 21.095 62.1691 42.2019 70.0643 13.4164 56.7186 87.6926 25.4558 49.0306 85.6329 41.2311 18.4391 53.535 51.1566 68.0074 42.4382 52.0865 34.0147 69.9214 31.9531 73.5527 62.9365 80.6226 87.8009 88.0909 56.8507 47.0 41.0122 82.7345 56.2939 101.1781 66.0303 63.8905 52.6308 34.4093 38.9487 37.6563 67.0298 66.5733 23.1948 70.1783 75.4255 71.8401 50.2195 46.2277 38.833 63.1506 48.5077 57.3149 50.448 68.4251 79.2465 88.1022 73.7564 42.9418 43.4166 66.6408 85.4459 56.0803 
34.176 58.9406 38.8973 28.3019 71.8679 59.2284 31.6228 76.1577 45.1221 60.5392 61.7414 27.2947 51.614 33.2415 68.1836 24.8395 29.1548 0.0 46.1736 25.9422 48.5077 30.6757 34.0147 34.4819 66.1891 33.0151 48.4665 61.6117 11.4018 21.0238 59.203 47.0106 11.4018 25.4558 25.0 39.0512 15.2643 50.8035 23.8537 56.4358 24.8395 71.6938 38.0132 63.1981 60.1082 60.8769 34.2053 22.8254 39.6989 56.8595 28.0179 75.7166 38.1838 34.9285 42.3792 18.3848 15.1327 32.8024 63.0635 38.2884 8.9443 43.4166 72.9452 58.4209 41.2311 25.0799 44.2041 53.1601 21.3776 31.7648 40.8534 50.1597 53.0094 69.0507 49.6588 14.2127 14.8661 49.0408 57.3847 41.4367 
72.4707 31.7805 7.2801 47.8017 25.9422 29.5296 47.7074 32.5576 4.0 38.8973 16.9706 42.0595 16.1245 21.9317 25.632 43.2782 68.6003 46.1736 0.0 33.4215 8.0623 54.8179 47.4236 34.0147 46.4866 63.7024 32.0156 22.8035 43.566 45.5412 22.2036 53.1601 55.9464 26.3059 51.9711 42.4382 31.5753 44.1022 36.1248 24.1868 39.0512 53.1413 10.4403 21.0238 29.0689 27.0185 12.083 55.3263 42.3792 18.2483 45.2217 33.8378 21.4009 41.1825 28.2843 34.2053 31.3847 38.4708 44.643 24.2074 55.0273 57.8014 52.9245 25.2389 30.5941 22.4722 51.8652 29.8329 48.5077 16.0312 29.6142 11.6619 17.0294 24.0832 7.0711 35.1283 34.1321 13.0 29.6142 20.2237 
40.3113 34.1321 27.7849 14.4222 58.1378 35.0 14.8661 65.9469 30.4138 34.7851 50.3289 43.382 46.0977 35.0143 48.1041 9.8995 37.1618 25.9422 33.4215 0.0 31.4006 21.4009 50.9902 8.6023 40.2492 30.4138 22.8035 55.0727 16.2788 40.8044 53.6656 25.7099 30.1496 30.4138 46.8615 51.923 22.3607 25.4558 3.1623 33.3766 5.6569 45.793 31.0161 43.4626 58.1893 57.3847 23.2594 46.6905 15.6525 50.1199 45.6508 67.2012 39.2046 48.3839 17.1172 7.8102 16.1245 8.544 37.1214 41.0488 32.0156 62.1772 47.0106 35.3553 15.5242 14.1421 23.3452 28.1603 42.638 27.4591 15.2971 31.3847 47.4236 51.0 39.6611 26.9258 26.4197 29.5296 57.0088 18.9737 
71.5612 23.7697 12.083 45.2769 26.8701 21.4709 44.5982 35.8469 5.0 31.0483 20.6155 48.3322 23.7697 28.8444 20.0998 41.2311 68.0955 48.5077 8.0623 31.4006 0.0 52.345 54.2033 30.0 38.6005 61.7171 25.1794 29.0689 44.0114 50.9608 29.0172 47.927 57.28 31.9531 57.5674 49.8197 35.0143 37.6563 34.4093 16.1245 37.0135 45.2217 17.2047 15.1327 36.4966 34.1321 15.1327 60.4152 37.5899 25.02 51.4782 38.0789 29.0 48.2597 22.4722 34.0147 33.3766 34.8281 36.8782 31.8277 57.0701 64.8999 44.9444 17.2047 25.0799 23.5372 46.9574 22.2036 53.8516 21.5407 24.1661 3.6056 24.5153 20.6155 14.3178 39.2046 38.2099 5.099 37.3631 14.7648 
22.2036 49.0408 49.0918 7.0711 79.2086 50.9215 8.544 87.3212 51.7397 46.3897 71.7008 56.3205 67.1193 53.8516 67.2309 11.6619 21.095 30.6757 54.8179 21.4009 52.345 0.0 63.6396 23.3238 49.0102 9.8489 36.6879 76.3217 20.2237 51.1957 74.793 20.6155 26.2488 47.676 55.6597 67.0075 37.1214 31.0161 18.868 50.9902 15.8114 52.469 51.8845 62.9682 78.7909 78.2624 44.4185 53.3104 20.2237 71.3442 57.7062 88.6002 58.5235 63.0317 33.541 23.0868 31.4006 18.3576 46.0 59.9083 30.8058 73.7564 54.3323 52.8015 30.8707 34.4384 18.0278 43.3244 51.923 47.5395 31.305 51.8556 68.4763 71.0282 61.0328 40.0125 40.0 49.8197 77.2528 38.6005 
67.2681 74.411 42.19 59.6657 66.4831 73.2462 62.3618 65.123 49.2443 79.2086 55.5788 7.6158 41.1947 25.4951 73.0068 55.0818 62.1691 34.0147 47.4236 50.9902 54.2033 63.6396 0.0 58.6686 86.3713 67.0 68.1175 49.0408 43.4166 13.1529 46.0435 76.3217 43.7379 23.3452 12.8062 8.9443 28.6356 75.4718 50.6952 68.6003 53.1413 92.8493 37.1214 68.4471 41.9762 44.5533 40.6079 18.4391 66.6408 46.0435 6.0 62.514 26.9258 7.0 61.8466 44.0114 34.9285 59.5063 83.6301 24.5153 39.0512 11.4018 93.4345 70.214 62.2013 40.0 73.736 70.0071 13.9284 33.0151 61.4003 57.4543 42.107 70.5195 45.8803 24.3516 24.6982 57.6888 38.0789 56.5685 
44.5982 27.074 29.8329 16.5529 56.7274 28.4429 15.0 65.7343 30.4138 26.6833 50.2494 51.1077 48.5077 40.4475 43.909 14.1421 42.2019 34.4819 34.0147 8.6023 30.0 23.3238 58.6686 0.0 31.7805 33.121 15.0333 56.648 24.3516 49.0408 55.6597 20.025 37.855 37.0 55.2268 58.8727 30.2324 17.0294 10.7703 27.8568 11.0454 37.2156 34.2345 39.6611 61.1882 59.9083 26.1725 55.2268 9.0 51.8652 53.535 67.6018 44.1022 55.5428 10.4403 16.4012 24.2074 5.0 28.6356 46.2709 40.1622 69.9714 38.4708 29.7321 8.0623 19.6469 18.2483 21.095 50.9902 32.0624 8.2462 29.0 49.7293 47.8017 40.8534 35.0 34.4093 26.8701 60.531 15.5563 
71.0282 15.1327 47.4131 44.4072 56.5685 18.0278 41.1947 68.3593 42.72 7.6158 56.0803 79.2086 62.3618 63.5138 36.1386 44.3847 70.0643 66.1891 46.4866 40.2492 38.6005 49.0102 86.3713 31.7805 0.0 58.0775 18.4391 66.6108 56.0803 78.7464 67.082 30.8058 69.2604 63.1269 85.276 84.4038 59.6657 18.0 42.5441 23.1948 42.3792 6.7082 53.2353 35.2278 74.9533 72.3671 46.8722 86.0233 29.2746 63.1506 82.0244 72.111 65.3682 81.8352 24.8395 47.8853 54.4059 34.4819 3.1623 68.0955 71.8679 97.7446 7.0711 23.0217 25.2389 46.6905 32.3883 17.0 81.0555 54.6443 25.807 35.171 63.0635 42.9535 52.8867 64.6607 63.8905 33.5261 75.9605 30.0 
13.0384 58.8218 57.6281 16.6433 88.5268 60.7454 18.3848 96.2601 60.8112 55.9017 80.6598 60.075 75.1665 60.5392 77.026 20.5183 13.4164 33.0151 63.7024 30.4138 61.7171 9.8489 67.0 33.121 58.0775 0.0 46.4866 84.6286 24.7386 54.037 82.9277 28.2843 25.2982 53.7587 57.5587 71.4493 42.72 40.1123 27.5862 60.8358 24.7588 61.0737 59.9083 72.7186 86.3539 86.093 52.8015 54.3415 29.8329 79.6304 61.0 97.3088 65.3911 67.3647 43.382 30.5287 37.6962 28.178 55.1453 66.4831 30.3645 76.3217 63.0317 62.6498 40.7185 42.4382 26.0768 53.1413 54.231 55.0727 41.1461 61.4003 76.5506 80.7094 69.6563 44.7214 44.911 59.4054 84.5281 48.2597 
58.6941 12.3693 31.0483 30.5941 49.1935 14.3178 28.1603 59.808 28.0179 12.083 45.3542 60.8769 48.0937 46.0652 32.5269 29.0172 56.7186 48.4665 32.0156 22.8035 25.1794 36.6879 68.1175 15.0333 18.4391 46.4866 0.0 54.231 39.0512 60.3075 54.037 24.8395 52.7731 45.0 66.8431 66.5733 41.2311 12.6491 25.4951 15.5563 26.0768 24.7588 36.6879 29.2062 61.0737 59.0 29.5466 67.6757 17.0 50.04 63.6553 62.6418 48.4665 63.8201 6.4031 30.0832 36.0555 19.105 15.5563 51.0784 54.8179 79.511 25.4951 17.0294 7.2801 28.2843 24.7588 6.7082 62.6259 37.1214 7.6158 22.561 49.0408 37.8021 39.0 46.2277 45.4533 20.3961 61.4003 12.6491 
92.0217 51.4782 27.2947 69.4622 19.7231 48.6621 69.7711 16.1245 26.6833 59.3043 11.6619 46.8722 10.0 29.0689 35.8469 64.6607 87.6926 61.6117 22.8035 55.0727 29.0689 76.3217 49.0408 56.648 66.6108 84.6286 54.231 0.0 62.2415 53.1601 3.0 75.9605 72.6223 36.7151 58.2495 41.0488 46.4004 66.6108 57.4543 43.4166 60.5392 72.9932 24.8395 33.6155 10.6301 7.0711 31.9061 63.0635 65.146 5.0 49.6488 14.3178 24.6982 42.0476 50.9902 54.2033 48.7955 60.9262 65.2763 25.9615 70.4557 56.4358 72.3671 43.7379 53.3667 42.2019 74.6324 51.0098 56.0446 30.4138 52.3927 32.0 8.6023 30.0 15.8114 48.0208 47.1699 34.0147 13.8924 42.9535 
29.8329 50.3587 36.6197 17.0 69.4622 51.0882 20.2485 75.4321 41.5933 50.9608 60.2163 36.1248 52.4023 36.2353 62.5859 13.4536 25.4558 11.4018 43.566 16.2788 44.0114 20.2237 43.4166 24.3516 56.0803 24.7386 39.0512 62.2415 0.0 31.0483 60.208 35.609 14.0 29.1548 35.8469 47.0425 18.0278 39.9625 13.6015 49.0408 13.8924 61.2699 37.4833 57.7235 62.6817 62.8013 31.6228 34.1321 28.6007 57.28 37.4833 75.743 41.1825 43.0116 33.3766 10.198 13.6015 21.9545 52.9245 42.0476 15.8114 53.6004 62.6498 51.0392 31.7805 21.095 32.8024 44.4072 31.9531 31.8904 31.5753 44.9222 53.8145 64.5136 48.4149 20.0998 20.2237 43.4166 60.5392 34.1321 
54.1295 68.2642 39.0512 47.7598 68.1836 67.6018 50.6952 69.1231 46.3249 72.0069 57.2189 7.8102 43.9318 25.0799 70.8308 43.4626 49.0306 21.0238 45.5412 40.8044 50.9608 51.1957 13.1529 49.0408 78.7464 54.037 60.3075 53.1601 31.0483 0.0 50.2892 65.2993 30.5941 19.2354 6.7082 19.7231 19.105 66.0681 39.9625 63.5059 42.0595 84.9588 35.2278 65.9697 48.3011 50.1597 36.0555 10.0499 56.3028 49.2443 7.2801 67.3573 28.6356 15.8114 53.9073 33.2866 24.8395 49.0918 75.8222 27.2029 25.9615 22.561 85.7963 65.307 53.7587 32.2025 62.6099 63.2456 3.0 29.6142 53.0754 53.7587 45.1221 69.5845 46.0 14.1421 14.8661 53.4883 44.7772 49.93 
90.0278 51.9711 26.0 68.0 22.3607 49.2443 68.4471 19.105 26.1725 59.6825 13.4536 43.9318 7.8102 26.4197 37.4433 63.1348 85.6329 59.203 22.2036 53.6656 29.0172 74.793 46.0435 55.6597 67.082 82.9277 54.037 3.0 60.208 50.2892 0.0 75.1864 70.2922 34.1321 55.3173 38.0526 44.0454 66.2722 55.9464 43.9318 59.0593 73.5459 23.0217 34.8855 8.6023 5.3852 30.4138 60.1664 64.2884 4.0 46.6905 17.088 21.9317 39.0512 50.4876 52.4309 46.6905 59.808 65.6201 23.0868 68.0074 53.4603 73.0068 44.3847 52.7731 40.4969 73.7631 51.1566 53.1601 28.3196 51.788 32.1403 6.4031 31.8904 15.1327 45.4863 44.6542 34.0588 11.4018 42.4264 
41.3038 35.609 49.6488 19.105 73.5731 38.2884 15.5563 83.6301 49.3356 30.4138 68.542 68.7095 68.2495 60.208 57.3149 22.2036 41.2311 47.0106 53.1601 25.7099 47.927 20.6155 76.3217 20.025 30.8058 28.2843 24.8395 75.9605 35.609 65.2993 75.1864 0.0 45.607 56.0892 70.8308 77.6209 47.7598 13.8924 25.632 40.3609 23.2594 33.0151 54.231 54.037 81.0494 79.6241 46.1736 69.6348 11.0454 71.3092 70.7743 86.0058 64.0312 74.0405 25.4951 32.311 41.4367 17.2627 28.1603 66.1211 49.5782 87.3212 35.0571 41.7253 22.8473 39.2046 2.8284 31.1127 66.7308 52.0096 23.7697 46.0652 69.4262 62.6259 60.1664 52.0 51.6236 43.8292 80.5047 33.2415 
23.5372 64.2806 48.7545 26.6271 81.8596 65.0692 30.2324 86.8217 54.4243 64.5368 72.0694 37.6431 62.6259 44.5533 76.2955 25.0799 18.4391 11.4018 55.9464 30.1496 57.28 26.2488 43.7379 37.855 69.2604 25.2982 52.7731 72.6223 14.0 30.5941 70.2922 45.607 0.0 36.7967 33.0 49.6488 26.2488 52.3927 27.2947 63.0317 26.9258 74.0945 48.5489 71.3863 71.4493 72.1388 43.8634 29.2746 40.7185 67.8012 37.855 86.6083 49.5177 45.5412 47.2652 24.0832 24.5967 34.7851 66.0984 49.679 5.099 52.0096 75.6108 65.0308 45.5412 33.8378 42.8019 58.3095 30.1496 42.4382 45.3982 58.4637 64.0312 77.8845 60.0333 25.6125 26.2488 57.0701 68.7677 48.0937 
58.3095 51.0882 19.9249 42.107 49.6488 50.0 44.0 52.0 27.2029 55.9017 38.833 16.6433 26.8328 7.8102 51.6624 37.054 53.535 25.4558 26.3059 30.4138 31.9531 47.676 23.3452 37.0 63.1269 53.7587 45.0 36.7151 29.1548 19.2354 34.1321 56.0892 36.7967 0.0 25.7099 21.9317 11.1803 53.2259 31.0644 45.4863 34.0147 69.6563 16.0312 46.8402 34.6554 35.4683 17.4929 29.0689 45.607 32.2025 19.7231 51.0 12.7279 18.868 38.833 25.02 16.2788 38.833 60.4401 13.0384 34.0588 34.6554 70.1783 47.1699 39.4462 17.4642 53.7587 46.669 22.2036 10.4403 38.5876 34.9285 28.178 50.3587 27.1662 11.4018 10.6301 34.8855 32.0156 33.2415 
56.2228 74.9466 45.607 52.8015 74.027 74.3034 55.9017 74.3303 52.8867 78.6003 63.0317 11.4018 49.366 31.0161 77.3692 48.7647 51.1566 25.0 51.9711 46.8615 57.5674 55.6597 12.8062 55.2268 85.276 57.5587 66.8431 58.2495 35.8469 6.7082 55.3173 70.8308 33.0 25.7099 0.0 21.2603 25.6125 72.2496 45.8039 70.214 47.7074 91.4385 41.5933 72.5328 52.5547 54.7083 42.72 5.6569 62.2013 54.5894 8.9443 72.2772 34.1321 18.0278 60.4401 39.2046 31.1127 55.0 82.3286 32.3883 28.0179 19.0263 92.3147 72.0139 60.208 38.833 68.0955 69.8928 4.2426 36.1386 59.5483 60.407 50.4876 75.9539 52.0865 20.6155 21.4009 60.1664 48.8467 56.6039 
73.0821 71.5052 38.2099 62.2896 59.2284 70.0071 64.6297 57.0 44.8219 77.0065 48.5077 12.083 33.9559 21.2132 67.6018 57.4282 68.0074 39.0512 42.4382 51.923 49.8197 67.0075 8.9443 58.8727 84.4038 71.4493 66.5733 41.0488 47.0425 19.7231 38.0526 77.6209 49.6488 21.9317 21.2603 0.0 30.2655 75.1532 52.1728 65.0692 54.9181 91.022 32.6497 63.2851 33.3766 36.1248 37.6431 26.9072 67.3573 38.4708 12.8062 54.1479 21.095 4.1231 60.5392 45.7056 36.4966 60.4401 81.8413 18.3576 45.31 15.8114 91.4002 66.5282 61.2944 39.3954 75.1864 67.624 21.4009 29.8329 60.4152 53.2635 34.7131 64.4748 39.8121 27.0 27.0185 53.8145 29.4279 54.4059 
47.1699 49.6488 24.3311 32.0624 56.921 49.2443 34.3657 60.9016 31.0644 53.0094 46.6154 21.0238 36.4005 18.6011 55.0818 27.1662 42.4382 15.2643 31.5753 22.3607 35.0143 37.1214 28.6356 30.2324 59.6657 42.72 41.2311 46.4004 18.0278 19.105 44.0454 47.7598 26.2488 11.1803 25.6125 30.2655 0.0 47.2017 22.1359 45.5412 24.7386 65.8559 22.8473 50.0899 45.4533 45.9674 20.025 26.8328 38.0132 41.6173 23.3238 60.4649 23.6008 26.4764 34.8281 15.5242 6.3246 30.8707 56.7274 24.1868 24.1868 39.8246 66.7083 47.4342 34.6554 13.4164 45.2217 44.4185 21.4009 16.5529 33.9706 37.2156 37.8021 55.1453 34.5398 5.0 4.2426 36.4966 43.0116 31.305 
53.0377 21.9317 42.19 26.6833 61.7414 24.7588 23.3452 72.45 40.1123 16.5529 57.9741 67.9559 60.0083 55.6597 44.2041 27.313 52.0865 50.8035 44.1022 25.4558 37.6563 31.0161 75.4718 17.0294 18.0 40.1123 12.6491 66.6108 39.9625 66.0681 66.2722 13.8924 52.3927 53.2259 72.2496 75.1532 47.2017 0.0 27.0185 27.4591 26.0768 21.8403 47.5184 41.3401 73.0068 71.1126 39.8121 72.1388 11.7047 62.2896 70.4557 75.2861 58.6941 72.0069 16.0312 33.2415 41.2311 18.0278 15.0333 61.131 55.4707 86.8217 23.5372 28.6007 14.3178 35.7771 14.8661 18.0278 68.0147 46.8402 15.2971 35.171 61.0328 49.93 51.1566 52.0096 51.4004 32.9848 73.0616 24.0 
37.2156 37.054 30.2324 12.083 61.0737 38.0132 13.1529 68.6804 33.2415 37.3631 53.0754 43.0813 48.3011 36.2215 51.264 7.2111 34.0147 23.8537 36.1248 3.1623 34.4093 18.868 50.6952 10.7703 42.5441 27.5862 25.4951 57.4543 13.6015 39.9625 55.9464 25.632 27.2947 31.0644 45.8039 52.1728 22.1359 27.0185 0.0 36.4966 3.1623 47.8853 33.1059 46.6154 60.1664 59.5063 25.5539 45.2769 16.4012 52.4786 45.1885 69.814 40.6079 48.5077 20.025 6.7082 15.8114 9.2195 39.3954 42.2966 29.4109 61.7414 49.1935 38.4708 18.2483 15.8114 23.0868 31.0644 41.6173 29.1204 18.1108 34.4819 49.6488 54.1202 42.2019 26.4008 26.0 32.6497 58.8218 22.1359 
72.45 8.0623 26.8701 44.3847 34.7851 5.3852 42.4853 46.0977 20.8087 16.0 33.0 62.1289 39.5601 43.8634 16.9706 41.7612 69.9214 56.4358 24.1868 33.3766 16.1245 50.9902 68.6003 27.8568 23.1948 60.8358 15.5563 43.4166 49.0408 63.5059 43.9318 40.3609 63.0317 45.4863 70.214 65.0692 45.5412 27.4591 36.4966 0.0 38.0789 29.6142 32.5576 13.8924 51.923 49.2443 28.0179 72.2357 32.2025 40.025 65.192 49.4975 44.6878 63.1269 17.4642 39.0 41.9762 32.6956 22.0 47.5079 64.0703 79.6492 29.1204 2.0 20.1246 32.28 40.3113 9.434 66.2118 35.609 19.6977 12.53 40.1622 22.4722 30.0832 50.3289 49.3964 11.4018 53.1413 15.0333 
34.8855 38.0132 33.2866 8.9443 63.7809 39.2046 10.0499 71.5891 36.0694 37.6563 55.9732 45.5412 51.4296 39.3192 53.3104 4.2426 31.9531 24.8395 39.0512 5.6569 37.0135 15.8114 53.1413 11.0454 42.3792 24.7588 26.0768 60.5392 13.8924 42.0595 59.0593 23.2594 26.9258 34.0147 47.7074 54.9181 24.7386 26.0768 3.1623 38.0789 0.0 47.4236 36.2491 48.7545 63.3246 62.6498 28.6531 46.8615 14.8661 55.5698 47.5395 72.8011 43.7379 51.1957 21.095 9.2195 18.4391 8.0623 39.2173 45.3982 29.5466 64.0781 48.8467 40.025 19.0 18.9737 20.6155 32.0156 43.566 32.28 19.0263 36.8917 52.7731 56.4358 45.2217 28.7924 28.4605 34.9857 61.9839 24.1661 
74.108 21.587 54.1202 48.5077 62.2013 24.3311 45.1221 74.108 49.3964 14.3178 62.2896 85.6329 68.9638 70.1783 41.4367 49.0408 73.5527 71.6938 53.1413 45.793 45.2217 52.469 92.8493 37.2156 6.7082 61.0737 24.7588 72.9932 61.2699 84.9588 73.5459 33.0151 74.0945 69.6563 91.4385 91.022 65.8559 21.8403 47.8853 29.6142 47.4236 0.0 59.9416 41.0122 81.4923 78.8543 53.535 92.0054 33.5261 69.6348 88.4138 78.0064 72.0694 88.4081 31.1127 53.535 60.4401 39.3954 9.2195 74.793 76.9675 104.2353 2.2361 29.2746 31.241 53.0377 35.0143 23.7065 87.2067 61.2944 31.8904 41.7612 69.6419 48.3735 59.4811 70.8378 70.0928 40.1622 82.5651 36.6197 
67.2086 39.4081 5.831 45.1885 34.2053 37.6431 45.8803 38.2753 12.2066 45.6508 23.7697 31.6228 15.2643 11.6619 36.0555 40.2492 62.9365 38.0132 10.4403 31.0161 17.2047 51.8845 37.1214 34.2345 53.2353 59.9083 36.6879 24.8395 37.4833 35.2278 23.0217 54.231 48.5489 16.0312 41.5933 32.6497 22.8473 47.5184 33.1059 32.5576 36.2491 59.9416 0.0 31.3847 27.2029 26.4008 8.0623 45.0999 43.1856 19.8494 34.7851 38.2884 12.2066 31.0644 31.5753 29.4109 24.2074 37.855 50.9902 15.0 46.9574 47.7074 60.0333 33.9411 33.2415 17.4929 52.469 36.2353 38.2099 6.3246 32.249 20.6155 16.6433 34.3657 11.7047 25.7099 24.7386 21.2132 26.3059 24.0416 
83.6301 20.8806 26.9258 56.0803 21.3776 17.72 54.6443 33.1361 19.6469 28.8617 22.1359 62.9682 32.6497 42.9535 5.0 52.7731 80.6226 63.1981 21.0238 43.4626 15.1327 62.9682 68.4471 39.6611 35.2278 72.7186 29.2062 33.6155 57.7235 65.9697 34.8855 54.037 71.3863 46.8402 72.5328 63.2851 50.0899 41.3401 46.6154 13.8924 48.7545 41.0122 31.3847 0.0 43.4166 40.2492 30.2655 75.505 45.2769 31.3847 66.1287 37.0 42.19 62.1772 29.8329 47.5395 48.0937 44.6542 34.7131 44.9444 71.5681 78.7718 40.0125 13.0 32.6497 38.1182 53.8145 23.3238 68.884 36.4005 32.0156 13.0384 32.8024 8.6023 24.0832 54.3323 53.3385 14.3178 45.4863 24.5967 
92.4175 59.9083 31.4006 72.2357 30.2324 57.28 73.0548 24.5153 33.0606 67.4685 22.0227 41.2311 13.0 26.9072 46.0435 67.2309 87.8009 60.1082 29.0689 58.1893 36.4966 78.7909 41.9762 61.1882 74.9533 86.3539 61.0737 10.6301 62.6817 48.3011 8.6023 81.0494 71.4493 34.6554 52.5547 33.3766 45.4533 73.0068 60.1664 51.923 63.3246 81.4923 27.2029 43.4166 0.0 3.6056 35.171 57.7754 70.0357 12.083 43.6578 21.0238 21.9317 35.171 57.0351 55.9017 49.0918 65.0 73.3485 22.0227 68.6222 48.0 81.0432 52.4976 59.1354 44.3847 79.4292 58.6941 50.9902 31.305 58.1378 39.8121 12.0416 40.4599 22.2036 45.9674 45.2548 41.5933 4.0 49.0102 
92.6175 57.2713 30.0832 71.5891 26.6271 54.5711 72.2357 21.2132 31.0161 64.9384 18.6011 43.3244 11.4018 27.6586 42.72 66.6408 88.0909 60.8769 27.0185 57.3847 34.1321 78.2624 44.5533 59.9083 72.3671 86.093 59.0 7.0711 62.8013 50.1597 5.3852 79.6241 72.1388 35.4683 54.7083 36.1248 45.9674 71.1126 59.5063 49.2443 62.6498 78.8543 26.4008 40.2492 3.6056 0.0 34.176 59.808 68.6586 9.2195 45.8803 18.0278 22.8035 37.6563 55.2268 55.5698 49.2037 63.8905 70.859 23.3238 69.527 51.0392 78.339 49.7293 57.4282 43.8292 78.1025 56.3205 52.9245 31.0644 56.4358 37.3363 10.198 37.0135 20.0 46.8615 46.0977 39.2046 7.2801 47.1699 
60.8769 33.9411 5.0 37.5899 38.0132 32.6497 38.0789 43.9318 11.0454 39.4081 28.6007 34.1321 22.8473 16.6433 35.2278 32.7567 56.8507 34.2053 12.083 23.2594 15.1327 44.4185 40.6079 26.1725 46.8722 52.8015 29.5466 31.9061 31.6228 36.0555 30.4138 46.1736 43.8634 17.4929 42.72 37.6431 20.025 39.8121 25.5539 28.0179 28.6531 53.535 8.0623 30.2655 35.171 34.176 0.0 45.3542 35.1283 26.9258 37.2156 44.5982 18.9737 35.3553 24.0416 22.6274 19.3132 29.8329 44.4185 21.5407 43.0116 51.7397 53.8238 29.6816 25.4951 10.6301 44.4072 30.0 38.8973 7.8102 24.5153 17.72 24.1661 35.1283 16.9706 24.0832 23.0868 17.4642 34.3657 17.0 
52.0096 76.4788 48.6621 51.1077 78.2304 76.0592 54.3783 79.0759 55.9017 79.6116 67.2681 16.5529 53.9351 35.1283 80.4114 47.4342 47.0 22.8254 55.3263 46.6905 60.4152 53.3104 18.4391 55.2268 86.0233 54.3415 67.6757 63.0635 34.1321 10.0499 60.1664 69.6348 29.2746 29.0689 5.6569 26.9072 26.8328 72.1388 45.2769 72.2357 46.8615 92.0054 45.0999 75.505 57.7754 59.808 45.3542 0.0 61.6198 59.2284 14.4222 77.201 38.6394 23.6008 61.2944 38.8973 31.6228 54.4885 83.006 37.108 24.1868 23.5372 93.0054 74.0945 60.803 40.2492 66.8506 71.1969 7.0711 39.3192 60.2163 63.0635 55.109 79.404 56.0089 21.9317 22.8473 62.6418 54.1295 58.1378 
42.4264 29.1548 38.6394 15.1327 63.8201 31.305 12.0 73.4302 38.6264 26.1725 58.1378 59.0339 57.2713 49.366 49.0408 15.6525 41.0122 39.6989 42.3792 15.6525 37.5899 20.2237 66.6408 9.0 29.2746 29.8329 17.0 65.146 28.6007 56.3028 64.2884 11.0454 40.7185 45.607 62.2013 67.3573 38.0132 11.7047 16.4012 32.2025 14.8661 33.5261 43.1856 45.2769 70.0357 68.6586 35.1283 61.6198 0.0 60.4401 61.2944 75.5844 53.0848 63.9062 15.6205 23.0217 31.7648 7.2111 26.1725 55.2268 43.909 77.8267 35.171 33.8378 12.8062 28.4429 9.4868 23.7065 58.0086 41.0488 13.6015 36.0555 58.4637 53.7401 49.3356 42.5441 42.0595 33.8378 69.4622 22.8254 
87.046 48.0521 22.3607 64.4981 20.8806 45.3542 64.846 19.9249 22.2036 55.7315 10.8167 43.2897 5.3852 24.6982 34.2053 59.6825 82.7345 56.8595 18.2483 50.1199 25.02 71.3442 46.0435 51.8652 63.1506 79.6304 50.04 5.0 57.28 49.2443 4.0 71.3092 67.8012 32.2025 54.5894 38.4708 41.6173 62.2896 52.4786 40.025 55.5698 69.6348 19.8494 31.3847 12.083 9.2195 26.9258 59.2284 60.4401 0.0 46.1736 18.868 20.6155 39.0512 46.5296 49.2037 43.8634 56.0803 61.6604 22.2036 65.7343 54.1295 69.1231 40.5216 48.8365 37.2022 69.9214 47.1699 52.1728 25.4951 47.8539 28.1603 4.1231 29.0 11.1803 43.4166 42.5441 30.0666 14.2127 38.4708 
61.3922 70.6045 39.3954 53.8516 66.0303 69.6348 56.6127 65.7647 46.6154 75.0067 55.0364 3.1623 41.0488 23.5372 70.8378 49.3356 56.2939 28.0179 45.2217 45.6508 51.4782 57.7062 6.0 53.535 82.0244 61.0 63.6553 49.6488 37.4833 7.2801 46.6905 70.7743 37.855 19.7231 8.9443 12.8062 23.3238 70.4557 45.1885 65.192 47.5395 88.4138 34.7851 66.1287 43.6578 45.8803 37.2156 14.4222 61.2944 46.1736 0.0 63.561 26.0192 9.2195 57.3149 38.4838 29.5296 54.1202 79.2086 24.0208 33.2415 16.5529 89.0955 66.888 57.4891 35.3836 68.1542 65.9469 8.6023 29.9666 56.7274 54.5619 42.107 68.884 44.5533 18.7883 19.2354 54.5894 39.9249 52.4976 
105.3613 57.3149 39.6989 81.6088 16.4924 54.231 81.5414 5.0 37.2156 65.3758 17.4642 60.8769 24.1868 43.382 37.3363 77.0065 101.1781 75.7166 33.8378 67.2012 38.0789 88.6002 62.514 67.6018 72.111 97.3088 62.6418 14.3178 75.743 67.3573 17.088 86.0058 86.6083 51.0 72.2772 54.1479 60.4649 75.2861 69.814 49.4975 72.8011 78.0064 38.2884 37.0 21.0238 18.0278 44.5982 77.201 75.5844 18.868 63.561 0.0 39.0 55.5788 60.5392 67.2086 62.482 72.2011 71.3442 40.1622 84.5991 69.0072 77.0065 49.2544 63.1585 55.1725 85.0 58.2495 70.214 44.2041 62.2415 40.1622 22.8254 30.4138 27.6586 62.2656 61.4003 42.3792 25.02 52.8015 
70.7248 51.614 18.0278 52.3927 40.0125 49.8197 53.7587 40.5216 24.0416 57.8014 29.0172 23.0 15.2971 5.0 46.5296 47.2969 66.0303 38.1838 21.4009 39.2046 29.0 58.5235 26.9258 44.1022 65.3682 65.3911 48.4665 24.6982 41.1825 28.6356 21.9317 64.0312 49.5177 12.7279 34.1321 21.095 23.6008 58.6941 40.6079 44.6878 43.7379 72.0694 12.2066 42.19 21.9317 22.8035 18.9737 38.6394 53.0848 20.6155 26.0192 39.0 0.0 20.2485 43.0116 35.4401 27.7308 47.0106 63.0635 2.8284 46.7547 36.6742 72.2011 46.0109 44.3847 25.0799 62.0 48.3735 31.5753 12.0416 43.4166 32.5269 16.4924 43.6578 18.9737 24.0832 23.3452 33.3017 19.4165 35.8469 
68.9638 69.2965 36.4005 58.4209 59.5399 67.9412 60.8276 58.1378 43.2666 74.5185 48.6621 8.0623 34.2345 19.4165 66.6408 53.6004 63.8905 34.9285 41.1825 48.3839 48.2597 63.0317 7.0 55.5428 81.8352 67.3647 63.8201 42.0476 43.0116 15.8114 39.0512 74.0405 45.5412 18.868 18.0278 4.1231 26.4764 72.0069 48.5077 63.1269 51.1957 88.4081 31.0644 62.1772 35.171 37.6563 35.3553 23.6008 63.9062 39.0512 9.2195 55.5788 20.2485 0.0 57.6888 41.9762 32.7567 56.921 79.2023 17.72 41.2311 16.6433 88.8651 64.6607 58.3095 36.2353 71.5681 65.192 17.6918 27.5862 57.4543 51.614 35.1283 63.9062 39.2173 23.0217 23.0868 52.0096 31.3209 51.8556 
55.0273 17.0294 26.1725 26.9258 48.2597 18.1108 25.0599 58.1378 24.3311 18.3576 43.0813 54.5619 44.0454 40.3113 33.8378 24.5153 52.6308 42.3792 28.2843 17.1172 22.4722 33.541 61.8466 10.4403 24.8395 43.382 6.4031 50.9902 33.3766 53.9073 50.4876 25.4951 47.2652 38.833 60.4401 60.5392 34.8281 16.0312 20.025 17.4642 21.095 31.1127 31.5753 29.8329 57.0351 55.2268 24.0416 61.2944 15.6205 46.5296 57.3149 60.5392 43.0116 57.6888 0.0 24.0416 29.6816 15.2315 21.9317 45.5412 49.0306 73.2462 31.8904 19.3132 2.8284 21.9317 24.6982 11.0454 56.2228 31.3847 2.2361 20.5913 45.0999 38.2099 35.3553 39.8246 39.0512 18.3576 57.0351 8.0623 
38.2884 40.7922 27.5862 17.1172 59.9083 41.3038 19.0263 66.5282 31.9061 42.1545 51.0882 36.4005 44.6542 30.8058 52.3927 12.0416 34.4093 18.3848 34.2053 7.8102 34.0147 23.0868 44.0114 16.4012 47.8853 30.5287 30.0832 54.2033 10.198 33.2866 52.4309 32.311 24.0832 25.02 39.2046 45.7056 15.5242 33.2415 6.7082 39.0 9.2195 53.535 29.4109 47.5395 55.9017 55.5698 22.6274 38.8973 23.0217 49.2037 38.4838 67.2086 35.4401 41.9762 24.0416 0.0 9.2195 15.8114 44.7772 36.8782 25.1794 55.0364 54.7083 41.0 22.8473 12.0416 29.7321 34.9285 35.0 24.5967 22.4722 34.7851 46.0435 54.4243 39.598 19.6977 19.3132 33.2415 54.231 24.0208 
43.4166 45.31 24.1661 26.0 57.2713 45.2217 28.1603 62.426 30.0832 48.0208 47.5079 27.313 38.8973 22.8473 53.0848 21.0238 38.9487 15.1327 31.3847 16.1245 33.3766 31.4006 34.9285 24.2074 54.4059 37.6962 36.0555 48.7955 13.6015 24.8395 46.6905 41.4367 24.5967 16.2788 31.1127 36.4966 6.3246 41.2311 15.8114 41.9762 18.4391 60.4401 24.2074 48.0937 49.0918 49.2037 19.3132 31.6228 31.7648 43.8634 29.5296 62.482 27.7308 32.7567 29.6816 9.2195 0.0 24.5967 51.4004 28.7924 23.7697 46.0652 61.4003 43.9318 29.2062 10.0 38.8973 39.8121 26.8701 18.3848 28.6007 35.0571 40.3113 53.9351 35.5106 10.8167 10.2956 34.0 47.0106 27.2029 
39.8497 31.4006 33.8378 11.7047 61.6198 32.9848 10.0 70.4557 34.9857 30.1496 54.9181 51.8941 52.4976 43.0465 48.8774 10.0499 37.6563 32.8024 38.4708 8.544 34.8281 18.3576 59.5063 5.0 34.4819 28.178 19.105 60.9262 21.9545 49.0918 59.808 17.2627 34.7851 38.833 55.0 60.4401 30.8707 18.0278 9.2195 32.6956 8.0623 39.3954 37.855 44.6542 65.0 63.8905 29.8329 54.4885 7.2111 56.0803 54.1202 72.2011 47.0106 56.921 15.2315 15.8114 24.5967 0.0 31.3209 49.0102 37.5766 70.6612 40.8534 34.5398 12.6491 22.0227 15.0333 25.4951 50.8035 35.0571 13.0 33.9411 53.7587 52.8015 45.1885 35.3553 34.8855 31.8277 64.1327 20.5183 
68.0661 14.0357 45.1885 41.3038 56.0892 17.1172 38.1182 67.7422 40.8044 6.0 55.0 76.4199 60.6383 61.0574 36.0555 41.2311 67.0298 63.0635 44.643 37.1214 36.8782 46.0 83.6301 28.6356 3.1623 55.1453 15.5563 65.2763 52.9245 75.8222 65.6201 28.1603 66.0984 60.4401 82.3286 81.8413 56.7274 15.0333 39.3954 22.0 39.2173 9.2195 50.9902 34.7131 73.3485 70.859 44.4185 83.006 26.1725 61.6604 79.2086 71.3442 63.0635 79.2023 21.9317 44.7772 51.4004 31.3209 0.0 65.7647 68.7095 95.0158 10.0 22.0907 22.2036 43.8406 29.6142 14.8661 78.1025 52.1536 22.8035 33.541 61.3922 42.72 51.1957 61.7171 60.959 31.7805 74.2159 27.4591 
71.3442 54.4059 20.8087 53.9351 42.107 52.6308 55.4437 41.9762 26.8701 60.5392 31.1448 21.095 17.0294 6.0828 49.2443 48.8365 66.5733 38.2884 24.2074 41.0488 31.8277 59.9083 24.5153 46.2709 68.0955 66.4831 51.0784 25.9615 42.0476 27.2029 23.0868 66.1211 49.679 13.0384 32.3883 18.3576 24.1868 61.131 42.2966 47.5079 45.3982 74.793 15.0 44.9444 22.0227 23.3238 21.5407 37.108 55.2268 22.2036 24.0208 40.1622 2.8284 17.72 45.5412 36.8782 28.7924 49.0102 65.7647 0.0 46.669 34.0147 74.9466 48.8365 46.8402 27.0 64.0312 51.1077 30.0832 14.3178 45.8803 35.3553 18.1108 46.2385 21.5407 24.0832 23.4307 36.1248 19.105 38.4838 
28.2843 65.9242 47.7598 30.4795 80.7775 66.4831 34.0588 85.0882 53.8516 66.7608 70.6824 33.2415 60.4649 41.8688 76.531 28.3019 23.1948 8.9443 55.0273 32.0156 57.0701 30.8058 39.0512 40.1622 71.8679 30.3645 54.8179 70.4557 15.8114 25.9615 68.0074 49.5782 5.099 34.0588 28.0179 45.31 24.1868 55.4707 29.4109 64.0703 29.5466 76.9675 46.9574 71.5681 68.6222 69.527 43.0116 24.1868 43.909 65.7343 33.2415 84.5991 46.7547 41.2311 49.0306 25.1794 23.7697 37.5766 68.7095 46.669 0.0 47.0425 78.3901 66.0681 47.5395 33.541 46.7547 60.0167 25.318 40.7063 47.2969 58.5491 61.8547 77.666 58.6003 22.6716 23.4307 57.3149 65.7647 49.0408 
75.2396 85.6329 53.0094 70.214 74.9533 84.386 73.0548 72.1734 59.9083 90.5539 64.2884 18.868 49.7293 36.0555 83.1865 65.7875 70.1783 43.4166 57.8014 62.1772 64.8999 73.7564 11.4018 69.9714 97.7446 76.3217 79.511 56.4358 53.6004 22.561 53.4603 87.3212 52.0096 34.6554 19.0263 15.8114 39.8246 86.8217 61.7414 79.6492 64.0781 104.2353 47.7074 78.7718 48.0 51.0392 51.7397 23.5372 77.8267 54.1295 16.5529 69.0072 36.6742 16.6433 73.2462 55.0364 46.0652 70.6612 95.0158 34.0147 47.0425 0.0 104.8046 81.2158 73.6003 51.4004 84.6936 81.3204 22.0907 44.0454 72.8011 68.2422 50.448 80.2309 55.5428 35.3412 35.7771 68.6003 44.0 67.897 
76.0592 21.1896 54.2033 50.2195 61.0737 23.7697 46.8722 73.0274 49.2443 14.4222 61.5224 86.2786 68.6222 70.4557 40.1995 50.5964 75.4255 72.9452 52.9245 47.0106 44.9444 54.3323 93.4345 38.4708 7.0711 63.0317 25.4951 72.3671 62.6498 85.7963 73.0068 35.0571 75.6108 70.1783 92.3147 91.4002 66.7083 23.5372 49.1935 29.1204 48.8467 2.2361 60.0333 40.0125 81.0432 78.339 53.8238 93.0054 35.171 69.1231 89.0955 77.0065 72.2011 88.8651 31.8904 54.7083 61.4003 40.8534 10.0 74.9466 78.3901 104.8046 0.0 28.6356 32.2025 53.7587 37.0 23.8537 88.0909 61.6117 32.8024 41.4367 69.2604 47.1699 59.1354 71.7008 70.9366 39.9249 82.2192 37.0135 
74.3303 8.0623 28.3196 46.2385 34.2053 5.0 44.2832 45.7056 22.0227 16.1245 33.0606 63.8122 40.3113 45.3431 15.6205 43.6807 71.8401 58.4209 25.2389 35.3553 17.2047 52.8015 70.214 29.7321 23.0217 62.6498 17.0294 43.7379 51.0392 65.307 44.3847 41.7253 65.0308 47.1699 72.0139 66.5282 47.4342 28.6007 38.4708 2.0 40.025 29.2746 33.9411 13.0 52.4976 49.7293 29.6816 74.0945 33.8378 40.5216 66.888 49.2544 46.0109 64.6607 19.3132 41.0 43.9318 34.5398 22.0907 48.8365 66.0681 81.2158 28.6356 0.0 21.9317 34.2053 41.7732 10.6301 68.0294 37.2022 21.5407 13.6015 40.8534 21.4709 30.8707 52.2015 51.264 12.7279 53.8516 17.0294 
