100
0.0 53.1507 53.2541 45.6946 33.2866 11.4018 43.0116 69.6419 57.0088 26.6833 53.1413 47.1699 29.8329 76.2955 69.4622 53.2635 62.2013 71.5681 34.1321 87.818 4.4721 44.2041 42.2966 53.0377 27.4591 64.6607 19.7231 44.5533 5.0 64.5368 60.0833 43.2897 42.3792 38.2884 63.8122 22.561 36.7696 66.6483 80.4984 51.923 21.0238 46.8402 52.3259 35.3836 22.4722 69.7209 62.8013 22.1359 67.0 34.4093 31.0644 38.8973 28.2843 74.6726 15.2643 15.0333 41.0 81.4371 22.6274 49.0102 48.3011 32.3883 63.0635 24.0832 82.807 73.8241 34.9285 61.5224 23.6008 64.0312 18.3848 53.2541 56.6392 74.0608 15.2643 78.848 82.8794 63.6946 86.093 67.8012 15.2971 88.2043 81.4678 46.8188 40.3113 91.8368 42.0119 31.6228 62.514 46.6476 32.8024 24.0416 61.327 39.0512 62.514 64.7611 26.2488 68.593 4.1231 58.2495 
53.1507 0.0 27.5136 80.5295 28.6531 47.8017 27.6586 33.541 88.7525 79.6304 14.3178 65.192 74.4648 81.0062 79.0569 41.5933 12.7279 97.0 43.0116 72.5603 51.0 29.2062 11.0454 2.0 53.2259 100.8464 38.6264 35.609 50.636 70.7248 23.3452 10.0499 53.0754 37.5366 100.3444 31.0161 34.8281 59.2368 70.0928 81.2712 74.1687 12.0416 95.8593 36.4005 51.4782 77.9359 34.1321 49.0408 82.3286 76.844 73.3757 90.3549 54.5619 82.1523 67.082 55.109 18.3848 72.5328 71.8401 6.4031 49.8197 55.5698 97.0979 72.4224 57.0789 105.0 23.2594 72.6223 41.7852 21.9317 61.3922 46.1411 40.8534 89.6437 41.7612 103.2473 58.0345 94.6256 70.5762 51.4198 53.4883 70.1783 50.636 15.0 24.0832 71.0 11.4018 30.4138 15.0 46.2277 36.1248 53.3385 93.7443 14.1421 9.8489 90.0278 71.8053 77.666 57.0789 16.4924 
53.2541 27.5136 0.0 63.1506 20.0 53.7587 10.2956 16.5529 68.9493 78.7147 13.4164 43.4626 63.3877 54.0833 53.0754 14.8661 39.3573 74.0945 26.0192 46.0 49.3964 9.4868 25.0799 29.4109 39.1152 81.9085 48.2597 13.1529 53.2635 44.5982 50.6952 25.02 31.6228 19.0263 81.6088 33.3017 18.4391 31.7805 42.7551 61.3514 72.0139 17.0294 81.3019 20.3961 62.426 51.7397 10.0 38.0789 57.4891 64.0312 61.131 82.9759 40.05 55.6058 68.5055 47.4342 39.2046 45.1221 75.6042 31.4006 25.5539 39.0512 77.4919 76.8375 33.2415 83.6301 20.0 47.5079 31.9531 49.3964 52.6308 19.799 13.4164 64.3817 49.0408 79.6304 33.8378 73.9256 44.0 24.1868 60.8769 44.1814 29.4109 14.0 13.4536 45.8912 29.0689 21.6333 42.0476 22.3607 53.1413 64.6375 73.736 28.4429 28.4253 67.6018 61.8142 51.6624 56.0803 43.9659 
45.6946 80.5295 63.1506 0.0 51.8845 56.7979 55.6597 77.1622 11.4018 48.6621 72.111 22.561 19.0263 45.9674 37.4833 52.0096 92.7847 27.0185 38.2753 70.7107 42.9418 55.0818 70.4911 81.4923 27.4591 20.6155 62.6817 50.01 50.5668 38.2753 96.6747 71.3442 32.0624 44.9222 20.0 54.4885 46.8188 51.8652 61.7738 8.9443 43.1045 69.3542 19.6469 44.9444 68.1542 38.8973 68.1175 32.6497 30.8058 14.1421 16.0312 35.5106 26.0768 42.5206 50.2494 31.9061 77.2334 61.0574 58.0345 79.6116 40.0125 25.0799 17.8045 60.0333 76.4003 28.178 57.3062 32.2025 39.4081 98.813 27.313 48.0416 56.0 35.3412 58.8303 34.1321 75.6902 18.0278 69.7711 60.208 60.7454 73.3485 79.9062 67.2309 57.3847 78.2943 72.6705 50.1199 94.3398 42.0476 76.0263 69.6419 15.6525 69.6348 86.9253 21.2132 22.0227 37.4833 43.3244 92.4175 
33.2866 28.6531 20.0 51.8845 0.0 34.2053 9.8995 36.3593 60.2163 59.0931 22.0 37.6431 47.2652 58.6941 54.7814 23.7697 41.0488 69.3542 14.8661 60.1664 29.5296 11.4018 19.105 29.6816 24.6982 72.2011 30.0832 14.3178 33.3017 47.1275 47.0106 19.8494 26.0768 11.4018 71.6938 14.3178 8.2462 41.1096 54.5894 52.8015 52.5547 17.72 67.72 8.9443 43.8292 54.0833 29.7321 21.2132 56.4358 49.0306 45.7056 65.2763 26.0 58.8218 48.5489 29.1548 29.5466 56.3205 55.6058 28.3196 25.7099 26.9258 68.5055 56.8507 51.3128 76.6942 5.6569 47.4236 14.0357 48.0833 35.0143 26.0768 26.0 64.0078 30.0167 75.9276 51.6236 66.2193 58.2409 38.2753 41.4005 59.4643 48.8365 16.1245 7.2801 62.2415 22.0227 2.0 42.8019 22.3607 38.0526 46.0652 65.215 19.4165 35.4401 62.2415 45.0444 53.4883 36.2353 41.7253 
11.4018 47.8017 53.7587 56.7979 34.2053 0.0 44.0454 69.4262 68.0294 33.1361 50.774 56.0803 41.2311 84.2912 78.0064 56.8243 55.1453 82.2192 39.5601 92.7038 13.9284 45.607 37.6962 47.2969 36.0555 76.0066 10.0499 47.5079 6.4031 72.3395 50.9902 38.6264 49.4975 42.0476 75.1665 20.5183 39.8246 72.111 86.0349 62.6259 29.1204 43.909 63.6553 38.9102 12.0416 78.0577 63.7024 30.0 76.3217 45.8039 42.4382 48.7545 37.1214 83.0542 20.025 25.2982 33.0 87.2812 24.0416 42.7551 54.1202 41.0488 74.3034 24.6982 85.4459 84.9706 33.9706 70.0071 28.8617 55.4437 29.5296 57.7754 59.6825 83.6002 6.0828 89.493 85.703 74.7329 90.8735 71.5891 7.2111 92.5743 82.9759 44.6542 40.3113 95.7706 36.4005 33.0151 55.0091 51.8652 21.9545 14.0 72.45 33.8378 57.5674 75.2861 37.6431 77.026 14.8661 50.0899 
43.0116 27.6586 10.2956 55.6597 9.8995 44.0454 0.0 26.8328 62.6099 68.4251 16.5529 38.0132 54.037 54.231 51.6236 16.0312 40.3609 69.6563 17.4642 51.788 39.1152 2.0 21.1896 29.2062 30.0666 75.2396 39.3573 8.0623 43.1856 43.4166 49.1935 21.5407 25.807 10.7703 74.8465 23.8537 9.0554 34.2345 47.0106 55.0091 61.7414 15.6205 72.9932 11.0454 53.3385 50.6063 19.8494 28.2843 54.6717 55.0818 52.0096 73.1642 31.1448 55.0091 58.2495 37.3631 34.3657 49.0102 65.437 29.5296 22.2036 30.8058 71.1126 66.7083 41.6773 78.2304 11.4018 45.0 21.8403 49.0918 42.7551 19.6469 17.2627 62.0081 39.6611 75.743 42.0595 68.0955 49.8197 29.6142 51.225 50.6952 38.9487 12.7279 5.0 53.1413 25.0 11.4018 42.638 18.6011 45.8912 55.5698 67.5352 23.3452 31.9061 62.8013 52.2398 50.2494 45.793 43.0465 
69.6419 33.541 16.5529 77.1622 36.3593 69.4262 26.8328 0.0 81.5843 95.2575 21.0238 55.9017 79.2465 58.8982 60.208 25.318 42.107 84.309 41.7732 41.7852 65.8635 26.0 36.2353 35.5106 54.9181 94.7259 63.0317 28.4429 69.4046 51.9711 56.0357 35.7771 45.0999 34.9285 94.541 48.9183 34.7851 35.609 41.8808 74.1485 88.5664 27.7849 96.0 36.6879 77.2334 58.5235 9.0554 54.4059 66.1891 79.511 76.7919 99.2018 55.7315 61.4003 84.9058 63.9062 49.7695 44.6542 91.8368 39.2938 37.4833 54.231 90.0278 93.0054 24.1868 94.8683 35.4683 56.3649 48.4665 53.0848 68.9638 29.8329 21.587 72.2011 64.3506 89.0 25.318 85.8662 39.9249 24.7588 76.4199 38.6005 17.1172 25.807 29.4109 38.4708 39.8121 38.0789 45.0999 35.1283 65.8635 79.3977 86.122 40.3113 29.1548 78.4347 77.8781 58.8303 72.5603 49.0408 
57.0088 88.7525 68.9493 11.4018 60.2163 68.0294 62.6099 81.5843 0.0 59.2115 79.1581 25.7099 30.0666 41.3401 33.121 56.2939 101.2571 16.1245 45.793 68.9493 54.1295 61.7414 79.2023 89.8721 36.7696 13.1529 73.5731 56.0803 61.8466 36.4005 106.1508 80.0 37.3363 51.8845 13.0384 64.4438 54.2033 52.345 60.0833 7.6158 54.0 77.1751 22.6274 52.4786 79.4796 34.8855 72.5672 42.5206 25.2389 25.02 27.2947 44.0114 35.3553 37.4433 61.5224 42.9418 86.977 58.8727 69.1809 88.4081 44.1475 33.4215 8.544 71.1758 77.4145 17.2047 65.8027 30.0832 48.7955 107.9352 38.6264 51.788 60.0167 27.6586 69.8355 23.0 76.531 6.7082 68.3081 62.0081 72.111 72.1249 82.0061 74.793 65.0 77.201 81.6884 58.6003 103.0049 46.8402 86.8217 80.9938 5.0 78.7464 94.414 11.6619 33.2415 33.541 54.7083 101.5332 
26.6833 79.6304 78.7147 48.6621 59.0931 33.1361 68.4251 95.2575 59.2115 0.0 79.6994 60.9016 29.8329 90.3383 82.3468 76.2168 88.0057 75.326 56.2228 107.8147 29.7321 69.3542 68.884 79.404 45.2769 61.5224 43.1856 68.5055 29.0689 79.7559 84.0119 69.8713 60.959 61.8547 60.531 49.2443 61.0574 86.4523 99.6393 57.2713 7.0711 73.4983 44.3847 59.3633 37.1618 83.1925 87.818 42.638 77.4919 34.5254 33.2415 21.095 45.3431 87.7268 13.1529 32.6497 66.0681 100.0 14.1421 75.1665 68.593 49.0408 62.0725 15.6205 105.8915 73.171 61.3514 75.1332 47.1699 88.5664 29.8329 75.0733 80.0 83.2406 39.0512 82.1523 105.7592 65.0308 106.3015 89.9389 30.3645 108.9771 105.6835 73.3757 66.3099 113.1459 68.3593 57.2713 88.0227 67.9412 53.8516 37.1214 62.0081 65.4905 89.1067 69.8713 27.5136 81.8596 23.0868 83.2166 
53.1413 14.3178 13.4164 72.111 22.0 50.774 16.5529 21.0238 79.1581 79.6994 0.0 54.3783 69.1809 67.4166 66.0681 28.0179 25.9422 85.8021 33.8378 58.3095 50.0 17.4929 15.2643 16.2788 45.8912 91.7878 43.2782 23.6008 51.8941 57.6281 37.6563 14.7648 42.19 27.313 91.3893 30.8707 25.2982 45.1885 55.7853 71.5542 73.4983 7.0711 89.0505 27.2029 57.3149 64.8151 20.0 43.1045 70.0071 70.7107 67.4759 87.2067 47.0744 68.8186 68.1542 51.0882 28.7924 58.2409 74.2428 19.0263 37.5366 47.1275 87.6641 75.1798 43.4166 94.6678 18.4391 60.1082 36.0139 36.0555 57.0088 32.8024 26.8328 77.1038 45.2217 91.6788 44.2832 84.5991 56.3205 37.108 57.4282 56.0357 37.6431 6.3246 15.1327 57.0789 18.7883 24.0 28.6356 34.0588 44.9444 59.4138 84.0773 19.4165 15.6205 79.0569 67.0298 64.6607 56.6127 30.8058 
47.1699 65.192 43.4626 22.561 37.6431 56.0803 38.0132 55.9017 25.7099 60.9016 54.3783 0.0 33.2415 29.7321 22.3607 30.5941 77.8974 31.8277 22.8035 49.4065 43.0465 36.8917 56.6392 66.5282 20.025 38.833 58.4637 30.8869 51.0098 18.868 84.6463 57.3149 12.2066 27.6586 38.6394 45.6946 30.4138 29.5466 40.6079 18.2483 54.1202 53.2635 42.2019 29.0 68.1175 22.8035 46.8722 26.1725 20.3961 30.6105 29.6985 53.9073 19.0 27.6586 57.5674 32.3883 66.5733 40.3609 66.0984 65.7951 18.4391 15.0333 34.2053 68.0074 53.8516 40.3113 43.2782 14.5602 29.7321 85.6329 31.9531 26.1725 34.3657 27.8927 55.7315 38.2884 53.1601 30.4631 48.2597 37.6563 62.0081 51.6236 57.4282 50.6063 41.1096 56.4358 59.6657 36.4005 79.9312 21.1896 70.5195 70.0643 30.3645 57.0088 69.8928 24.8395 34.2053 21.587 46.6905 79.3095 
29.8329 74.4648 63.3877 19.0263 47.2652 41.2311 54.037 79.2465 30.0666 29.8329 69.1809 33.2415 0.0 61.5873 53.3385 55.9732 85.703 46.0 37.4833 82.3286 28.3196 54.1479 63.6003 75.0 24.3311 35.3412 48.8365 50.8035 34.8281 51.8556 86.8332 64.56 37.1214 44.4072 34.4384 44.7772 45.0999 61.6117 73.6614 27.4591 24.0832 64.7765 22.8035 43.1045 51.6236 54.3783 70.6116 26.0768 47.927 5.099 3.6056 21.095 23.5372 58.6686 31.5753 19.6977 67.1193 73.5527 39.1152 72.111 45.618 25.632 34.4819 41.1096 84.0773 45.607 51.788 46.6154 33.2415 89.8999 13.4164 53.3104 60.0833 53.4509 44.5533 53.0377 83.6481 36.3456 81.0555 67.5352 43.909 84.2021 85.7963 63.3877 54.0833 88.8144 64.846 45.2769 86.7295 46.2385 62.2415 52.8394 33.541 61.6847 82.3772 40.1995 3.6056 53.0 26.6271 83.672 
76.2955 81.0062 54.0833 45.9674 58.6941 84.2912 54.231 58.8982 41.3401 90.3383 67.4166 29.7321 61.5873 0.0 8.4853 39.4462 93.2952 33.541 46.1736 30.0167 72.0069 52.3927 75.3923 82.7647 48.8365 52.0 85.0529 46.2385 79.7621 12.0 103.3683 75.7694 35.0 47.2969 52.3927 70.4557 50.448 23.3452 22.2036 37.5366 83.672 69.3181 63.6003 50.01 96.1873 7.2111 51.6236 54.4518 16.1245 58.0086 57.9828 81.0555 48.0521 4.1231 87.2812 61.8466 87.9318 20.025 95.8175 83.672 32.9848 43.9318 47.0106 97.719 44.2719 45.7056 63.6003 15.2315 56.0 102.8834 61.6847 34.8855 40.8044 17.0294 83.006 35.0143 43.0116 41.2311 30.0167 34.2053 90.6697 34.0147 51.4782 66.1891 58.8727 39.0 79.1202 58.2495 95.8801 36.4005 95.7549 98.2497 43.382 77.1622 82.4197 31.3847 63.1348 8.6023 76.1577 97.0464 
69.4622 79.0569 53.0754 37.4833 54.7814 78.0064 51.6236 60.208 33.121 82.3468 66.0681 22.3607 53.3385 8.4853 0.0 38.2099 91.6079 27.0 41.2311 36.6742 65.2763 49.93 72.4707 80.7094 42.107 44.2719 79.511 43.566 73.171 8.4853 100.7224 72.9452 29.6142 43.4626 44.5982 65.5134 46.6154 25.0799 28.1603 29.0689 75.7694 67.1193 55.2178 45.8803 90.0 2.0 52.2015 48.0104 8.2462 49.6488 49.7393 72.6223 41.1947 5.3852 79.8123 54.7449 84.309 26.4764 88.3233 81.1234 29.5296 37.1214 39.2173 90.2497 48.6621 39.0512 60.0083 8.0 50.3587 100.7025 54.1202 33.3017 40.3609 12.083 77.1622 29.8329 47.5184 33.5261 36.3456 36.2491 84.1487 40.3113 55.0818 64.0703 55.9464 45.3982 76.0263 54.0833 94.0479 33.121 90.802 92.0054 35.4683 73.8241 81.4678 23.7697 55.0091 1.4142 69.0507 94.6678 
53.2635 41.5933 14.8661 52.0096 23.7697 56.8243 16.0312 25.318 56.2939 76.2168 28.0179 30.5941 55.9732 39.4462 38.2099 0.0 53.8516 59.9416 20.0 36.4005 48.9183 14.0357 36.8782 43.382 32.2025 69.4262 53.7587 9.4868 54.6443 29.7321 64.2573 37.108 20.025 15.0 69.2315 37.9473 17.0 18.2483 31.0644 48.8365 69.2026 30.0832 71.1126 18.0278 67.2309 36.8782 16.2788 33.6006 42.8019 55.5428 53.1601 76.6942 32.6956 40.8044 67.897 43.6005 50.3587 33.0 75.8222 44.5982 12.1655 30.3645 64.7611 77.3369 29.7321 70.0071 27.074 32.8024 29.7321 63.5059 47.5079 5.0 4.1231 49.5782 53.3104 65.192 29.6985 60.7289 34.4819 14.7648 64.0078 35.8469 29.9666 26.9258 21.0238 38.9487 40.7922 24.3516 56.4358 10.0499 61.5224 69.4622 60.8769 39.3192 43.2782 53.7122 55.1543 36.7967 55.1725 57.7754 
62.2013 12.7279 39.3573 92.7847 41.0488 55.1453 40.3609 42.107 101.2571 88.0057 25.9422 77.8974 85.703 93.2952 91.6079 53.8516 0.0 109.7133 55.6058 82.9759 60.6712 41.8688 22.3607 11.4018 65.3682 113.2078 45.2769 48.2701 59.0085 83.2346 14.8661 21.4709 65.7951 50.2494 112.681 41.2311 47.5079 71.1126 81.2712 93.8136 83.0963 24.7588 107.5407 49.0408 56.3205 90.4434 44.643 60.8358 95.0158 88.3912 84.8646 100.449 66.7308 94.578 75.06 66.0984 22.3607 83.8153 78.7718 13.6015 62.482 67.9559 109.5536 79.0759 66.2722 117.6138 35.5106 85.276 53.6656 11.0 72.4224 58.5235 52.7731 102.3035 49.0918 115.9741 67.3647 107.2007 81.0247 62.6259 59.8415 80.2309 59.0085 27.6586 36.7967 80.5047 20.8806 42.72 3.0 58.8982 39.0 57.8705 106.2544 24.0416 13.0 102.7278 82.8613 90.2109 66.2722 8.6023 
71.5681 97.0 74.0945 27.0185 69.3542 82.2192 69.6563 84.309 16.1245 75.326 85.8021 31.8277 46.0 33.541 27.0 59.9416 109.7133 0.0 54.4885 63.3877 68.3081 68.4105 88.4138 98.3514 48.3735 20.5183 86.8159 62.2013 76.243 33.541 116.2755 89.1067 43.9318 59.4643 21.2132 76.0066 62.2415 50.9902 55.0818 19.6469 70.0286 85.0412 36.7151 60.8112 93.9628 29.0 75.6439 54.5894 19.105 41.0122 43.0465 59.7746 47.0106 29.4279 77.2334 56.921 97.8008 53.2353 85.0529 97.591 48.5489 44.1022 16.4012 87.0517 75.4255 12.1655 75.0067 28.1603 59.9083 117.4138 53.3667 55.0091 63.0714 16.7631 83.3847 7.2801 74.3303 11.1803 63.1981 61.8466 86.8332 67.1863 81.3941 82.3286 72.9178 72.2496 91.351 68.0147 111.7587 51.8652 99.7296 95.6033 14.3178 88.6172 101.4002 7.2111 49.0408 28.0179 69.6348 111.072 
34.1321 43.0116 26.0192 38.2753 14.8661 39.5601 17.4642 41.7732 45.793 56.2228 33.8378 22.8035 37.4833 46.1736 41.2311 20.0 55.6058 54.4885 0.0 53.7122 29.6816 17.1172 33.9411 44.2041 13.1529 58.1378 39.0128 13.3417 36.2491 34.2345 61.8466 34.6554 11.7047 7.0 57.6975 24.3311 8.544 32.6956 46.6154 38.2753 49.2037 31.3847 55.5788 6.7082 50.9902 40.7922 33.2415 13.6015 42.0476 38.0132 35.1283 57.5674 14.0357 45.7056 48.2701 23.6008 43.909 47.7598 56.4004 43.1393 14.5602 13.3417 54.2033 58.0086 49.679 62.0081 20.5183 33.5261 10.7703 62.9365 27.7308 19.2094 23.8537 49.6588 37.3363 61.0737 49.5782 51.614 51.9711 33.9706 46.4866 54.0833 49.7393 29.0689 19.2354 57.8014 36.8782 13.6015 57.4891 12.53 49.6488 53.1507 50.774 34.2053 48.7545 47.3814 36.1386 40.025 35.609 56.5862 
87.818 72.5603 46.0 70.7107 60.1664 92.7038 51.788 41.7852 68.9493 107.8147 58.3095 49.4065 82.3286 30.0167 36.6742 36.4005 82.9759 63.3877 53.7122 0.0 83.3547 49.8197 71.0282 74.5453 62.6259 80.7775 90.1388 45.8803 89.8944 32.6956 95.8853 71.007 46.8615 50.6952 81.0432 74.3303 53.1413 21.4009 8.9443 63.561 100.7671 63.0079 89.8999 53.8516 103.465 34.7131 38.4708 66.2873 44.911 80.0 78.8733 103.2327 62.482 34.0588 101.5135 75.8024 85.0941 10.198 109.8362 77.1622 39.6611 58.7963 75.6902 111.5168 19.2094 75.5381 63.1506 39.0 64.4127 93.7443 77.9872 34.9285 34.5254 47.0425 89.5377 65.0 17.8045 70.0928 2.0 22.2036 99.8098 4.4721 27.8029 60.0 56.7186 9.0554 75.0267 60.7289 85.9069 41.1825 97.6729 105.6882 71.8401 74.1687 70.342 60.4152 82.807 35.9026 89.0449 88.955 
4.4721 51.0 49.3964 42.9418 29.5296 13.9284 39.1152 65.8635 54.1295 29.7321 50.0 43.0465 28.3196 72.0069 65.2763 48.9183 60.6712 68.3081 29.6816 83.3547 0.0 40.2244 40.0125 51.0392 23.1948 62.426 20.5183 40.3113 8.0623 60.208 59.6154 41.0122 37.9473 33.9706 61.6117 20.025 32.5576 62.1772 76.0263 48.7032 23.5372 43.9318 51.0882 31.1127 25.7099 65.4905 58.8218 17.72 63.0317 32.5576 29.0689 39.8121 24.0832 70.4557 19.2094 11.4018 40.1622 76.9675 26.9072 47.2652 43.8292 28.1603 60.5392 28.4253 78.5175 71.1196 31.6228 57.3149 19.2094 63.2456 15.8114 48.8262 52.345 70.1783 16.2788 75.5844 78.5684 60.8358 81.6333 63.4114 19.0263 83.7616 77.3369 43.6807 36.6742 87.4185 40.1123 27.7849 61.1882 42.19 33.9411 27.4591 58.5918 37.054 60.1332 61.4003 24.8395 64.3817 6.7082 57.28 
44.2041 29.2062 9.4868 55.0818 11.4018 45.607 2.0 26.0 61.7414 69.3542 17.4929 36.8917 54.1479 52.3927 49.93 14.0357 41.8688 68.4105 17.1172 49.8197 40.2244 0.0 23.0868 30.8058 30.0 74.4648 41.1461 6.4031 44.5533 41.6773 50.9902 23.4094 24.6982 10.198 74.0945 25.5539 9.0554 32.249 45.0111 54.1295 62.6099 17.2047 72.6911 11.0454 55.0727 48.8774 18.6011 28.6356 53.1507 55.0091 52.0096 73.5459 31.0161 53.2353 59.4054 37.9473 36.3456 47.0106 66.7083 31.305 20.6155 30.4138 70.2638 68.0147 39.9625 77.1751 13.3417 43.4166 22.4722 50.774 43.1741 17.72 15.2971 60.4401 41.3401 74.411 40.3113 67.1193 47.8539 27.6586 52.8015 48.7647 37.4833 14.2127 7.0 51.264 26.9258 12.7279 44.2041 17.0294 47.8539 57.3062 66.6408 25.318 33.0151 61.6117 52.469 48.5489 46.8722 44.7772 
42.2966 11.0454 25.0799 70.4911 19.105 37.6962 21.1896 36.2353 79.2023 68.884 15.2643 56.6392 63.6003 75.3923 72.4707 36.8782 22.3607 88.4138 33.9411 71.0282 40.0125 23.0868 0.0 11.4018 43.0465 90.9725 29.1548 29.1548 40.025 64.405 28.3019 1.0 44.8219 29.4109 90.4268 20.0 26.4008 55.109 67.2681 71.8401 63.2851 8.544 85.235 27.6586 42.8019 71.5542 33.9559 38.4838 74.8866 66.1287 62.6259 79.3095 44.4185 76.0592 56.5155 44.1475 14.1421 69.4622 61.6847 9.2195 42.9418 45.8039 87.4185 62.3939 57.7235 95.7758 13.4536 65.5134 31.305 29.0 50.448 40.8044 37.2156 82.3772 31.7805 94.921 58.4637 85.276 69.029 49.0102 43.8292 69.2604 52.5547 11.1803 16.5529 70.859 4.0 20.6155 23.8537 39.3573 29.6816 44.8219 84.2021 4.2426 20.2237 81.3204 60.8769 71.1196 46.1736 22.6716 
53.0377 2.0 29.4109 81.4923 29.6816 47.2969 29.2062 35.5106 89.8721 79.404 16.2788 66.5282 75.0 82.7647 80.7094 43.382 11.4018 98.3514 44.2041 74.5453 51.0392 30.8058 11.4018 0.0 54.1202 101.8725 37.9473 37.2022 50.3587 72.4017 21.3776 10.4403 54.4518 38.8973 101.3558 31.1448 36.1248 61.0983 72.0347 82.4197 74.0608 13.6015 96.566 37.6431 50.5371 79.6116 36.1248 49.7695 83.8689 77.4919 74.0 90.5539 55.4707 83.863 66.7533 55.5428 17.0294 74.4648 71.3092 5.0 51.4004 56.6039 98.1835 71.8401 59.0762 106.2121 24.1868 74.2024 42.5441 20.1246 61.8466 47.8853 42.72 91.214 41.2311 104.6518 60.0333 95.8019 72.5603 53.3667 52.811 72.1734 52.6118 16.6433 25.4558 73.0 11.0454 31.3847 13.4536 47.8017 34.8281 52.3546 94.8683 14.0 10.8167 91.351 72.2772 79.3221 57.0088 14.5602 
27.4591 53.2259 39.1152 27.4591 24.6982 36.0555 30.0666 54.9181 36.7696 45.2769 45.8912 20.025 24.3311 48.8365 42.107 32.2025 65.3682 48.3735 13.1529 62.6259 23.1948 30.0 43.0465 54.1202 0.0 48.0104 38.8973 26.4764 31.0644 37.108 69.4262 43.909 15.8114 20.0998 47.4342 27.8029 21.0238 41.2311 54.6443 29.8329 38.2099 42.3792 43.1741 19.0263 48.0937 42.2966 46.3249 6.3246 40.3113 25.02 22.0227 44.5982 1.4142 47.2652 39.3573 13.4164 50.2096 55.2268 47.8539 52.1536 23.3452 5.0 44.6878 49.6588 61.2944 53.8145 29.9666 34.1321 12.0416 71.4003 15.6205 30.2324 36.2491 47.676 35.9026 55.4707 61.0328 43.1856 61.0737 45.0 42.0476 63.7024 62.1691 40.5216 30.8058 67.8823 45.2217 22.8473 66.888 23.0217 51.4782 50.04 41.7253 42.2019 60.0833 41.1825 23.0868 41.1947 27.5136 65.0 
64.6607 100.8464 81.9085 20.6155 72.2011 76.0066 75.2396 94.7259 13.1529 61.5224 91.7878 38.833 35.3412 52.0 44.2719 69.4262 113.2078 20.5183 58.1378 80.7775 62.426 74.4648 90.9725 101.8725 48.0104 0.0 82.6196 68.9493 69.6419 48.6621 117.2902 91.8096 50.2892 64.4748 1.0 75.0733 66.6408 65.123 72.0347 20.6155 57.4891 89.4707 18.2483 64.846 86.8332 46.1736 85.703 53.2635 36.0555 30.4138 33.6155 43.1045 46.6154 47.927 66.4078 51.8556 97.8366 70.6045 73.2462 100.1249 57.2713 45.2769 5.099 75.1864 90.1998 12.3693 77.6981 42.4264 60.0 119.4027 46.6154 64.9384 73.1642 36.3593 78.6003 24.6982 89.2749 10.7703 80.2808 75.0067 79.177 84.1724 95.0053 87.2067 77.3692 89.2693 93.2309 70.4911 114.826 59.9083 96.0469 88.1192 9.0554 90.2109 106.8878 20.6155 38.9102 44.9222 61.7738 113.0044 
19.7231 38.6264 48.2597 62.6817 30.0832 10.0499 39.3573 63.0317 73.5731 43.1856 43.2782 58.4637 48.8365 85.0529 79.511 53.7587 45.2769 86.8159 39.0128 90.1388 20.5183 41.1461 29.1548 37.9473 38.8973 82.6196 0.0 44.2719 15.2315 73.0616 41.0 30.0167 50.0899 39.8121 81.8352 15.8114 37.108 70.406 84.1724 67.5352 39.0512 36.2353 71.5891 36.6742 14.2127 79.3095 58.2495 32.573 78.8543 53.0377 49.5177 58.3095 40.1622 84.2912 30.0666 30.8058 23.0217 85.703 33.541 33.2415 53.2353 43.6807 80.4487 33.9559 81.0062 90.7359 28.3019 71.5681 29.1548 45.3982 36.1248 55.5428 56.0803 86.3481 4.4721 94.0213 81.4125 80.2621 88.2326 68.352 14.8661 89.5377 77.666 37.4833 34.9857 92.3093 27.313 29.4109 45.0444 50.4876 13.4536 16.4012 78.2304 25.0599 48.4665 79.7057 45.3431 78.4092 23.7065 40.05 
44.5533 35.609 13.1529 50.01 14.3178 47.5079 8.0623 28.4429 56.0803 68.5055 23.6008 30.8869 50.8035 46.2385 43.566 9.4868 48.2701 62.2013 13.3417 45.8803 40.3113 6.4031 29.1548 37.2022 26.4764 68.9493 44.2719 0.0 45.607 35.3553 57.2451 29.5466 18.7883 6.7082 68.6222 28.4605 7.8102 27.0 40.3113 48.4665 61.5873 23.6008 68.1836 9.2195 57.7754 42.5441 19.9249 26.4008 46.7547 51.1566 48.3735 70.8802 27.2947 46.9574 59.4643 36.2353 41.9762 42.107 67.1789 37.5899 14.2127 26.0 64.622 68.6222 38.2884 71.1969 18.0278 37.0135 21.4009 57.1402 40.8534 12.0416 12.2066 54.037 43.8634 68.1175 38.4187 61.2699 43.9659 24.1661 54.7083 45.31 37.2022 20.6155 12.6491 48.3011 32.8938 14.8661 50.6063 10.6301 52.2398 60.0083 60.9262 31.0483 39.2046 55.4707 49.4773 42.19 46.7547 51.1077 
5.0 50.636 53.2635 50.5668 33.3017 6.4031 43.1856 69.4046 61.8466 29.0689 51.8941 51.0098 34.8281 79.7621 73.171 54.6443 59.0085 76.243 36.2491 89.8944 8.0623 44.5533 40.025 50.3587 31.0644 69.6419 15.2315 45.607 0.0 67.897 56.0446 41.0 45.3542 39.6611 68.7968 21.0238 37.8021 68.942 82.8553 56.6127 24.1868 45.31 57.28 36.6197 17.72 73.3348 63.0317 25.318 71.0634 39.4081 36.0555 43.0813 32.0156 78.3135 16.4924 19.4165 37.3363 83.9345 22.4722 46.0977 50.6952 36.0555 68.0 23.6008 83.8689 78.721 34.1321 65.192 25.4951 60.208 23.2594 55.0727 57.8014 78.2304 10.7703 83.5225 84.0238 68.542 88.1192 69.3397 11.0 90.05 82.0244 45.618 40.0 93.4933 39.3192 31.8277 59.1354 48.7545 28.0179 19.4165 66.2118 36.4966 60.208 69.3758 31.241 72.2496 8.6023 54.5894 
64.5368 70.7248 44.5982 38.2753 47.1275 72.3395 43.4166 51.9711 36.4005 79.7559 57.6281 18.868 51.8556 12.0 8.4853 29.7321 83.2346 33.541 34.2345 32.6956 60.208 41.6773 64.405 72.4017 37.108 48.6621 73.0616 35.3553 67.897 0.0 92.5905 64.846 23.0 35.7351 48.8365 58.5491 38.8973 17.4642 23.7697 30.8707 72.9452 58.8303 57.2451 38.3275 84.214 7.2111 43.8292 42.5793 14.5602 48.7955 48.2701 72.1249 36.4005 11.7047 75.9605 50.2892 76.5506 22.8254 84.5044 72.9452 21.5407 32.28 43.566 86.3771 42.0476 45.1774 52.2015 6.3246 44.0 92.4392 50.5668 24.8395 31.8904 20.2485 71.007 37.3363 41.0122 38.2099 31.9531 28.4605 78.7718 35.7351 47.8539 55.7584 47.8539 40.8044 68.0294 46.5725 85.703 25.0799 83.863 86.2844 39.6232 65.9242 73.0 29.0 53.0094 7.0711 64.56 86.4523 
60.0833 23.3452 50.6952 96.6747 47.0106 50.9902 49.1935 56.0357 106.1508 84.0119 37.6563 84.6463 86.8332 103.3683 100.7224 64.2573 14.8661 116.2755 61.8466 95.8853 59.6154 50.9902 28.3019 21.3776 69.4262 117.2902 41.0 57.2451 56.0446 92.5905 0.0 27.7849 73.0068 57.6888 116.6619 42.4382 54.6443 82.2192 93.3916 99.0051 80.05 34.176 109.4166 55.8032 49.0408 99.7647 57.4282 64.0312 103.1746 90.2109 86.6083 98.9798 70.8378 104.2017 70.859 67.2309 19.7231 95.8019 73.0616 19.6977 71.1969 72.8354 114.1096 73.0068 80.0062 123.0447 41.4005 93.8136 57.3847 5.831 73.4302 68.542 63.8905 110.6752 45.3542 122.9187 81.0247 112.45 93.9042 74.7329 54.1479 93.4345 73.1095 37.3363 44.7772 94.0851 25.0 48.2701 12.083 67.6018 31.0161 50.1597 111.1261 27.6586 27.4591 109.1238 83.6481 99.363 64.195 7.0 
43.2897 10.0499 25.02 71.3442 19.8494 38.6264 21.5407 35.7771 80.0 69.8713 14.7648 57.3149 64.56 75.7694 72.9452 37.108 21.4709 89.1067 34.6554 71.007 41.0122 23.4094 1.0 10.4403 43.909 91.8096 30.0167 29.5466 41.0 64.846 27.7849 0.0 45.4533 30.0 91.2688 21.0 27.0185 55.3173 67.3647 72.6223 64.2806 8.2462 86.1626 28.3196 43.6005 72.0069 33.7343 39.3954 75.452 67.0671 63.5689 80.3057 45.2769 76.4853 57.4891 45.1221 14.3178 69.5845 62.6259 8.4853 43.4166 46.6154 88.2326 63.3246 57.4891 96.5401 14.2127 66.0379 32.2025 28.3196 51.4198 41.1096 37.3363 82.9277 32.6956 95.5877 58.2495 86.0523 69.0072 49.0408 44.7214 69.1809 52.2015 11.0454 17.0 70.7107 4.1231 21.4009 23.0217 39.8246 30.2324 45.607 85.0 5.0 19.2354 82.0244 61.8466 71.5891 47.1699 22.0227 
42.3792 53.0754 31.6228 32.0624 26.0768 49.4975 25.807 45.0999 37.3363 60.959 42.19 12.2066 37.1214 35.0 29.6142 20.025 65.7951 43.9318 11.7047 46.8615 37.9473 24.6982 44.8219 54.4518 15.8114 50.2892 50.0899 18.7883 45.3542 23.0 73.0068 45.4533 0.0 15.5563 50.0 35.9026 18.4391 25.4951 38.833 29.7321 53.9073 41.1096 51.0882 17.2047 61.2944 29.2746 36.0555 20.2485 30.4138 36.0555 34.0147 58.1808 15.6205 34.2345 55.0727 29.1548 55.4707 39.4462 63.5295 53.9073 8.544 12.0416 45.8803 65.2993 46.9574 52.4786 31.6228 21.8403 21.0 73.7564 31.1448 16.4924 24.0832 38.0132 48.0104 50.2096 46.5296 42.4853 45.3431 30.4138 56.0892 48.0833 49.0408 38.4187 29.0 52.4023 48.0104 25.0599 67.8823 10.0 61.1882 63.3877 42.1545 45.4863 57.6888 37.0135 36.8917 28.4429 42.9535 67.4759 
38.2884 37.5366 19.0263 44.9222 11.4018 42.0476 10.7703 34.9285 51.8845 61.8547 27.313 27.6586 44.4072 47.2969 43.4626 15.0 50.2494 59.4643 7.0 50.6952 33.9706 10.198 29.4109 38.8973 20.0998 64.4748 39.8121 6.7082 39.6611 35.7351 57.6888 30.0 15.5563 0.0 64.0781 24.1868 3.1623 30.5941 44.3847 44.2945 54.9181 25.6125 62.514 3.1623 52.811 42.72 26.5707 19.6977 45.4863 45.0111 42.107 64.2884 21.0238 47.4342 53.0377 29.5296 40.8534 45.8912 60.8769 38.4187 14.3178 20.2237 60.3738 62.3699 44.5533 67.6757 16.5529 36.2353 14.8661 58.258 34.176 15.8114 18.3848 53.0 38.8973 65.7647 44.5982 57.4543 48.8467 29.6816 49.1935 50.5371 43.8292 23.0217 13.4536 53.8516 32.7567 11.0454 52.3259 11.0454 49.0102 55.0273 56.8243 30.4138 42.5441 52.4976 42.9535 42.1545 40.3113 52.0096 
63.8122 100.3444 81.6088 20.0 71.6938 75.1665 74.8465 94.541 13.0384 60.531 91.3893 38.6394 34.4384 52.3927 44.5982 69.2315 112.681 21.2132 57.6975 81.0432 61.6117 74.0945 90.4268 101.3558 47.4342 1.0 81.8352 68.6222 68.7968 48.8365 116.6619 91.2688 50.0 64.0781 0.0 74.411 66.2118 65.192 72.2772 20.3961 56.5155 89.0056 17.2627 64.405 85.9593 46.4866 85.5102 52.6308 36.4005 29.5296 32.7567 42.107 46.0435 48.3322 65.4599 51.0882 97.1854 70.8802 72.2772 99.5691 57.0701 44.7772 5.3852 74.2159 90.2718 13.3417 77.1751 42.5793 59.4054 118.8108 45.8039 64.7765 72.9932 36.8917 77.801 25.5539 89.3588 11.1803 80.5233 75.0 78.2943 84.4038 95.0 86.764 76.922 89.4986 92.6553 69.9714 114.2804 59.6657 95.268 87.2353 9.2195 89.627 106.4519 21.0238 38.0132 45.2217 60.9016 112.4144 
22.561 31.0161 33.3017 54.4885 14.3178 20.5183 23.8537 48.9183 64.4438 49.2443 30.8707 45.6946 44.7772 70.4557 65.5134 37.9473 41.2311 76.0066 24.3311 74.3303 20.025 25.5539 20.0 31.1448 27.8029 75.0733 15.8114 28.4605 21.0238 58.5491 42.4382 21.0 35.9026 24.1868 74.411 0.0 21.3776 54.7449 68.4471 57.6281 43.4166 24.3516 67.1193 21.095 29.5296 65.1153 43.2782 21.9317 65.7875 47.8853 44.2945 59.4138 29.2062 70.0357 37.3363 25.0799 22.8035 70.0357 43.4166 27.6586 38.0 31.9061 72.1249 44.4185 65.5134 81.5659 13.4536 57.7235 16.1245 45.1774 31.3847 39.8121 40.3113 73.3894 15.8114 83.006 65.8635 70.9366 72.4224 52.5547 27.5862 73.736 62.6259 24.5967 19.8494 76.5572 20.3961 13.6015 42.0595 35.0571 25.318 31.7648 69.3542 17.2627 40.1123 68.7968 41.7852 64.3273 26.3059 38.9102 
36.7696 34.8281 18.4391 46.8188 8.2462 39.8246 9.0554 34.7851 54.2033 61.0574 25.2982 30.4138 45.0999 50.448 46.6154 17.0 47.5079 62.2415 8.544 53.1413 32.5576 9.0554 26.4008 36.1248 21.0238 66.6408 37.108 7.8102 37.8021 38.8973 54.6443 27.0185 18.4391 3.1623 66.2118 21.3776 0.0 33.3766 47.0744 46.6476 54.2033 23.0217 63.9531 2.0 50.3289 45.8803 26.8328 19.6469 48.5489 46.0435 43.0 64.5368 22.0907 50.5964 51.7397 29.1548 37.6962 48.6621 59.397 35.4683 17.4642 21.8403 62.6498 60.8276 46.0977 70.214 13.4164 39.3573 13.8924 55.3173 34.2053 18.4391 20.0 56.0803 36.4005 68.6222 46.2277 59.9083 51.264 31.7648 47.0106 52.8015 44.8219 20.5913 10.8167 55.9464 29.6816 8.0 49.5177 14.1421 46.0 52.5547 59.1692 27.2947 40.2492 55.2268 43.4166 45.31 39.0512 49.0408 
66.6483 59.2368 31.7805 51.8652 41.1096 72.111 34.2345 35.609 52.345 86.4523 45.1885 29.5466 61.6117 23.3452 25.0799 18.2483 71.1126 50.9902 32.6956 21.4009 62.1772 32.249 55.109 61.0983 41.2311 65.123 70.406 27.0 68.942 17.4642 82.2192 55.3173 25.4951 30.5941 65.192 54.7449 33.3766 0.0 13.9284 45.8912 79.3977 48.0833 71.4703 33.7343 83.2406 23.2594 28.3196 44.9444 32.0156 59.6825 58.2495 82.662 41.1096 25.807 80.1561 54.4059 68.593 15.2971 88.5099 62.6418 18.3576 37.4833 60.075 90.2109 25.0799 62.514 45.0111 23.0868 43.4626 81.1542 56.6392 15.0333 18.3848 37.1618 69.3758 54.7083 24.1868 55.0 19.8494 11.1803 79.1202 22.6716 30.4138 44.9222 39.2046 27.2029 59.0339 41.3038 73.8241 20.2485 79.1581 85.44 56.0803 57.5587 59.6825 46.1736 61.8466 23.7697 67.7422 75.6108 
80.4984 70.0928 42.7551 61.7738 54.5894 86.0349 47.0106 41.8808 60.0833 99.6393 55.7853 40.6079 73.6614 22.2036 28.1603 31.0644 81.2712 55.0818 46.6154 8.9443 76.0263 45.0111 67.2681 72.0347 54.6443 72.0347 84.1724 40.3113 82.8553 23.7697 93.3916 67.3647 38.833 44.3847 72.2772 68.4471 47.0744 13.9284 0.0 54.626 92.6175 59.6825 80.9568 47.5395 97.1236 26.1725 36.7696 58.6686 36.3456 71.218 70.1783 94.4934 54.4059 26.0768 93.8136 67.9559 81.0987 2.8284 102.2155 74.1485 32.2025 50.6063 66.9403 103.9423 22.8254 67.1863 58.1378 30.0832 57.3847 91.7606 69.814 28.6356 30.0666 39.0512 83.2406 57.1402 21.4709 61.3922 8.2462 18.6815 93.0484 12.1655 30.8058 56.5685 52.0096 17.2627 71.2531 54.9181 84.119 34.176 92.5419 99.3277 63.0635 70.0643 69.0797 51.788 74.2496 27.2947 81.4923 86.5852 
51.923 81.2712 61.3514 8.9443 52.8015 62.6259 55.0091 74.1485 7.6158 57.2713 71.5542 18.2483 27.4591 37.5366 29.0689 48.8365 93.8136 19.6469 38.2753 63.561 48.7032 54.1295 71.8401 82.4197 29.8329 20.6155 67.5352 48.4665 56.6127 30.8707 99.0051 72.6223 29.7321 44.2945 20.3961 57.6281 46.6476 45.8912 54.626 0.0 51.4782 69.6419 26.4197 44.9444 74.3303 30.6105 65.1153 35.805 22.0227 22.8035 24.1868 44.4185 28.4253 33.9411 58.0086 37.3363 79.9812 53.6656 66.0303 81.0555 36.6742 26.1725 16.1555 68.0294 70.859 24.0416 58.4123 24.5967 41.7732 100.6578 33.7343 44.4072 52.6118 26.4008 63.9766 26.9258 70.0357 13.4536 62.7694 55.1453 67.1863 66.4831 75.1066 67.2309 57.4543 71.5122 74.411 51.225 95.6033 39.2938 80.6226 75.9605 12.53 71.5052 86.8332 13.0384 30.1496 29.2062 50.01 94.2603 
21.0238 74.1687 72.0139 43.1045 52.5547 29.1204 61.7414 88.5664 54.0 7.0711 73.4983 54.1202 24.0832 83.672 75.7694 69.2026 83.0963 70.0286 49.2037 100.7671 23.5372 62.6099 63.2851 74.0608 38.2099 57.4891 39.0512 61.5873 24.1868 72.9452 80.05 64.2806 53.9073 54.9181 56.5155 43.4166 54.2033 79.3977 92.6175 51.4782 0.0 67.4685 41.2311 52.4786 35.2278 76.5572 81.0062 35.609 71.1688 29.0172 27.2947 20.6155 38.2884 81.1542 10.6301 25.6125 61.5224 93.0054 15.8114 70.0 61.5224 42.0119 57.5587 17.72 98.8585 68.7314 55.0818 68.4471 40.3113 84.3445 22.8035 68.0147 73.0068 77.1298 34.7131 77.0 98.7168 60.075 99.2472 82.8794 27.7849 101.9117 98.737 67.1863 59.808 106.0754 63.0317 50.6952 83.2947 60.8769 50.6952 35.609 57.1402 60.075 83.4865 64.2806 21.3776 75.2396 17.1172 78.7718 
46.8402 12.0416 17.0294 69.3542 17.72 43.909 15.6205 27.7849 77.1751 73.4983 7.0711 53.2635 64.7765 69.3181 67.1193 30.0832 24.7588 85.0412 31.3847 63.0079 43.9318 17.2047 8.544 13.6015 42.3792 89.4707 36.2353 23.6008 45.31 58.8303 34.176 8.2462 41.1096 25.6125 89.0056 24.3516 23.0217 48.0833 59.6825 69.6419 67.4685 0.0 85.44 24.6982 50.2494 66.0379 25.4951 38.833 70.2922 66.7083 63.3482 82.0061 43.6578 70.3278 61.6847 46.0435 22.561 61.9839 67.5426 14.5602 37.8021 44.2832 85.5862 68.4251 49.2443 93.2309 13.0384 60.6053 31.5753 33.6155 52.1536 34.4384 29.8329 77.6209 38.2753 91.2414 50.01 82.9277 61.0082 41.1947 50.4777 61.0737 44.0114 3.1623 12.2066 62.514 12.3693 19.6469 27.0185 34.2053 38.0789 52.345 82.1523 12.53 17.72 78.1025 62.3939 65.7343 50.448 27.7308 
52.3259 95.8593 81.3019 19.6469 67.72 63.6553 72.9932 96.0 22.6274 44.3847 89.0505 42.2019 22.8035 63.6003 55.2178 71.1126 107.5407 36.7151 55.5788 89.8999 51.0882 72.6911 85.235 96.566 43.1741 18.2483 71.5891 68.1836 57.28 57.2451 109.4166 86.1626 51.0882 62.514 17.2627 67.1193 63.9531 71.4703 80.9568 26.4197 41.2311 85.44 0.0 61.9839 73.4098 56.8595 87.0057 46.8188 47.634 19.2354 22.8254 25.0 41.9762 59.8164 51.0 42.19 89.6939 80.0625 57.0088 94.0213 59.3043 42.2966 20.6155 58.8727 96.0469 30.5941 72.7324 51.0 54.0833 112.2943 36.0555 67.3647 75.1665 50.2494 67.2681 42.1545 95.3362 25.5539 89.0505 79.8311 65.6049 92.7038 99.4636 83.678 73.9797 97.6934 86.8159 65.8027 108.7474 61.0737 84.9588 74.4043 22.4722 83.672 103.1601 34.0588 26.2488 55.4707 48.8365 106.0047 
35.3836 36.4005 20.3961 44.9444 8.9443 38.9102 11.0454 36.6879 52.4786 59.3633 27.2029 29.0 43.1045 50.01 45.8803 18.0278 49.0408 60.8112 6.7082 53.8516 31.1127 11.0454 27.6586 37.6431 19.0263 64.846 36.6742 9.2195 36.6197 38.3275 55.8032 28.3196 17.2047 3.1623 64.405 21.095 2.0 33.7343 47.5395 44.9444 52.4786 24.6982 61.9839 0.0 49.6488 45.2217 28.6356 17.72 47.5079 44.0454 41.0 62.5859 20.0998 50.0 50.2494 27.313 38.4838 49.0306 58.0 36.7967 17.1172 19.9249 60.9016 59.4643 47.4236 68.6003 14.4222 38.4838 12.2066 56.6392 32.28 18.9737 21.2603 55.0727 35.7351 67.2681 47.5079 58.2495 52.0 32.7567 46.0652 53.6656 46.4004 22.3607 12.53 56.9386 30.8058 8.2462 50.9902 14.0 46.0435 51.8652 57.4543 28.3019 42.0476 53.7587 41.4367 44.5982 37.5366 50.3289 
22.4722 51.4782 62.426 68.1542 43.8292 12.0416 53.3385 77.2334 79.4796 37.1618 57.3149 68.1175 51.6236 96.1873 90.0 67.2309 56.3205 93.9628 50.9902 103.465 25.7099 55.0727 42.8019 50.5371 48.0937 86.8332 14.2127 57.7754 17.72 84.214 49.0408 43.6005 61.2944 52.811 85.9593 29.5296 50.3289 83.2406 97.1236 74.3303 35.2278 50.2494 73.4098 49.6488 0.0 90.0222 72.4224 42.0119 88.3629 56.4358 53.2353 55.8032 49.163 95.0211 24.6982 37.108 34.176 98.4937 24.5153 45.618 65.5134 53.0848 85.4283 24.1868 95.0158 96.2549 42.4382 82.0 40.4475 54.231 40.8534 68.6222 69.7782 95.6347 13.9284 101.2423 95.3834 86.1626 101.5923 81.939 7.8102 103.0776 91.8368 51.6236 49.0918 106.0236 40.4969 42.9535 55.5428 63.0635 18.0278 2.2361 83.7735 38.6005 61.2944 87.0919 48.0208 89.0056 25.0599 49.8197 
69.7209 77.9359 51.7397 38.8973 54.0833 78.0577 50.6063 58.5235 34.8855 83.1925 64.8151 22.8035 54.3783 7.2111 2.0 36.8782 90.4434 29.0 40.7922 34.7131 65.4905 48.8774 71.5542 79.6116 42.2966 46.1736 79.3095 42.5441 73.3348 7.2111 99.7647 72.0069 29.2746 42.72 46.4866 65.1153 45.8803 23.2594 26.1725 30.6105 76.5572 66.0379 56.8595 45.2217 90.0222 0.0 50.6063 48.0937 10.198 50.8035 50.774 73.8783 41.4367 5.0 80.3617 55.109 83.5703 24.5153 88.8876 80.1311 28.6356 37.3363 41.1096 90.802 46.6905 41.0488 59.2368 8.2462 50.1597 99.6444 54.7083 32.0156 38.8973 13.9284 77.0584 31.7805 45.5412 35.4401 34.3657 34.4384 84.2912 38.3275 53.1601 62.9682 55.0091 43.4166 75.1532 53.4509 92.9139 32.2025 90.4268 92.0489 37.3363 73.0068 80.1561 25.7099 55.9464 1.4142 69.4262 93.6483 
62.8013 34.1321 10.0 68.1175 29.7321 63.7024 19.8494 9.0554 72.5672 87.818 20.0 46.8722 70.6116 51.6236 52.2015 16.2788 44.643 75.6439 33.2415 38.4708 58.8218 18.6011 33.9559 36.1248 46.3249 85.703 58.2495 19.9249 63.0317 43.8292 57.4282 33.7343 36.0555 26.5707 85.5102 43.2782 26.8328 28.3196 36.7696 65.1153 81.0062 25.4951 87.0057 28.6356 72.4224 50.6063 0.0 46.2385 57.8014 70.7107 68.0661 90.802 47.0744 53.8145 78.0064 55.9464 48.0521 39.3954 85.276 39.0128 28.4429 45.3982 81.0247 86.5563 23.7697 86.0349 30.0 47.8853 40.7063 55.3173 60.7454 20.8806 12.6491 64.0703 59.0339 80.5295 24.5153 76.922 36.4966 18.3576 70.8378 36.0555 19.4165 22.8035 23.4307 37.1214 37.855 31.241 47.5395 26.0768 62.7694 74.6324 77.1298 37.6431 32.311 69.6419 69.3758 50.8035 65.4599 50.4876 
22.1359 49.0408 38.0789 32.6497 21.2132 30.0 28.2843 54.4059 42.5206 42.638 43.1045 26.1725 26.0768 54.4518 48.0104 33.6006 60.8358 54.5894 13.6015 66.2873 17.72 28.6356 38.4838 49.7695 6.3246 53.2635 32.573 26.4008 25.318 42.5793 64.0312 39.3954 20.2485 19.6977 52.6308 21.9317 19.6469 44.9444 58.6686 35.805 35.609 38.833 46.8188 17.72 42.0119 48.0937 46.2385 0.0 46.5296 27.8927 24.5153 44.911 7.6158 53.0848 35.2278 10.0 44.5982 59.4811 43.566 47.4131 26.6271 11.1803 50.2096 45.2769 63.2535 59.6657 25.9615 40.0125 7.2801 66.2873 14.5602 32.5269 37.4433 53.9351 29.6142 61.7171 63.1269 49.0408 64.6375 47.3814 36.2215 67.0075 63.2851 37.3363 28.0179 70.9366 40.3113 19.2354 62.1772 25.4951 45.1885 44.0 47.4236 37.2156 56.5155 47.4131 24.0208 47.0425 22.8254 59.9083 
67.0 82.3286 57.4891 30.8058 56.4358 76.3217 54.6717 66.1891 25.2389 77.4919 70.0071 20.3961 47.927 16.1245 8.2462 42.8019 95.0158 19.105 42.0476 44.911 63.0317 53.1507 74.8866 83.8689 40.3113 36.0555 78.8543 46.7547 71.0634 14.5602 103.1746 75.452 30.4138 45.4863 36.4005 65.7875 48.5489 32.0156 36.3456 22.0227 71.1688 70.2922 47.634 47.5079 88.3629 10.198 57.8014 46.5296 0.0 43.8292 44.3847 66.2873 39.2046 12.2066 76.1183 52.0096 85.8836 34.7131 84.5281 83.8153 32.5576 35.3553 31.0161 86.4928 56.3205 31.0 61.9112 10.0 50.0 103.6002 50.4876 37.8021 45.4863 7.6158 76.1183 22.8473 55.2268 25.2982 44.5533 43.0116 82.0549 48.5077 62.3699 67.3573 58.6003 53.6004 78.2304 55.4707 97.3088 36.1248 90.802 90.2718 27.313 75.8024 85.5862 15.5242 49.98 9.0554 66.1211 97.4166 
34.4093 76.844 64.0312 14.1421 49.0306 45.8039 55.0818 79.511 25.02 34.5254 70.7107 30.6105 5.099 58.0086 49.6488 55.5428 88.3912 41.0122 38.0132 80.0 32.5576 55.0091 66.1287 77.4919 25.02 30.4138 53.0377 51.1566 39.4081 48.7955 90.2109 67.0671 36.0555 45.0111 29.5296 47.8853 46.0435 59.6825 71.218 22.8035 29.0172 66.7083 19.2354 44.0454 56.4358 50.8035 70.7107 27.8927 43.8292 0.0 3.6056 23.3452 24.0 54.9181 36.6742 23.0217 70.4911 70.9366 44.1814 74.8465 44.5982 25.318 29.4109 46.1736 82.8553 40.5216 53.8516 43.2782 35.171 93.0591 17.0294 52.4976 59.6657 49.0408 48.8365 48.0104 82.3468 31.257 78.8162 66.3099 48.7647 82.0975 85.0706 65.1153 55.5788 86.8217 67.624 47.0744 89.5545 45.607 66.4831 57.7062 28.4429 64.4748 84.4038 35.3553 8.544 49.4065 31.3847 86.7698 
31.0644 73.3757 61.131 16.0312 45.7056 42.4382 52.0096 76.7919 27.2947 33.2415 67.4759 29.6985 3.6056 57.9828 49.7393 53.1601 84.8646 43.0465 35.1283 78.8733 29.0689 52.0096 62.6259 74.0 22.0227 33.6155 49.5177 48.3735 36.0555 48.2701 86.6083 63.5689 34.0147 42.107 32.7567 44.2945 43.0 58.2495 70.1783 24.1868 27.2947 63.3482 22.8254 41.0 53.2353 50.774 68.0661 24.5153 44.3847 3.6056 0.0 24.4131 21.095 55.0727 34.2345 19.4165 66.888 70.0357 42.0119 71.3092 42.5441 22.8035 32.311 44.0114 80.9568 43.3244 50.448 43.0116 31.7805 89.4707 13.4536 50.3289 57.28 50.0 45.3431 50.1597 80.4984 33.7343 77.6209 64.405 45.618 80.8022 82.8734 61.8142 52.345 85.4459 64.0781 43.7379 86.0058 43.3244 62.9682 54.5619 31.0483 60.9262 81.0247 37.054 6.0 49.3964 28.178 83.1865 
