60
0.0 22.0907 6.0 55.5788 24.2074 63.7809 35.0 13.0384 18.2483 46.2385 46.8188 19.2354 3.6056 24.2074 56.356 27.5862 38.5876 47.0425 46.0652 55.7315 39.2938 30.0167 17.8885 54.037 50.4876 12.0416 21.095 34.7131 48.6004 43.8292 21.9317 12.8062 28.0 45.618 17.0294 51.0 50.8035 25.9422 47.1699 54.4059 46.669 59.4643 7.0711 51.6236 12.3693 58.6686 27.8568 34.6554 17.8045 55.0091 38.0132 22.561 25.0599 19.0 46.8615 54.8179 15.0333 60.4649 56.2939 48.5489 
22.0907 0.0 22.3607 33.541 18.3848 47.7074 19.9249 14.2127 27.5862 25.807 26.0768 19.8494 25.318 17.2627 36.8782 18.2483 21.095 25.318 39.0128 34.7851 37.9473 17.4642 19.799 41.7612 28.4429 15.6525 30.6105 35.3412 31.9061 24.7588 18.0278 16.1245 6.3246 39.0512 5.099 29.0689 33.8378 14.0357 29.0689 33.1059 32.8938 43.909 22.8473 37.6962 26.9258 39.6232 26.8328 23.0868 19.4165 35.4683 16.0312 3.0 14.0 3.6056 31.305 38.2753 26.4197 42.5206 34.4819 30.6105 
6.0 22.3607 0.0 55.0364 19.8494 60.0 31.7648 17.0294 24.1868 44.3847 45.1221 14.2127 8.544 28.3196 53.8516 23.6008 35.8469 47.676 40.8167 57.0088 33.5261 33.4215 12.8062 49.5177 50.01 8.544 15.1327 28.8617 45.2769 41.4367 26.4008 8.9443 28.6356 40.3113 17.72 51.3517 47.5079 29.2062 49.6488 52.9528 42.638 55.6058 13.0384 47.5079 6.7082 55.9464 22.3607 30.6105 22.8254 52.5547 38.3275 22.0227 28.4253 19.9249 43.2666 51.3128 9.0554 57.3062 55.3263 45.618 
55.5788 33.541 55.0364 0.0 41.4849 34.7131 29.9666 46.4866 58.1378 15.0 13.6015 46.8722 58.8558 42.72 18.6815 37.9473 25.0599 12.8062 47.3814 17.0 54.0833 37.0135 47.676 39.9625 5.099 47.0106 58.4637 54.5894 26.4008 20.0 45.2769 47.0425 28.1603 48.1041 38.6394 8.9443 26.0768 37.7359 27.313 8.544 33.3017 33.8378 56.0446 34.6699 58.1378 21.3776 48.4665 35.3553 49.1935 18.0278 18.3848 33.1361 38.5876 36.8782 29.0689 28.6356 56.4358 26.4764 4.0 22.8035 
24.2074 18.3848 19.8494 41.4849 0.0 40.2244 13.1529 26.3059 38.8973 28.0713 29.1548 6.3246 27.6586 34.2345 35.6931 4.1231 18.0278 38.2753 22.8035 48.8262 19.6469 35.7351 7.6158 29.8329 37.0 12.2066 17.1172 17.0 26.0 24.0208 34.0147 11.4018 23.0217 22.561 18.1108 40.7063 28.2312 32.0156 46.2277 37.1214 22.8035 35.805 29.5296 27.6586 19.3132 37.3631 8.6023 10.8167 33.2415 34.5254 29.2062 15.6525 31.7805 19.4165 23.7065 31.7648 16.4924 38.0789 40.6079 26.9258 
63.7809 47.7074 60.0 34.7131 40.2244 0.0 29.0 61.4003 75.0 25.4951 26.3059 46.3249 67.3573 63.9531 16.1245 36.4005 26.6271 44.0114 27.0185 51.4782 38.2099 61.0983 47.7074 14.0 35.0571 51.8556 54.231 41.7732 15.8114 23.7697 65.3682 51.225 46.5188 28.0179 51.4004 42.107 13.8924 59.5063 59.1354 26.3059 17.4929 4.4721 67.897 13.0 59.1692 13.3417 41.2311 29.4109 67.1193 17.0294 42.2019 45.2217 59.9333 51.0392 16.9706 9.434 55.9464 8.2462 30.8058 17.4642 
35.0 19.9249 31.7648 29.9666 13.1529 29.0 0.0 32.7567 46.3249 15.5242 16.7631 19.4165 38.6005 37.108 22.561 9.0554 5.099 29.8329 21.1896 40.3609 24.7588 36.0555 20.6155 21.8403 26.0768 23.3238 30.0 24.6982 13.6015 11.0454 37.9473 22.8254 21.0 21.5407 22.8254 31.1448 15.8114 33.3766 41.2311 24.5153 13.0 24.8395 38.8973 17.8885 32.28 24.3516 18.6815 5.6569 38.9102 21.3776 22.3607 17.088 33.541 22.8473 12.0416 19.8494 29.6142 25.5539 28.4605 13.9284 
13.0384 14.2127 17.0294 46.4866 26.3059 61.4003 32.7567 0.0 13.6015 40.0 40.2244 24.0832 14.8661 11.3137 51.0882 28.1603 34.8281 36.3456 49.0306 44.0454 45.0111 17.0 23.1948 54.1295 41.4367 16.2788 30.8707 41.1947 45.607 38.8973 9.434 17.2627 18.3848 48.8365 10.0 40.6079 47.634 13.0 34.4819 47.0106 45.6508 57.4282 10.0 50.6063 23.6008 53.8145 33.0151 34.5398 7.0 49.679 28.1603 16.2788 12.083 10.6301 44.6542 52.0096 25.0599 56.5862 47.927 44.5982 
18.2483 27.5862 24.1868 58.1378 38.8973 75.0 46.3249 13.6015 0.0 53.1507 53.2635 35.5106 17.088 16.2788 64.3817 41.2311 48.4149 46.8188 61.6847 52.7731 56.4358 23.1948 34.3657 67.5352 53.2353 27.4591 39.3192 52.1536 59.203 52.345 13.3417 28.4429 30.8058 61.4003 23.6008 51.264 61.2209 20.8806 41.0122 59.6406 59.1692 71.0282 11.1803 64.1405 30.5941 67.1789 44.5533 47.8539 8.9443 62.9682 39.8246 29.8329 19.9249 24.0832 58.2495 65.6049 33.2415 70.0928 60.0333 58.1378 
46.2385 25.807 44.3847 15.0 28.0713 25.4951 15.5242 40.0 53.1507 0.0 1.4142 34.0 49.7695 40.0 11.4018 24.1868 10.4403 19.4165 32.5576 28.6356 39.1152 36.2353 35.0143 26.5707 12.2066 35.9026 45.1774 39.8121 12.6491 5.0 41.8688 35.6931 22.6716 33.2415 30.5287 18.7883 13.1529 35.2278 34.0147 9.0554 18.868 23.0217 48.3735 21.1896 46.2709 14.4222 34.2053 20.6155 44.5533 10.0 16.7631 24.1868 35.805 29.4109 14.7648 17.0 44.0454 18.3848 13.0 9.2195 
46.8188 26.0768 45.1221 13.6015 29.1548 26.3059 16.7631 40.2244 53.2635 1.4142 0.0 35.0143 50.3289 39.8246 11.6619 25.318 11.7047 18.2483 33.9706 27.313 40.4969 35.8469 36.0 27.8568 10.8167 36.6742 46.2709 41.1461 13.9284 6.4031 41.7732 36.4966 22.6274 34.6554 30.8869 17.4642 14.3178 35.0 33.0 8.0 20.2485 24.0 48.7647 22.4722 47.1699 14.7648 35.4401 21.9317 44.5982 10.2956 16.1555 24.5967 35.609 29.6816 16.1245 18.0278 45.0111 18.9737 11.7047 10.4403 
19.2354 19.8494 14.2127 46.8722 6.3246 46.3249 19.4165 24.0832 35.5106 34.0 35.0143 0.0 22.4722 33.5261 41.9762 10.4403 24.1868 42.4853 26.8328 52.8394 21.0238 36.2353 1.4142 35.3553 42.2019 8.0623 11.7047 17.1172 32.311 30.1496 32.7567 7.0711 25.4951 26.4008 17.8885 45.31 34.5398 32.2025 48.7955 43.0116 28.8444 41.8808 25.2982 33.6006 13.0 43.6807 9.0554 17.0 31.0644 40.7922 33.121 17.6918 31.7805 19.7231 29.9666 38.0132 10.198 44.3847 46.2709 33.2415 
3.6056 25.318 8.544 58.8558 27.6586 67.3573 38.6005 14.8661 17.088 49.7695 50.3289 22.4722 0.0 25.5539 59.9416 31.1127 42.19 50.0 49.2443 58.4209 42.0595 31.7805 21.095 57.4891 53.7587 15.5563 23.0217 37.3631 52.2015 47.4131 23.0217 16.2788 31.0644 48.7647 20.2237 54.037 54.4059 27.8568 49.3356 57.8705 50.2096 63.0317 6.4031 55.1543 14.0 62.2656 30.8707 38.1838 18.4391 58.5918 41.1096 25.9615 26.9258 22.0907 50.448 58.4123 17.1172 64.0703 59.6657 52.1536 
24.2074 17.2627 28.3196 42.72 34.2345 63.9531 37.108 11.3137 16.2788 40.0 39.8246 33.5261 25.5539 0.0 51.4004 35.0 37.6962 30.8707 56.0357 36.4966 53.7587 7.0 32.8938 58.9406 38.0132 26.4008 41.6773 50.448 48.3322 40.3113 3.0 27.313 17.4929 56.0089 16.1245 35.3412 50.0899 5.0 25.0799 45.2769 50.0 60.4152 19.6977 54.7083 34.8281 54.4059 41.9762 40.3113 8.0623 50.0 24.8395 20.2237 4.2426 15.0 48.1041 54.5619 36.0555 57.9828 45.0 46.5296 
56.356 36.8782 53.8516 18.6815 35.6931 16.1245 22.561 51.0882 64.3817 11.4018 11.6619 41.9762 59.9416 51.4004 0.0 31.5753 18.0278 28.1603 32.6497 35.3553 41.7612 47.5079 43.1741 22.6274 19.0 45.31 52.2398 43.7379 11.4018 12.53 53.2635 44.9444 34.0588 33.541 41.4005 26.0192 9.8489 46.6154 43.4166 10.198 18.3848 15.2315 59.0762 17.8045 54.8179 3.1623 40.0 26.0192 55.8659 1.4142 27.7308 35.0 47.2017 40.4599 14.5602 10.6301 52.1728 8.0 14.8661 9.0 
27.5862 18.2483 23.6008 37.9473 4.1231 36.4005 9.0554 28.1603 41.2311 24.1868 25.318 10.4403 31.1127 35.0 31.5753 0.0 14.0 35.609 21.095 46.2277 20.1246 35.6931 11.7047 26.6271 33.6155 15.5563 21.0238 18.4391 21.9317 20.0 35.1283 14.8661 21.9317 21.0238 19.105 37.7359 24.1661 32.249 44.6542 33.2415 19.105 32.0156 32.45 24.0416 23.4094 33.2415 10.8167 7.0711 34.9285 30.4138 26.8701 15.2971 32.1403 20.0 19.7231 27.7849 20.6155 34.0147 36.8782 22.8035 
38.5876 21.095 35.8469 25.0599 18.0278 26.6271 5.099 34.8281 48.4149 10.4403 11.7047 24.1868 42.19 37.6962 18.0278 14.0 0.0 26.0768 24.1868 36.4005 29.2062 35.6931 25.318 22.0227 21.4009 27.313 35.0143 29.5296 10.8167 6.0 38.9102 26.9258 20.6155 24.6982 24.8395 26.9072 12.8062 33.5261 38.6005 19.4165 13.0 22.8254 41.8688 17.2627 36.8782 20.1246 23.7697 10.2956 40.4969 16.7631 19.6469 18.6011 33.8378 24.4131 10.4403 17.2047 34.3657 22.0227 23.4094 10.0 
47.0425 25.318 47.676 12.8062 38.2753 44.0114 29.8329 36.3456 46.8188 19.4165 18.2483 42.4853 50.0 30.8707 28.1603 35.609 26.0768 0.0 50.2494 10.6301 54.4885 24.6982 42.9535 45.8803 9.4868 40.5216 54.1295 53.8145 32.0156 23.4094 33.6155 40.8044 19.105 50.774 30.1496 4.4721 32.5576 26.0 15.2971 18.6815 37.6962 42.107 46.2709 40.5216 51.923 31.257 46.4004 35.4683 37.9473 27.074 9.4868 25.9615 26.9258 28.0713 33.8378 36.2215 50.9215 36.1248 16.1245 28.6356 
46.0652 39.0128 40.8167 47.3814 22.8035 27.0185 21.1896 49.0306 61.6847 32.5576 33.9706 26.8328 49.2443 56.0357 32.6497 21.095 24.1868 50.2494 0.0 60.4649 11.4018 56.2228 28.178 13.0384 44.6878 34.5398 30.4795 15.6525 21.6333 27.6586 56.2228 33.6155 41.5933 1.0 40.1995 50.8035 22.8254 53.0377 62.3939 39.8246 14.4222 23.0217 52.0 15.5242 37.6431 32.311 18.6011 16.2788 55.9017 32.249 43.4626 36.0139 53.0094 41.0488 18.6011 23.0868 34.0588 29.8329 44.6878 25.0 
55.7315 34.7851 57.0088 17.0 48.8262 51.4782 40.3609 44.0454 52.7731 28.6356 27.313 52.8394 58.4209 36.4966 35.3553 46.2277 36.4005 10.6301 60.4649 0.0 65.0692 29.6142 53.2353 55.1543 16.7631 50.3289 64.4127 64.4438 41.2311 33.121 39.4588 50.6952 28.4605 61.0328 39.2938 9.8489 41.4367 32.1403 13.6015 25.1794 47.4131 50.2195 54.037 49.7695 61.6847 38.2099 57.0088 46.0109 44.2832 34.5254 19.7231 35.8469 33.1361 37.108 43.382 44.643 60.9262 43.2897 21.0 37.6962 
39.2938 37.9473 33.5261 54.0833 19.6469 38.2099 24.7588 45.0111 56.4358 39.1152 40.4969 21.0238 42.0595 53.7587 41.7612 20.1246 29.2062 54.4885 11.4018 65.0692 0.0 55.3624 22.0907 24.3311 50.6063 29.0689 20.8087 5.0 30.3645 34.1321 53.3385 28.0713 42.0476 10.4403 37.6563 55.9017 32.0156 51.6624 64.6607 47.4131 23.5372 34.0588 45.8912 26.0192 29.0689 41.9762 12.0 19.105 52.0096 41.1096 46.4004 35.1141 51.4198 39.0512 27.2029 33.2415 25.4951 40.1995 51.9711 33.2415 
30.0167 17.4642 33.4215 37.0135 35.7351 61.0983 36.0555 17.0 23.1948 36.2353 35.8469 36.2353 31.7805 7.0 47.5079 35.6931 35.6931 24.6982 56.2228 29.6142 55.3624 0.0 35.8469 57.5587 32.5576 30.0 45.607 52.5547 45.8803 37.3363 10.0 30.8058 15.1327 56.3205 18.3576 29.1548 47.4342 4.2426 18.1108 40.4599 48.5077 57.8705 26.2488 52.9528 39.6232 50.6063 44.0114 40.05 15.0333 46.1411 20.0 20.3961 5.0 16.5529 46.0977 51.8652 40.3609 54.5619 39.6232 43.6578 
17.8885 19.799 12.8062 47.676 7.6158 47.7074 20.6155 23.1948 34.3657 35.0143 36.0 1.4142 21.095 32.8938 43.1741 11.7047 25.318 42.9535 28.178 53.2353 22.0907 35.8469 0.0 36.7696 42.9535 7.0 11.1803 18.0278 33.6155 31.257 32.0156 6.0 25.6125 27.7308 17.4929 45.8803 35.8469 31.7648 48.8365 44.0 30.2324 43.2666 24.0416 35.0 11.7047 44.9222 10.198 18.3576 30.1496 41.9762 33.541 17.8045 31.305 19.4165 31.305 39.3573 9.0554 45.6946 47.1699 34.4819 
54.037 41.7612 49.5177 39.9625 29.8329 14.0 21.8403 54.1295 67.5352 26.5707 27.8568 35.3553 57.4891 58.9406 22.6274 26.6271 22.0227 45.8803 13.0384 55.1543 24.3311 57.5587 36.7696 0.0 38.4838 42.0119 41.6773 28.1603 13.9284 22.561 59.7746 41.2311 42.4264 14.0357 44.3847 45.31 13.8924 55.109 59.8415 31.6228 9.0554 10.198 59.0762 5.3852 47.634 21.4009 28.8444 19.7231 60.5392 22.6716 41.1947 38.8973 55.3173 44.5982 12.1655 12.0416 44.2041 17.8885 36.6197 17.4642 
50.4876 28.4429 50.01 5.099 37.0 35.0571 26.0768 41.4367 53.2353 12.2066 10.8167 42.2019 53.7587 38.0132 19.0 33.6155 21.4009 9.4868 44.6878 16.7631 50.6063 32.5576 42.9535 38.4838 0.0 42.0476 53.8516 50.774 24.5967 17.0294 40.4969 42.107 23.0868 45.3431 33.541 7.0711 24.6982 33.0151 24.7386 9.2195 31.0644 33.541 50.9608 33.1059 53.2353 22.0227 44.2832 31.6228 44.2945 18.0278 13.4164 28.0713 33.8378 31.7805 26.9258 27.8927 51.6236 27.0 7.0711 21.0238 
12.0416 15.6525 8.544 47.0106 12.2066 51.8556 23.3238 16.2788 27.4591 35.9026 36.6742 8.0623 15.5563 26.4008 45.31 15.5563 27.313 40.5216 34.5398 50.3289 29.0689 30.0 7.0 42.0119 42.0476 0.0 15.6205 25.02 36.8917 32.8938 25.2982 1.0 21.9317 34.176 12.0416 43.9318 39.1152 25.807 44.4072 44.5533 34.6554 47.5079 17.4642 39.598 11.4018 47.4236 17.1172 22.6274 23.1948 44.0114 31.0483 14.5602 25.2389 14.2127 35.0 43.0116 10.8167 48.8774 47.0956 37.1214 
21.095 30.6105 15.1327 58.4637 17.1172 54.231 30.0 30.8707 39.3192 45.1774 46.2709 11.7047 23.0217 41.6773 52.2398 21.0238 35.0143 54.1295 30.4795 64.4127 20.8087 45.607 11.1803 41.6773 53.8516 15.6205 0.0 15.8114 41.7732 41.0122 40.2492 14.8661 36.6197 29.7321 27.5862 57.0088 43.9318 41.4005 59.6657 54.231 37.0 49.7695 28.1603 41.2311 9.0554 53.6004 13.0 26.3059 37.3363 51.1566 44.7214 28.8444 40.8044 29.6985 39.0512 46.8402 6.0828 53.6004 57.7062 43.2897 
34.7131 35.3412 28.8617 54.5894 17.0 41.7732 24.6982 41.1947 52.1536 39.8121 41.1461 17.1172 37.3631 50.448 43.7379 18.4391 29.5296 53.8145 15.6525 64.4438 5.0 52.5547 18.0278 28.1603 50.774 25.02 15.8114 0.0 32.3883 34.9285 49.8197 24.0208 39.9625 14.7648 34.4819 55.6058 34.2345 48.7032 63.0079 48.4665 26.0192 37.4833 41.4367 29.1548 24.1661 44.2832 8.544 19.2354 48.1664 42.9535 45.2769 32.6497 48.3839 36.0555 29.2746 36.0 20.6155 43.0 52.8015 34.9285 
48.6004 31.9061 45.2769 26.4008 26.0 15.8114 13.6015 45.607 59.203 12.6491 13.9284 32.311 52.2015 48.3322 11.4018 21.9317 10.8167 32.0156 21.6333 41.2311 30.3645 45.8803 33.6155 13.9284 24.5967 36.8917 41.7732 32.3883 0.0 9.0 49.6488 36.3593 31.0161 22.4722 35.609 31.3847 2.2361 44.0114 46.2709 18.3848 7.2111 12.083 52.345 8.544 45.31 12.0 29.1548 15.5242 51.3128 10.7703 28.0179 29.4109 44.3847 35.2278 3.1623 6.4031 42.3792 12.083 23.3452 3.6056 
43.8292 24.7588 41.4367 20.0 24.0208 23.7697 11.0454 38.8973 52.345 5.0 6.4031 30.1496 47.4131 40.3113 12.53 20.0 6.0 23.4094 27.6586 33.121 34.1321 37.3363 31.257 22.561 17.0294 32.8938 41.0122 34.9285 9.0 0.0 41.8808 32.573 22.8254 28.3196 29.0689 23.3238 10.198 35.7771 37.3363 13.6015 14.3178 20.6155 46.6154 17.2627 42.7551 15.0 29.6142 15.8114 44.0454 11.1803 19.0263 22.6716 36.2353 28.2843 10.4403 14.5602 40.3113 17.8045 17.8885 6.3246 
21.9317 18.0278 26.4008 45.2769 34.0147 65.3682 37.9473 9.434 13.3417 41.8688 41.7732 32.7567 23.0217 3.0 53.2635 35.1283 38.9102 33.6155 56.2228 39.4588 53.3385 10.0 32.0156 59.7746 40.4969 25.2982 40.2492 49.8197 49.6488 41.8808 0.0 26.2488 19.2094 56.1427 16.0312 38.0789 51.4782 7.6158 28.0713 47.5079 50.9215 61.7171 17.0 55.7136 33.0151 56.2228 41.4367 40.7922 5.099 51.8556 27.2029 20.8806 6.7082 15.2971 49.2443 55.9464 34.4819 59.6406 47.4342 48.0208 
12.8062 16.1245 8.9443 47.0425 11.4018 51.225 22.8254 17.2627 28.4429 35.6931 36.4966 7.0711 16.2788 27.313 44.9444 14.8661 26.9258 40.8044 33.6155 50.6952 28.0713 30.8058 6.0 41.2311 42.107 1.0 14.8661 24.0208 36.3593 32.573 26.2488 0.0 22.3607 33.2415 12.7279 44.1475 38.5876 26.6271 45.0 44.4072 33.9706 46.8615 18.3848 38.8973 11.1803 47.0106 16.1245 21.9317 24.1868 43.6578 31.3209 14.8661 26.0768 14.8661 34.4093 42.4382 10.2956 48.3735 47.0425 36.6742 
28.0 6.3246 28.6356 28.1603 23.0217 46.5188 21.0 18.3848 30.8058 22.6716 22.6274 25.4951 31.0644 17.4929 34.0588 21.9317 20.6155 19.105 41.5933 28.4605 42.0476 15.1327 25.6125 42.4264 23.0868 21.9317 36.6197 39.9625 31.0161 22.8254 19.2094 22.3607 0.0 41.7732 11.0454 23.0 32.6956 13.0 23.3452 28.8444 33.3766 43.0813 27.8927 37.855 33.2415 37.0135 31.6228 25.318 22.0227 32.6497 10.0499 7.8102 13.4164 9.0 31.0483 37.1618 32.6497 40.4969 29.5466 29.0689 
45.618 39.0512 40.3113 48.1041 22.561 28.0179 21.5407 48.8365 61.4003 33.2415 34.6554 26.4008 48.7647 56.0089 33.541 21.0238 24.6982 50.774 1.0 61.0328 10.4403 56.3205 27.7308 14.0357 45.3431 34.176 29.7321 14.7648 22.4722 28.3196 56.1427 33.2415 41.7732 0.0 40.1123 51.4004 23.7065 53.0848 62.7694 40.6079 15.2643 24.0208 51.6236 16.4924 37.0135 33.2415 18.0278 16.4924 55.7315 33.121 43.8634 36.0555 53.0377 41.0122 19.4165 24.0416 33.4215 30.8058 45.4533 25.807 
17.0294 5.099 17.72 38.6394 18.1108 51.4004 22.8254 10.0 23.6008 30.5287 30.8869 17.8885 20.2237 16.1245 41.4005 19.105 24.8395 30.1496 40.1995 39.2938 37.6563 18.3576 17.4929 44.3847 33.541 12.0416 27.5862 34.4819 35.609 29.0689 16.0312 12.7279 11.0454 40.1123 0.0 34.0147 37.6431 14.3178 32.45 38.0789 35.7771 47.4342 17.8885 40.7063 22.8254 44.0454 25.9615 25.0 16.1555 40.0 21.0 6.4031 13.9284 2.2361 34.6699 42.0119 22.8035 46.669 39.5601 34.6554 
51.0 29.0689 51.3517 8.9443 40.7063 42.107 31.1448 40.6079 51.264 18.7883 17.4642 45.31 54.037 35.3412 26.0192 37.7359 26.9072 4.4721 50.8035 9.8489 55.9017 29.1548 45.8803 45.31 7.0711 43.9318 57.0088 55.6058 31.3847 23.3238 38.0789 44.1475 23.0 51.4004 34.0147 0.0 31.6228 30.4631 18.3848 16.0312 37.5899 40.6079 50.4876 39.9249 55.3173 29.0 48.5489 36.7967 42.3792 25.0799 13.0384 29.4279 31.3847 32.0 33.541 34.9285 54.1202 34.0147 12.6491 27.8568 
50.8035 33.8378 47.5079 26.0768 28.2312 13.8924 15.8114 47.634 61.2209 13.1529 14.3178 34.5398 54.4059 50.0899 9.8489 24.1661 12.8062 32.5576 22.8254 41.4367 32.0156 47.4342 35.8469 13.8924 24.6982 39.1152 43.9318 34.2345 2.2361 10.198 51.4782 38.5876 32.6956 23.7065 37.6431 31.6228 0.0 45.6946 47.0956 17.8045 8.544 10.4403 54.4885 8.6023 47.5395 10.0499 31.257 17.72 53.2541 9.434 29.1548 31.4006 46.0977 37.2022 5.0 4.4721 44.5982 9.8489 22.8035 4.0 
25.9422 14.0357 29.2062 37.7359 32.0156 59.5063 33.3766 13.0 20.8806 35.2278 35.0 32.2025 27.8568 5.0 46.6154 32.249 33.5261 26.0 53.0377 32.1403 51.6624 4.2426 31.7648 55.109 33.0151 25.807 41.4005 48.7032 44.0114 35.7771 7.6158 26.6271 13.0 53.0848 14.3178 30.4631 45.6946 0.0 21.587 40.3113 46.0977 56.0803 22.561 50.6952 35.3836 49.6488 40.1622 37.0135 12.1655 45.2217 19.8494 17.0294 1.0 12.6491 43.9659 50.1597 36.1248 53.3385 40.0 42.0476 
47.1699 29.0689 49.6488 27.313 46.2277 59.1354 41.2311 34.4819 41.0122 34.0147 33.0 48.7955 49.3356 25.0799 43.4166 44.6542 38.6005 15.2971 62.3939 13.6015 64.6607 18.1108 48.8365 59.8415 24.7386 44.4072 59.6657 63.0079 46.2709 37.3363 28.0713 45.0 23.3452 62.7694 32.45 18.3848 47.0956 21.587 0.0 33.9559 51.1957 57.0 44.1475 54.5894 55.2268 46.5296 54.8179 46.5188 33.1361 42.2966 18.9737 31.1127 22.561 30.2324 47.676 51.0098 55.2178 51.3517 31.0161 43.1045 
54.4059 33.1059 52.9528 8.544 37.1214 26.3059 24.5153 47.0106 59.6406 9.0554 8.0 43.0116 57.8705 45.2769 10.198 33.2415 19.4165 18.6815 39.8246 25.1794 47.4131 40.4599 44.0 31.6228 9.2195 44.5533 54.231 48.4665 18.3848 13.6015 47.5079 44.4072 28.8444 40.6079 38.0789 16.0312 17.8045 40.3113 33.9559 0.0 25.4951 25.2982 55.9464 26.4008 55.1453 13.0384 43.1741 29.4109 50.8035 9.4868 20.5183 31.9531 41.0366 36.6742 21.2603 20.1246 53.0094 18.1108 5.0 14.8661 
46.669 32.8938 42.638 33.3017 22.8035 17.4929 13.0 45.6508 59.1692 18.868 20.2485 28.8444 50.2096 50.0 18.3848 19.105 13.0 37.6962 14.4222 47.4131 23.5372 48.5077 30.2324 9.0554 31.0644 34.6554 37.0 26.0192 7.2111 14.3178 50.9215 33.9706 33.3766 15.2643 35.7771 37.5899 8.544 46.0977 51.1957 25.4951 0.0 13.0384 51.225 5.0 41.6773 18.4391 24.0416 12.0416 51.8941 17.8885 32.3883 30.0832 46.3249 35.8469 4.2426 10.0499 38.4708 17.0294 30.4138 10.6301 
59.4643 43.909 55.6058 33.8378 35.805 4.4721 24.8395 57.4282 71.0282 23.0217 24.0 41.8808 63.0317 60.4152 15.2315 32.0156 22.8254 42.107 23.0217 50.2195 34.0588 57.8705 43.2666 10.198 33.541 47.5079 49.7695 37.4833 12.083 20.6155 61.7171 46.8615 43.0813 24.0208 47.4342 40.6079 10.4403 56.0803 57.0 25.2982 13.0384 0.0 63.7024 8.544 54.7083 13.0384 36.7696 25.0 63.2851 15.8114 39.4588 41.3401 56.4624 47.1699 12.8062 6.0828 51.4782 8.4853 30.0832 14.3178 
7.0711 22.8473 13.0384 56.0446 29.5296 67.897 38.8973 10.0 11.1803 48.3735 48.7647 25.2982 6.4031 19.6977 59.0762 32.45 41.8688 46.2709 52.0 54.037 45.8912 26.2488 24.0416 59.0762 50.9608 17.4642 28.1603 41.4367 52.345 46.6154 17.0 18.3848 27.8927 51.6236 17.8885 50.4876 54.4885 22.561 44.1475 55.9464 51.225 63.7024 0.0 56.2228 19.4165 61.6117 34.2053 39.4081 12.2066 57.6888 37.855 24.1868 21.587 19.3132 50.9313 58.6941 22.0907 63.8905 57.2451 51.8556 
51.6236 37.6962 47.5079 34.6699 27.6586 13.0 17.8885 50.6063 64.1405 21.1896 22.4722 33.6006 55.1543 54.7083 17.8045 24.0416 17.2627 40.5216 15.5242 49.7695 26.0192 52.9528 35.0 5.3852 33.1059 39.598 41.2311 29.1548 8.544 17.2627 55.7136 38.8973 37.855 16.4924 40.7063 39.9249 8.6023 50.6952 54.5894 26.4008 5.0 8.544 56.2228 0.0 46.3249 17.0 28.2312 16.9706 56.7979 17.6918 36.0555 34.9285 50.9608 40.7185 7.0 7.6158 43.0465 14.3178 31.4006 12.083 
12.3693 26.9258 6.7082 58.1378 19.3132 59.1692 32.28 23.6008 30.5941 46.2709 47.1699 13.0 14.0 34.8281 54.8179 23.4094 36.8782 51.923 37.6431 61.6847 29.0689 39.6232 11.7047 47.634 53.2353 11.4018 9.0554 24.1661 45.31 42.7551 33.0151 11.1803 33.2415 37.0135 22.8254 55.3173 47.5395 35.3836 55.2268 55.1453 41.6773 54.7083 19.4165 46.3249 0.0 56.6127 19.105 29.9666 29.5296 53.6004 42.45 25.9615 34.6554 25.0599 42.9535 50.9902 3.6056 57.3847 58.0 46.1736 
58.6686 39.6232 55.9464 21.3776 37.3631 13.3417 24.3516 53.8145 67.1789 14.4222 14.7648 43.6807 62.2656 54.4059 3.1623 33.2415 20.1246 31.257 32.311 38.2099 41.9762 50.6063 44.9222 21.4009 22.0227 47.4236 53.6004 44.2832 12.0 15.0 56.2228 47.0106 37.0135 33.2415 44.0454 29.0 10.0499 49.6488 46.5296 13.0384 18.4391 13.0384 61.6117 17.0 56.6127 0.0 41.1096 27.2947 58.7282 4.4721 30.8707 37.6431 50.2195 43.1856 15.0333 9.434 53.8516 5.099 17.4642 10.4403 
27.8568 26.8328 22.3607 48.4665 8.6023 41.2311 18.6815 33.0151 44.5533 34.2053 35.4401 9.0554 30.8707 41.9762 40.0 10.8167 23.7697 46.4004 18.6011 57.0088 12.0 44.0114 10.198 28.8444 44.2832 17.1172 13.0 8.544 29.1548 29.6142 41.4367 16.1245 31.6228 18.0278 25.9615 48.5489 31.257 40.1622 54.8179 43.1741 24.0416 36.7696 34.2053 28.2312 19.105 41.1096 0.0 14.0357 40.0125 39.0128 37.5366 24.1868 39.8497 27.5136 26.3059 33.9559 15.5563 40.7922 47.1275 31.0 
34.6554 23.0868 30.6105 35.3553 10.8167 29.4109 5.6569 34.5398 47.8539 20.6155 21.9317 17.0 38.1838 40.3113 26.0192 7.0711 10.2956 35.4683 16.2788 46.0109 19.105 40.05 18.3576 19.7231 31.6228 22.6274 26.3059 19.2354 15.5242 15.8114 40.7922 21.9317 25.318 16.4924 25.0 36.7967 17.72 37.0135 46.5188 29.4109 12.0416 25.0 39.4081 16.9706 29.9666 27.2947 14.0357 0.0 41.1096 25.0 27.7849 20.0998 37.054 25.4951 13.0 21.0238 26.9258 27.5136 33.6155 17.0294 
17.8045 19.4165 22.8254 49.1935 33.2415 67.1193 38.9102 7.0 8.9443 44.5533 44.5982 31.0644 18.4391 8.0623 55.8659 34.9285 40.4969 37.9473 55.9017 44.2832 52.0096 15.0333 30.1496 60.5392 44.2945 23.1948 37.3363 48.1664 51.3128 44.0454 5.099 24.1868 22.0227 55.7315 16.1555 42.3792 53.2541 12.1655 33.1361 50.8035 51.8941 63.2851 12.2066 56.7979 29.5296 58.7282 40.0125 41.1096 0.0 54.4518 30.8869 21.9545 11.1803 16.1245 50.6063 57.6888 31.3847 61.8466 51.1077 50.0 
55.0091 35.4683 52.5547 18.0278 34.5254 17.0294 21.3776 49.679 62.9682 10.0 10.2956 40.7922 58.5918 50.0 1.4142 30.4138 16.7631 27.074 32.249 34.5254 41.1096 46.1411 41.9762 22.6716 18.0278 44.0114 51.1566 42.9535 10.7703 11.1803 51.8556 43.6578 32.6497 33.121 40.0 25.0799 9.434 45.2217 42.2966 9.4868 17.8885 15.8114 57.6888 17.6918 53.6004 4.4721 39.0128 25.0 54.4518 0.0 26.4008 33.6006 45.8039 39.0512 13.9284 10.8167 50.9902 9.0554 14.3178 8.0623 
38.0132 16.0312 38.3275 18.3848 29.2062 42.2019 22.3607 28.1603 39.8246 16.7631 16.1555 33.121 41.1096 24.8395 27.7308 26.8701 19.6469 9.4868 43.4626 19.7231 46.4004 20.0 33.541 41.1947 13.4164 31.0483 44.7214 45.2769 28.0179 19.0263 27.2029 31.3209 10.0499 43.8634 21.0 13.0384 29.1548 19.8494 18.9737 20.5183 32.3883 39.4588 37.855 36.0555 42.45 30.8707 37.5366 27.7849 30.8869 26.4008 0.0 16.4924 20.6155 19.0263 29.0689 33.3766 41.4367 35.1141 20.2485 25.1794 
22.561 3.0 22.0227 33.1361 15.6525 45.2217 17.088 16.2788 29.8329 24.1868 24.5967 17.6918 25.9615 20.2237 35.0 15.2971 18.6011 25.9615 36.0139 35.8469 35.1141 20.3961 17.8045 38.8973 28.0713 14.5602 28.8444 32.6497 29.4109 22.6716 20.8806 14.8661 7.8102 36.0555 6.4031 29.4279 31.4006 17.0294 31.1127 31.9531 30.0832 41.3401 24.1868 34.9285 25.9615 37.6431 24.1868 20.0998 21.9545 33.6006 16.4924 0.0 17.0 5.831 28.6531 35.805 25.0799 40.3113 33.7343 28.3196 
25.0599 14.0 28.4253 38.5876 31.7805 59.9333 33.541 12.083 19.9249 35.805 35.609 31.7805 26.9258 4.2426 47.2017 32.1403 33.8378 26.9258 53.0094 33.1361 51.4198 5.0 31.305 55.3173 33.8378 25.2389 40.8044 48.3839 44.3847 36.2353 6.7082 26.0768 13.4164 53.0377 13.9284 31.3847 46.0977 1.0 22.561 41.0366 46.3249 56.4624 21.587 50.9608 34.6554 50.2195 39.8497 37.054 11.1803 45.8039 20.6155 17.0 0.0 12.3693 44.2719 50.5668 35.4683 53.8516 40.8044 42.4853 
19.0 3.6056 19.9249 36.8782 19.4165 51.0392 22.8473 10.6301 24.0832 29.4109 29.6816 19.7231 22.0907 15.0 40.4599 20.0 24.4131 28.0713 41.0488 37.108 39.0512 16.5529 19.4165 44.5982 31.7805 14.2127 29.6985 36.0555 35.2278 28.2843 15.2971 14.8661 9.0 41.0122 2.2361 32.0 37.2022 12.6491 30.2324 36.6742 35.8469 47.1699 19.3132 40.7185 25.0599 43.1856 27.5136 25.4951 16.1245 39.0512 19.0263 5.831 12.3693 0.0 34.4819 41.6173 25.0 46.0109 37.9473 34.0588 
46.8615 31.305 43.2666 29.0689 23.7065 16.9706 12.0416 44.6542 58.2495 14.7648 16.1245 29.9666 50.448 48.1041 14.5602 19.7231 10.4403 33.8378 18.6011 43.382 27.2029 46.0977 31.305 12.1655 26.9258 35.0 39.0512 29.2746 3.1623 10.4403 49.2443 34.4093 31.0483 19.4165 34.6699 33.541 5.0 43.9659 47.676 21.2603 4.2426 12.8062 50.9313 7.0 42.9535 15.0333 26.3059 13.0 50.6063 13.9284 29.0689 28.6531 44.2719 34.4819 0.0 8.0623 39.9249 14.5602 26.1725 6.4031 
54.8179 38.2753 51.3128 28.6356 31.7648 9.434 19.8494 52.0096 65.6049 17.0 18.0278 38.0132 58.4123 54.5619 10.6301 27.7849 17.2047 36.2215 23.0868 44.643 33.2415 51.8652 39.3573 12.0416 27.8927 43.0116 46.8402 36.0 6.4031 14.5602 55.9464 42.4382 37.1618 24.0416 42.0119 34.9285 4.4721 50.1597 51.0098 20.1246 10.0499 6.0828 58.6941 7.6158 50.9902 9.434 33.9559 21.0238 57.6888 10.8167 33.3766 35.805 50.5668 41.6173 8.0623 0.0 47.927 7.0 25.0599 8.2462 
15.0333 26.4197 9.0554 56.4358 16.4924 55.9464 29.6142 25.0599 33.2415 44.0454 45.0111 10.198 17.1172 36.0555 52.1728 20.6155 34.3657 50.9215 34.0588 60.9262 25.4951 40.3609 9.0554 44.2041 51.6236 10.8167 6.0828 20.6155 42.3792 40.3113 34.4819 10.2956 32.6497 33.4215 22.8035 54.1202 44.5982 36.1248 55.2178 53.0094 38.4708 51.4782 22.0907 43.0465 3.6056 53.8516 15.5563 26.9258 31.3847 50.9902 41.4367 25.0799 35.4683 25.0 39.9249 47.927 0.0 54.4243 56.0803 43.4166 
60.4649 42.5206 57.3062 26.4764 38.0789 8.2462 25.5539 56.5862 70.0928 18.3848 18.9737 44.3847 64.0703 57.9828 8.0 34.0147 22.0227 36.1248 29.8329 43.2897 40.1995 54.5619 45.6946 17.8885 27.0 48.8774 53.6004 43.0 12.083 17.8045 59.6406 48.3735 40.4969 30.8058 46.669 34.0147 9.8489 53.3385 51.3517 18.1108 17.0294 8.4853 63.8905 14.3178 57.3847 5.099 40.7922 27.5136 61.8466 9.0554 35.1141 40.3113 53.8516 46.0109 14.5602 7.0 54.4243 0.0 22.561 12.0416 
56.2939 34.4819 55.3263 4.0 40.6079 30.8058 28.4605 47.927 60.0333 13.0 11.7047 46.2709 59.6657 45.0 14.8661 36.8782 23.4094 16.1245 44.6878 21.0 51.9711 39.6232 47.1699 36.6197 7.0711 47.0956 57.7062 52.8015 23.3452 17.8885 47.4342 47.0425 29.5466 45.4533 39.5601 12.6491 22.8035 40.0 31.0161 5.0 30.4138 30.0832 57.2451 31.4006 58.0 17.4642 47.1275 33.6155 51.1077 14.3178 20.2485 33.7343 40.8044 37.9473 26.1725 25.0599 56.0803 22.561 0.0 19.799 
48.5489 30.6105 45.618 22.8035 26.9258 17.4642 13.9284 44.5982 58.1378 9.2195 10.4403 33.2415 52.1536 46.5296 9.0 22.8035 10.0 28.6356 25.0 37.6962 33.2415 43.6578 34.4819 17.4642 21.0238 37.1214 43.2897 34.9285 3.6056 6.3246 48.0208 36.6742 29.0689 25.807 34.6554 27.8568 4.0 42.0476 43.1045 14.8661 10.6301 14.3178 51.8556 12.083 46.1736 10.4403 31.0 17.0294 50.0 8.0623 25.1794 28.3196 42.4853 34.0588 6.4031 8.2462 43.4166 12.0416 19.799 0.0 
