25
0.0 2.2361 11.6619 9.434 9.2195 13.0 10.0 13.8924 10.198 14.4222 11.1803 12.2066 4.4721 9.2195 11.3137 4.1231 6.4031 12.8062 12.0 4.2426 15.6205 14.8661 6.3246 7.2111 2.8284 
2.2361 0.0 10.6301 7.6158 8.9443 14.1421 12.0416 13.9284 8.544 16.6433 11.4018 12.7279 6.7082 7.6158 10.8167 2.8284 4.2426 13.4536 10.0499 6.4031 17.6918 12.7279 6.4031 9.434 5.0 
11.6619 10.6301 0.0 14.8661 4.1231 12.2066 16.1245 6.7082 4.0 22.0907 21.9317 23.3452 14.5602 4.1231 2.8284 7.8102 11.1803 24.0832 6.3246 13.3417 20.8806 16.0312 16.9706 16.1245 12.6491 
9.434 7.6158 14.8661 0.0 15.0333 21.587 19.4165 20.0998 11.1803 23.3452 10.198 12.1655 13.4536 10.7703 16.2788 9.0554 4.0 13.1529 10.6301 13.6015 25.0 6.3246 7.2801 16.2788 12.2066 
9.2195 8.9443 4.1231 15.0333 0.0 8.4853 12.0416 5.099 6.4031 18.0278 20.2485 21.4009 11.1803 5.831 2.2361 6.3246 11.0454 22.0227 9.2195 9.8489 16.7631 17.72 15.2643 12.3693 9.434 
13.0 14.1421 12.2066 21.587 8.4853 0.0 7.8102 7.0711 14.8661 13.0 23.5372 24.0416 11.7047 14.2127 9.434 12.6491 17.72 24.3516 17.6918 10.4403 10.0499 25.4951 19.105 10.8167 11.1803 
10.0 12.0416 16.1245 19.4165 12.0416 7.8102 0.0 13.6015 17.088 6.0 18.0278 18.0278 6.3246 16.1555 14.0 12.2066 16.2788 18.1108 19.6977 5.831 5.6569 24.7588 14.5602 4.0 7.2111 
13.8924 13.9284 6.7082 20.0998 5.099 7.0711 13.6015 0.0 10.4403 19.4165 25.0599 26.0768 14.8661 10.198 4.1231 11.4018 16.1245 26.6271 13.0 13.4536 17.0 22.3607 20.1246 15.2643 13.4536 
10.198 8.544 4.0 11.1803 6.4031 14.8661 17.088 10.4403 0.0 22.8035 19.2094 20.8087 14.0 1.0 6.3246 6.0828 7.8102 21.6333 2.8284 13.0384 22.3607 12.0416 14.4222 16.1245 12.0 
14.4222 16.6433 22.0907 23.3452 18.0278 13.0 6.0 19.4165 22.8035 0.0 19.3132 18.6815 10.0 21.8403 20.0 17.4642 20.8087 18.4391 25.2982 10.2956 4.4721 29.2062 17.2047 7.2111 11.6619 
11.1803 11.4018 21.9317 10.198 20.2485 23.5372 18.0278 25.0599 19.2094 19.3132 0.0 2.0 12.0416 18.4391 22.2036 14.2127 11.6619 3.0 19.7231 13.1529 22.561 16.0 5.0 14.0357 12.3693 
12.2066 12.7279 23.3452 12.1655 21.4009 24.0416 18.0278 26.0768 20.8087 18.6815 2.0 0.0 12.3693 20.0 23.4307 15.5563 13.4164 1.0 21.4709 13.6015 22.2036 18.0 6.4031 14.0357 13.0 
4.4721 6.7082 14.5602 13.4536 11.1803 11.7047 6.3246 14.8661 14.0 10.0 12.0416 12.3693 0.0 13.0 13.4164 8.0623 10.8167 12.6491 16.1245 1.4142 11.6619 19.2094 8.2462 2.8284 2.0 
9.2195 7.6158 4.1231 10.7703 5.831 14.2127 16.1555 10.198 1.0 21.8403 18.4391 20.0 13.0 0.0 6.0828 5.099 7.2111 20.8087 3.6056 12.0416 21.4709 12.1655 13.6015 15.1327 11.0 
11.3137 10.8167 2.8284 16.2788 2.2361 9.434 14.0 4.1231 6.3246 20.0 22.2036 23.4307 13.4164 6.0828 0.0 8.0623 12.3693 24.0832 8.9443 12.083 18.4391 18.2483 17.2047 14.5602 11.6619 
4.1231 2.8284 7.8102 9.0554 6.3246 12.6491 12.2066 11.4018 6.0828 17.4642 14.2127 15.5563 8.0623 5.099 8.0623 0.0 5.099 16.2788 8.0623 7.2801 17.8045 13.0384 9.2195 10.4403 6.0828 
6.4031 4.2426 11.1803 4.0 11.0454 17.72 16.2788 16.1245 7.8102 20.8087 11.6619 13.4164 10.8167 7.2111 12.3693 5.099 0.0 14.3178 8.0623 10.6301 21.9317 8.4853 7.2801 13.6015 9.2195 
12.8062 13.4536 24.0832 13.1529 22.0227 24.3516 18.1108 26.6271 21.6333 18.4391 3.0 1.0 12.6491 20.8087 24.0832 16.2788 14.3178 0.0 22.3607 13.9284 22.0907 19.0 7.2111 14.1421 13.4164 
12.0 10.0499 6.3246 10.6301 9.2195 17.6918 19.6977 13.0 2.8284 25.2982 19.7231 21.4709 16.1245 3.6056 8.9443 8.0623 8.0623 22.3607 0.0 15.2971 25.0599 10.0499 15.2315 18.4391 14.1421 
4.2426 6.4031 13.3417 13.6015 9.8489 10.4403 5.831 13.4536 13.0384 10.2956 13.1529 13.6015 1.4142 12.0416 12.083 7.2801 10.6301 13.9284 15.2971 0.0 11.4018 19.105 9.0554 3.1623 1.4142 
15.6205 17.6918 20.8806 25.0 16.7631 10.0499 5.6569 17.0 22.3607 4.4721 22.561 22.2036 11.6619 21.4709 18.4391 17.8045 21.9317 22.0907 25.0599 11.4018 0.0 30.4138 19.6977 8.9443 12.8062 
14.8661 12.7279 16.0312 6.3246 17.72 25.4951 24.7588 22.3607 12.0416 29.2062 16.0 18.0 19.2094 12.1655 18.2483 13.0384 8.4853 19.0 10.0499 19.105 30.4138 0.0 13.6015 22.0227 17.6918 
6.3246 6.4031 16.9706 7.2801 15.2643 19.105 14.5602 20.1246 14.4222 17.2047 5.0 6.4031 8.2462 13.6015 17.2047 9.2195 7.2801 7.2111 15.2315 9.0554 19.6977 13.6015 0.0 10.7703 8.0 
7.2111 9.434 16.1245 16.2788 12.3693 10.8167 4.0 15.2643 16.1245 7.2111 14.0357 14.0357 2.8284 15.1327 14.5602 10.4403 13.6015 14.1421 18.4391 3.1623 8.9443 22.0227 10.7703 0.0 4.4721 
2.8284 5.0 12.6491 12.2066 9.434 11.1803 7.2111 13.4536 12.0 11.6619 12.3693 13.0 2.0 11.0 11.6619 6.0828 9.2195 13.4164 14.1421 1.4142 12.8062 17.6918 8.0 4.4721 0.0 
