30
0.0 26.0768 21.4709 7.2801 12.0416 23.3238 15.0 22.0227 20.1246 22.0227 9.434 29.5466 13.8924 17.8885 2.2361 24.1661 12.0 24.5153 6.3246 13.9284 18.4391 22.8035 10.0 3.1623 28.1603 13.1529 16.1555 17.4929 6.3246 3.1623 
26.0768 0.0 10.6301 19.4165 21.095 15.2315 15.6525 15.0 13.6015 5.0 19.3132 10.0499 16.6433 14.1421 28.0179 8.9443 27.8568 3.6056 24.3311 25.807 15.6205 8.9443 18.4391 23.1948 5.3852 28.3019 23.8537 21.4009 25.2982 25.02 
21.4709 10.6301 0.0 16.9706 21.9545 22.0227 7.0711 4.4721 19.0263 11.4018 18.6011 8.2462 18.3848 18.2483 22.8473 3.0 19.105 7.0711 17.4642 26.9258 5.3852 16.2788 11.7047 19.4165 15.8114 28.6007 13.9284 11.1803 23.3452 19.3132 
7.2801 19.4165 16.9706 0.0 7.0711 16.4012 12.083 18.868 13.0384 15.0333 3.1623 24.4131 7.0711 10.8167 9.4868 19.2094 15.6525 18.3848 9.434 11.1803 15.6525 15.5242 8.0623 4.1231 21.0238 12.083 17.0294 17.1172 6.4031 7.8102 
12.0416 21.095 21.9545 7.0711 0.0 12.3693 18.4391 24.6982 10.0 16.1245 4.0 28.3196 4.4721 8.0623 14.1421 23.6008 22.4722 21.2603 16.1555 5.0 21.8403 14.3178 15.0 9.434 20.8806 7.2111 24.0832 24.0208 6.7082 13.8924 
23.3238 15.2315 22.0227 16.4012 12.3693 0.0 22.4722 26.1725 3.6056 11.1803 13.8924 25.0 9.434 5.6569 25.5539 22.0907 31.241 17.4642 25.4558 15.0333 24.7386 6.3246 21.6333 20.2485 12.0416 18.0278 30.4138 29.1548 18.9737 24.2074 
15.0 15.6525 7.0711 12.083 18.4391 22.4722 0.0 7.0711 18.9737 14.1421 14.5602 15.2971 16.0 17.4642 16.1245 10.0499 12.3693 12.6491 10.4403 23.0868 3.6056 18.0278 5.0 13.4536 20.0 24.1661 8.4853 6.7082 18.0278 12.53 
22.0227 15.0 4.4721 18.868 24.6982 26.1725 7.0711 0.0 23.0217 15.8114 21.0238 10.198 21.587 22.0227 23.0217 6.4031 17.1172 11.4018 17.0 29.5466 3.6056 20.6155 12.0416 20.5183 20.2485 30.8869 11.0454 8.0623 25.0 19.4165 
20.1246 13.6015 19.0263 13.0384 10.0 3.6056 18.9737 23.0217 0.0 8.9443 10.7703 22.8473 6.3246 2.2361 22.3607 19.4165 27.6586 15.2315 21.9317 13.6015 21.3776 5.0 18.0278 17.0 11.6619 16.4924 26.8328 25.632 16.2788 20.8087 
22.0227 5.0 11.4018 15.0333 16.1245 11.1803 14.1421 15.8114 8.9443 0.0 14.5602 13.9284 11.6619 9.2195 24.0832 11.0 25.5539 6.3246 21.1896 20.8087 15.2643 5.0 15.6525 19.0 6.3246 23.3238 22.6274 20.6155 20.6155 21.3776 
9.434 19.3132 18.6011 3.1623 4.0 13.8924 14.5602 21.0238 10.7703 14.5602 0.0 25.4951 4.4721 8.544 11.6619 20.5183 18.7883 18.868 12.53 8.544 18.0278 14.0357 11.0 6.4031 20.0998 10.0 20.0998 20.025 6.0828 10.6301 
29.5466 10.0499 8.2462 24.4131 28.3196 25.0 15.2971 10.198 22.8473 13.9284 25.4951 0.0 24.2074 22.8254 31.0161 5.3852 27.0 7.6158 25.7099 33.3017 13.0 18.6815 19.9249 27.2947 15.0333 35.3553 21.2132 18.2483 30.8058 27.5136 
13.8924 16.6433 18.3848 7.0711 4.4721 9.434 16.0 21.587 6.3246 11.6619 4.4721 24.2074 0.0 4.1231 16.1245 19.7231 22.4722 16.9706 16.4012 9.2195 19.105 10.0499 13.6015 10.8167 16.4924 11.6619 22.8035 22.2036 10.0499 14.8661 
17.8885 14.1421 18.2483 10.8167 8.0623 5.6569 17.4642 22.0227 2.2361 9.2195 8.544 22.8254 4.1231 0.0 20.1246 18.9737 25.6125 15.2643 19.799 12.083 20.0998 6.3246 16.1245 14.7648 13.0 14.8661 25.0799 24.0416 14.1421 18.6011 
2.2361 28.0179 22.8473 9.4868 14.1421 25.5539 16.1245 23.0217 22.3607 24.0832 11.6619 31.0161 16.1245 20.1246 0.0 25.632 11.1803 26.3059 6.4031 15.6525 19.4165 25.0 11.1803 5.3852 30.2655 14.5602 16.1245 17.8045 8.0623 3.6056 
24.1661 8.9443 3.0 19.2094 23.6008 22.0907 10.0499 6.4031 19.4165 11.0 20.5183 5.3852 19.7231 18.9737 25.632 0.0 22.0907 5.3852 20.3961 28.6007 8.2462 16.0 14.5602 21.9545 14.3178 30.4795 16.7631 13.9284 25.6125 22.1359 
12.0 27.8568 19.105 15.6525 22.4722 31.241 12.3693 17.1172 27.6586 25.5539 18.7883 27.0 22.4722 25.6125 11.1803 22.0907 0.0 25.0 6.3246 25.4951 14.0 28.4253 10.0 13.3417 31.7648 25.0799 6.7082 9.4868 18.1108 9.0554 
24.5153 3.6056 7.0711 18.3848 21.2603 17.4642 12.6491 11.4018 15.2315 6.3246 18.868 7.6158 16.9706 15.2643 26.3059 5.3852 25.0 0.0 22.0227 26.1725 12.2066 11.1803 16.0312 21.8403 8.9443 28.4253 20.5913 18.0278 24.5967 23.0868 
6.3246 24.3311 17.4642 9.434 16.1555 25.4558 10.4403 17.0 21.9317 21.1896 12.53 25.7099 16.4012 19.799 6.4031 20.3961 6.3246 22.0227 0.0 19.2354 13.4164 23.3238 6.0 7.0711 27.5136 19.0 9.8489 11.4018 12.0 3.1623 
13.9284 25.807 26.9258 11.1803 5.0 15.0333 23.0868 29.5466 13.6015 20.8087 8.544 33.3017 9.2195 12.083 15.6525 28.6007 25.4951 26.1725 19.2354 0.0 26.5707 18.3848 19.2354 12.1655 25.0799 3.0 28.0179 28.2843 7.6158 16.4924 
18.4391 15.6205 5.3852 15.6525 21.8403 24.7386 3.6056 3.6056 21.3776 15.2643 18.0278 13.0 19.105 20.0998 19.4165 8.2462 14.0 12.2066 13.4164 26.5707 0.0 19.6977 8.4853 17.0294 20.5183 27.7308 8.544 5.831 21.6333 15.8114 
22.8035 8.9443 16.2788 15.5242 14.3178 6.3246 18.0278 20.6155 5.0 5.0 14.0357 18.6815 10.0499 6.3246 25.0 16.0 28.4253 11.1803 23.3238 18.3848 19.6977 0.0 18.4391 19.6469 6.7082 21.1896 26.4008 24.6982 20.0 22.8473 
10.0 18.4391 11.7047 8.0623 15.0 21.6333 5.0 12.0416 18.0278 15.6525 11.0 19.9249 13.6015 16.1245 11.1803 14.5602 10.0 16.0312 6.0 19.2354 8.4853 18.4391 0.0 8.6023 21.9317 19.9249 9.2195 9.0554 13.4164 7.6158 
3.1623 23.1948 19.4165 4.1231 9.434 20.2485 13.4536 20.5183 17.0 19.0 6.4031 27.2947 10.8167 14.7648 5.3852 21.9545 13.3417 21.8403 7.0711 12.1655 17.0294 19.6469 8.6023 0.0 25.0799 12.0416 16.2788 17.088 5.099 4.4721 
28.1603 5.3852 15.8114 21.0238 20.8806 12.0416 20.0 20.2485 11.6619 6.3246 20.0998 15.0333 16.4924 13.0 30.2655 14.3178 31.7648 8.9443 27.5136 25.0799 20.5183 6.7082 21.9317 25.0799 0.0 27.8568 28.4253 26.1725 26.1725 27.6586 
13.1529 28.3019 28.6007 12.083 7.2111 18.0278 24.1661 30.8869 16.4924 23.3238 10.0 35.3553 11.6619 14.8661 14.5602 30.4795 25.0799 28.4253 19.0 3.0 27.7308 21.1896 19.9249 12.0416 27.8568 0.0 28.2843 28.8617 7.0 16.0312 
16.1555 23.8537 13.9284 17.0294 24.0832 30.4138 8.4853 11.0454 26.8328 22.6274 20.0998 21.2132 22.8035 25.0799 16.1245 16.7631 6.7082 20.5913 9.8489 28.0179 8.544 26.4008 9.2195 16.2788 28.4253 28.2843 0.0 3.0 21.3776 13.0 
17.4929 21.4009 11.1803 17.1172 24.0208 29.1548 6.7082 8.0623 25.632 20.6155 20.025 18.2483 22.2036 24.0416 17.8045 13.9284 9.4868 18.0278 11.4018 28.2843 5.831 24.6982 9.0554 17.088 26.1725 28.8617 3.0 0.0 22.1359 14.4222 
6.3246 25.2982 23.3452 6.4031 6.7082 18.9737 18.0278 25.0 16.2788 20.6155 6.0828 30.8058 10.0499 14.1421 8.0623 25.6125 18.1108 24.5967 12.0 7.6158 21.6333 20.0 13.4164 5.099 26.1725 7.0 21.3776 22.1359 0.0 9.0554 
3.1623 25.02 19.3132 7.8102 13.8924 24.2074 12.53 19.4165 20.8087 21.3776 10.6301 27.5136 14.8661 18.6011 3.6056 22.1359 9.0554 23.0868 3.1623 16.4924 15.8114 22.8473 7.6158 4.4721 27.6586 16.0312 13.0 14.4222 9.0554 0.0 
