60
0.0 21.8403 28.6356 42.2966 40.8044 31.3209 17.1172 34.176 42.45 29.4109 17.2047 37.5366 23.4094 41.1461 24.0832 22.3607 12.1655 37.1214 59.203 32.8024 44.7214 26.2488 31.7805 39.8121 15.6525 47.5395 23.3238 34.1321 22.0907 44.2041 26.3059 28.4253 29.8329 12.53 33.2415 27.5136 55.9732 56.7979 14.1421 34.3657 57.4891 22.0227 27.8029 5.0 25.0 28.0179 15.2643 20.8087 34.2053 28.4605 7.0711 13.4164 48.1041 47.3814 43.1741 16.1245 3.6056 24.4131 37.4833 30.3645 
21.8403 0.0 18.6815 21.0238 27.1662 17.4929 5.6569 21.095 26.2488 11.4018 13.6015 22.3607 20.6155 20.0 24.5153 17.8045 9.8489 16.2788 39.6989 20.025 23.0868 11.0454 16.4012 27.4591 14.7648 30.8058 27.5136 14.4222 28.0179 25.2389 26.2488 16.2788 17.1172 15.6205 18.1108 23.3238 34.176 35.5106 27.5862 17.0294 38.6005 5.099 11.0454 26.6833 15.2315 29.7321 16.1245 14.2127 12.3693 6.7082 26.0192 15.0 33.2415 26.0 21.3776 25.0799 25.2982 26.9258 20.8806 17.0 
28.6356 18.6815 0.0 23.3452 45.0444 5.0 16.6433 6.0 15.0333 29.0689 30.5287 40.0125 38.4708 31.9531 11.6619 35.7771 19.799 18.6011 52.3927 38.4708 26.9072 29.6142 7.0711 11.1803 13.0 20.0 16.1245 30.1496 44.0454 40.025 43.909 34.9285 35.6931 16.1555 36.1248 41.6293 40.3609 44.6542 24.0832 10.6301 52.2015 13.6015 29.2746 33.2415 33.8378 47.1699 13.6015 32.2025 22.1359 21.0238 35.3553 15.2315 19.6469 27.6586 27.2029 39.598 30.6757 14.4222 38.0132 4.2426 
42.2966 21.0238 23.3452 0.0 33.2866 18.4391 25.1794 19.7231 16.0312 21.6333 33.2415 28.6007 38.0132 13.9284 34.7131 35.3412 30.1496 5.3852 31.4006 30.4138 3.6056 25.0599 16.2788 22.8035 30.4631 17.4642 39.0512 18.3848 47.1699 23.0868 43.4166 29.4109 29.2062 32.8938 26.8701 39.1152 17.0294 21.9317 44.2832 12.8062 32.0624 20.3961 23.3238 47.2652 30.8869 47.0106 31.7805 32.311 9.8489 15.5242 47.0 31.9531 22.2036 5.099 5.0 45.3542 45.5412 37.5366 25.807 19.105 
40.8044 27.1662 45.0444 33.2866 0.0 42.4264 31.7805 45.7056 47.1699 16.0 23.6008 5.099 19.4165 19.8494 51.6236 19.105 33.2415 32.6956 23.1948 8.0623 32.0156 16.4924 40.6079 51.4198 41.2311 50.0899 54.3415 15.8114 28.2312 12.53 21.1896 12.53 11.1803 41.1096 9.0554 16.5529 32.6497 28.1603 51.8941 39.2938 20.3961 32.0624 16.1245 43.9318 15.8114 23.5372 42.45 20.0 25.632 24.1868 40.3113 40.8044 54.231 35.4683 29.2062 31.0644 44.2041 53.9351 7.6158 42.2966 
31.3209 17.4929 5.0 18.4391 42.4264 0.0 17.0294 3.6056 11.1803 26.6833 30.4795 37.3363 38.0132 27.8927 16.6433 35.2278 21.095 13.8924 48.1041 36.4005 22.0227 27.8568 2.2361 10.0 16.1245 16.2788 21.095 27.0185 44.5533 36.3456 43.6005 33.2415 33.8378 19.2354 33.7343 40.8167 35.4683 39.9625 28.4429 5.6569 48.0833 12.8062 27.2029 36.1386 32.6497 47.0106 17.0294 31.6228 18.2483 18.2483 37.6962 18.2483 17.0 22.6716 22.4722 40.6079 33.7343 19.4165 35.1283 1.0 
17.1172 5.6569 16.6433 25.1794 31.7805 17.0294 0.0 20.5183 27.2947 16.5529 13.8924 27.2029 21.9317 25.6125 20.025 19.3132 5.0 20.025 45.3431 24.1868 27.6586 15.2971 16.6433 26.8701 9.4868 32.2025 22.561 20.0 27.5862 30.8058 27.2947 20.025 21.095 10.0 22.8035 25.2982 39.3954 41.0488 21.9317 18.3848 44.2041 5.099 15.8114 22.0907 18.1108 30.5287 10.7703 15.8114 17.4642 12.2066 22.2036 9.434 33.8378 30.2655 26.2488 23.6008 20.3961 22.2036 26.0 16.2788 
34.176 21.095 6.0 19.7231 45.7056 3.6056 20.5183 0.0 9.0554 30.0832 34.0588 40.6079 41.6173 30.4138 17.088 38.833 24.4131 15.8114 50.2892 39.8497 23.3238 31.3847 5.099 6.4031 18.6815 14.0 21.5407 30.1496 48.0833 39.1152 47.2017 36.7696 37.3363 21.8403 37.108 44.4185 36.6197 41.5933 30.0666 7.2801 50.448 16.4012 30.6757 38.8973 36.2353 50.6063 19.4165 35.2278 21.0238 21.587 40.7185 20.8806 13.9284 23.4307 24.1661 44.0454 36.4005 19.6977 38.3275 4.2426 
42.45 26.2488 15.0333 16.0312 47.1699 11.1803 27.2947 9.0554 0.0 32.7567 39.8246 42.1545 46.669 29.2746 25.9615 43.8406 31.7805 14.5602 47.3814 42.5441 19.2354 35.0 10.7703 7.8102 27.2947 5.099 30.3645 31.3847 54.2033 38.4708 52.3259 40.2244 40.4969 30.4138 39.3573 48.9183 31.3847 37.3631 39.1152 9.2195 48.0937 22.4722 33.8378 47.2969 40.4599 55.8659 28.1603 40.3113 21.5407 24.4131 48.7032 29.4279 7.2111 18.0278 21.0238 50.774 44.911 28.4605 39.5601 12.1655 
29.4109 11.4018 29.0689 21.6333 16.0 26.6833 16.5529 30.0832 32.7567 0.0 14.3178 11.0454 16.7631 13.0384 35.9026 14.3178 19.2094 19.105 29.8329 9.8489 21.9317 4.0 25.0 36.0555 26.0 36.4005 38.8973 5.099 26.4764 14.8661 21.9317 7.8102 7.8102 26.4197 7.0711 17.4929 29.0172 28.1603 38.0132 24.1661 28.2843 16.1245 2.0 33.6155 9.4868 25.4951 27.313 12.0 12.0416 8.544 31.3847 25.9422 39.9625 25.4951 19.3132 26.0192 33.0151 38.3275 9.4868 26.4764 
17.2047 13.6015 30.5287 33.2415 23.6008 30.4795 13.8924 34.0588 39.8246 14.3178 0.0 20.5183 8.2462 27.2947 32.5576 6.0 12.1655 29.1548 43.0465 15.6205 34.5254 10.4403 29.6985 40.4599 21.3776 44.4072 34.0588 19.4165 14.4222 28.178 13.4164 11.3137 12.7279 20.025 16.4012 12.0416 43.1856 42.45 29.1204 30.6105 41.0488 17.6918 12.3693 20.5183 7.8102 16.6433 22.2036 3.6056 23.5372 17.72 17.4929 20.0998 46.7547 37.855 32.249 12.1655 20.6155 34.2345 20.8087 29.8329 
37.5366 22.3607 40.0125 28.6007 5.099 37.3363 27.2029 40.6079 42.1545 11.0454 20.5183 0.0 18.0278 15.6205 46.8722 17.0 29.0689 27.7308 23.4094 5.3852 27.5862 12.083 35.5106 46.3249 36.6879 45.1774 49.7293 10.7703 27.6586 10.0499 21.095 9.2195 7.8102 36.7696 4.4721 16.1245 29.7321 26.1725 47.8853 34.2053 21.0238 27.1662 11.4018 41.0366 12.8062 24.0 37.9473 17.0294 20.6155 19.105 37.8021 36.4005 49.2443 31.1127 24.7588 29.5466 41.0366 49.2443 2.8284 37.2156 
23.4094 20.6155 38.4708 38.0132 19.4165 38.0132 21.9317 41.6173 46.669 16.7631 8.2462 18.0278 0.0 29.2746 40.7922 2.8284 20.3961 34.6699 41.4367 12.6491 38.6264 13.0 37.0135 48.0104 29.6142 50.9902 42.19 21.3776 10.0 27.4591 5.6569 10.0 11.0454 28.1603 15.1327 4.1231 45.1774 43.1045 36.4966 37.4833 39.0 25.2389 14.8661 25.5539 7.2801 9.2195 30.4138 6.4031 28.178 23.0217 21.4009 28.2843 53.7587 42.1545 36.0555 11.6619 26.4008 42.4264 19.4165 37.4433 
41.1461 20.0 31.9531 13.9284 19.8494 27.8927 25.6125 30.4138 29.2746 13.0384 27.2947 15.6205 29.2746 0.0 41.6773 27.074 29.6816 15.0 20.5913 18.7883 12.2066 17.0294 25.7099 35.0143 33.9706 31.3209 45.4863 8.0 39.2046 9.2195 33.9559 19.4165 18.6815 35.3836 15.2315 29.1204 16.0 15.6525 47.4236 23.1948 20.2485 22.6716 15.0333 45.6946 22.0907 37.3631 35.3836 25.02 9.8489 13.4536 43.9659 34.6554 35.9026 15.6205 9.434 39.0512 44.7214 44.4185 12.8062 28.1603 
24.0832 24.5153 11.6619 34.7131 51.6236 16.6433 20.025 17.088 25.9615 35.9026 32.5576 46.8722 40.7922 41.6773 0.0 38.4708 20.3961 29.6985 62.2656 44.1814 38.2099 35.2278 18.6011 20.025 11.1803 30.5941 4.4721 38.2753 43.8634 48.8467 45.607 40.05 41.1096 13.0 42.5793 44.5533 51.6236 55.4437 14.5602 22.2036 61.7171 19.9249 35.5106 27.6586 38.0132 48.3839 10.4403 35.2278 31.9061 29.1548 31.1448 12.6491 29.0172 39.2046 38.2099 38.4708 24.8395 2.8284 45.3542 15.8114 
22.3607 17.8045 35.7771 35.3412 19.105 35.2278 19.3132 38.833 43.8406 14.3178 6.0 17.0 2.8284 27.074 38.4708 0.0 18.1108 31.9061 40.3113 11.6619 36.0555 10.4403 34.2053 45.2217 27.2947 48.1664 40.05 19.105 12.1655 25.9615 8.4853 8.2462 9.4868 26.0192 13.6015 6.0828 43.0465 41.3038 34.9285 34.6554 38.0132 22.4722 12.3693 25.0 5.0 12.0416 28.1603 3.6056 25.4951 20.2485 21.2132 26.0768 50.9313 39.5601 33.5261 12.6491 25.5539 40.1995 18.0278 34.6699 
12.1655 9.8489 19.799 30.1496 33.2415 21.095 5.0 24.4131 31.7805 19.2094 12.1655 29.0689 20.3961 29.6816 20.3961 18.1108 0.0 25.02 48.7955 25.2982 32.5576 17.0 21.0238 30.6105 9.2195 36.7696 22.0 23.3452 24.4131 33.9706 25.2982 20.8806 22.1359 8.0623 24.5967 24.1868 44.0114 45.2769 18.868 23.0868 47.4236 10.0499 18.0278 17.1172 18.2483 28.2312 10.0499 15.0 22.1359 16.5529 17.2627 8.0 38.0789 35.2278 31.0483 19.799 15.5242 22.0907 28.3019 20.2485 
37.1214 16.2788 18.6011 5.3852 32.6956 13.8924 20.025 15.8114 14.5602 19.105 29.1548 27.7308 34.6699 15.0 29.6985 31.9061 25.02 0.0 34.4819 28.6007 8.6023 22.0227 11.6619 20.025 25.0799 17.4929 33.9706 17.0 43.382 24.0832 40.2244 26.8701 26.9072 27.5136 25.2389 36.2353 21.9317 26.0768 38.9102 8.544 34.7131 15.1327 20.5183 42.107 27.8029 43.8292 26.4008 28.6531 7.2111 11.6619 42.0476 26.5707 21.5407 10.4403 8.6023 41.1096 40.3113 32.5269 25.0799 14.4222 
59.203 39.6989 52.3927 31.4006 23.1948 48.1041 45.3431 50.2892 47.3814 29.8329 43.0465 23.4094 41.4367 20.5913 62.2656 40.3113 48.7955 34.4819 0.0 28.7924 28.1603 33.0151 45.8803 54.1295 54.2033 48.0104 66.0379 25.4558 50.9608 15.0 44.1475 32.2025 30.8707 55.3173 26.8328 39.2938 18.9737 11.7047 67.2681 43.0116 3.1623 43.0116 31.4006 63.2456 35.7771 46.6905 55.6058 39.8246 30.4138 33.6006 60.5392 54.6717 53.0377 30.0 26.4764 52.9245 62.8013 65.0 22.3607 48.4665 
32.8024 20.025 38.4708 30.4138 8.0623 36.4005 24.1868 39.8497 42.5441 9.8489 15.6205 5.3852 12.6491 18.7883 44.1814 11.6619 25.2982 28.6007 28.7924 0.0 30.0 9.0 34.7851 45.8803 33.541 46.0435 46.6905 12.0416 22.3607 15.0333 16.0 4.4721 3.1623 33.2415 3.6056 11.0 33.9559 31.0161 43.8634 34.0147 26.4008 25.0799 9.2195 36.0694 7.8102 19.105 34.7131 12.0416 21.4009 18.3848 32.6497 32.9848 49.7393 33.6006 27.2029 24.1661 36.2353 46.3897 7.0 36.1386 
44.7214 23.0868 26.9072 3.6056 32.0156 22.0227 27.6586 23.3238 19.2354 21.9317 34.5254 27.5862 38.6264 12.2066 38.2099 36.0555 32.5576 8.6023 28.1603 30.0 0.0 25.632 19.8494 26.2488 33.541 20.0998 42.5206 18.0278 48.0833 21.0238 43.8634 29.5296 29.1548 35.8469 26.4008 39.3573 13.4536 18.3848 47.4131 16.4012 29.0 23.0868 23.7697 49.6488 31.3847 47.4236 34.8855 33.2415 11.0454 17.0294 49.0918 34.9285 25.02 3.6056 2.8284 46.6905 48.0521 41.0366 24.7588 22.6716 
26.2488 11.0454 29.6142 25.0599 16.4924 27.8568 15.2971 31.3847 35.0 4.0 10.4403 12.083 13.0 17.0294 35.2278 10.4403 17.0 22.0227 33.0151 9.0 25.632 0.0 26.4008 37.5766 24.7386 38.9487 37.855 9.0554 22.561 18.0278 18.3576 5.3852 6.0828 24.6982 7.6158 14.2127 33.0151 32.0156 35.8469 26.0768 31.241 16.1245 2.0 30.2324 5.831 21.9545 25.9615 8.0 15.2643 10.6301 27.7308 24.3516 42.2019 29.1548 23.0868 22.0227 29.8329 37.4833 11.4018 27.5136 
31.7805 16.4012 7.0711 16.2788 40.6079 2.2361 16.6433 5.099 10.7703 25.0 29.6985 35.5106 37.0135 25.7099 18.6011 34.2053 21.0238 11.6619 45.8803 34.7851 19.8494 26.4008 0.0 11.1803 17.0 15.8114 23.0217 25.0799 43.9318 34.2345 42.638 31.7805 32.311 20.025 32.0156 39.6611 33.3017 37.7359 29.8329 3.6056 45.8803 12.0416 25.632 36.6742 31.3847 46.0977 18.0278 30.6105 16.1245 16.4924 37.9473 19.0263 17.2047 20.6155 20.2485 40.2244 34.3657 21.4009 33.2415 2.8284 
39.8121 27.4591 11.1803 22.8035 51.4198 10.0 26.8701 6.4031 7.8102 36.0555 40.4599 46.3249 48.0104 35.0143 20.025 45.2217 30.6105 20.025 54.1295 45.8803 26.2488 37.5766 11.1803 0.0 24.1661 11.1803 24.1868 35.6931 54.4518 44.0114 53.6004 42.9535 43.4626 27.313 43.0116 50.774 38.9102 44.5982 34.1321 12.1655 54.5894 22.8035 36.7696 44.3847 42.5441 57.0088 24.6982 41.6173 26.1725 27.5136 46.5296 26.4008 9.0 25.4951 27.6586 50.3289 41.7852 22.2036 43.9318 10.6301 
15.6525 14.7648 13.0 30.4631 41.2311 16.1245 9.4868 18.6815 27.2947 26.0 21.3776 36.6879 29.6142 33.9706 11.1803 27.2947 9.2195 25.0799 54.2033 33.541 33.541 24.7386 17.0 24.1661 0.0 32.3883 13.1529 29.1548 33.121 39.9625 34.4819 29.2746 30.4138 3.1623 32.28 33.3766 46.3249 48.9183 13.8924 20.0998 53.2541 11.3137 25.2982 20.2485 27.0185 37.3363 1.4142 24.0832 24.8395 20.6155 22.4722 2.2361 32.573 35.4683 32.7567 28.0179 17.72 13.0 35.4683 15.1327 
47.5395 30.8058 20.0 17.4642 50.0899 16.2788 32.2025 14.0 5.099 36.4005 44.4072 45.1774 50.9902 31.3209 30.5941 48.1664 36.7696 17.4929 48.0104 46.0435 20.0998 38.9487 15.8114 11.1803 32.3883 0.0 34.9285 34.4819 58.8218 40.5216 56.6392 44.0454 44.2041 35.5106 42.72 53.0377 30.8058 37.3363 44.0454 13.8924 49.0408 27.2947 37.6431 52.3927 44.5533 60.208 33.2415 44.6878 24.6982 28.3196 53.7587 34.5254 5.099 18.0278 22.3607 55.5698 50.01 32.9848 42.4853 17.2627 
23.3238 27.5136 16.1245 39.0512 54.3415 21.095 22.561 21.5407 30.3645 38.8973 34.0588 49.7293 42.19 45.4863 4.4721 40.05 22.0 33.9706 66.0379 46.6905 42.5206 37.855 23.0217 24.1868 13.1529 34.9285 0.0 41.6293 44.2719 52.3259 46.6905 42.4264 43.566 14.0357 45.3542 46.0977 55.9017 59.5483 11.6619 26.6271 65.3682 23.2594 38.3275 26.2488 40.1123 49.2443 12.0416 37.0 35.805 32.6497 30.2324 14.0 33.1361 43.6005 42.4264 38.6264 23.4307 2.0 48.3839 20.2485 
34.1321 14.4222 30.1496 18.3848 15.8114 27.0185 20.0 30.1496 31.3847 5.099 19.4165 10.7703 21.3776 8.0 38.2753 19.105 23.3452 17.0 25.4558 12.0416 18.0278 9.0554 25.0799 35.6931 29.1548 34.4819 41.6293 0.0 31.257 10.8167 26.2488 11.7047 11.1803 30.0 8.4853 21.5407 24.0 23.0868 41.8688 23.5372 24.2074 18.3848 7.0711 38.4708 14.1421 29.7321 30.5287 17.0294 9.8489 9.2195 36.4005 29.4109 38.4838 21.6333 15.2643 31.0644 37.7359 40.8534 8.2462 27.0 
22.0907 28.0179 44.0454 47.1699 28.2312 44.5533 27.5862 48.0833 54.2033 26.4764 14.4222 27.6586 10.0 39.2046 43.8634 12.1655 24.4131 43.382 50.9608 22.3607 48.0833 22.561 43.9318 54.4518 33.121 58.8218 44.2719 31.257 0.0 37.3363 7.2111 20.0 21.0238 30.8707 25.0799 11.7047 55.1453 53.0848 36.2215 45.0 48.3839 31.8904 24.5153 22.2036 17.1172 6.7082 33.541 14.8661 37.3363 31.7805 17.2627 31.305 61.0737 51.5461 45.607 6.0 24.0208 44.9444 29.2746 43.8406 
44.2041 25.2389 40.025 23.0868 12.53 36.3456 30.8058 39.1152 38.4708 14.8661 28.178 10.0499 27.4591 9.2195 48.8467 25.9615 33.9706 24.0832 15.0 15.0333 21.0238 18.0278 34.2345 44.0114 39.9625 40.5216 52.3259 10.8167 37.3363 0.0 31.0161 17.72 16.4924 40.8044 12.3693 26.0192 20.1246 16.1245 52.6308 32.0156 13.4536 29.0689 16.4012 48.2597 21.1896 34.0147 41.3401 25.0799 18.1108 19.6977 45.6508 40.2244 45.1221 24.1868 18.3848 38.6005 47.8017 51.4782 8.0623 36.4966 
26.3059 26.2488 43.909 43.4166 21.1896 43.6005 27.2947 47.2017 52.3259 21.9317 13.4164 21.095 5.6569 33.9559 45.607 8.4853 25.2982 40.2244 44.1475 16.0 43.8634 18.3576 42.638 53.6004 34.4819 56.6392 46.6905 26.2488 7.2111 31.0161 0.0 14.5602 15.2971 32.7567 19.105 5.0 49.6488 47.0106 40.05 43.1393 41.4849 30.8058 20.1246 27.5136 12.53 3.6056 35.171 12.0416 33.6155 28.6007 22.8473 32.9848 59.4138 47.4236 41.2311 11.6619 28.8617 47.0744 23.0 43.0116 
28.4253 16.2788 34.9285 29.4109 12.53 33.2415 20.025 36.7696 40.2244 7.8102 11.3137 9.2195 10.0 19.4165 40.05 8.2462 20.8806 26.8701 32.2025 4.4721 29.5296 5.3852 31.7805 42.9535 29.2746 44.0454 42.4264 11.7047 20.0 17.72 14.5602 0.0 1.4142 28.8617 5.3852 9.8489 35.2278 33.1361 39.3954 31.3847 30.0167 21.3776 6.4031 31.8277 3.6056 18.0278 30.4138 7.8102 19.8494 15.8114 28.6007 28.6356 47.4342 33.121 26.8328 20.8806 31.8904 42.19 9.8489 32.8938 
29.8329 17.1172 35.6931 29.2062 11.1803 33.8378 21.095 37.3363 40.4969 7.8102 12.7279 7.8102 11.0454 18.6815 41.1096 9.4868 22.1359 26.9072 30.8707 3.1623 29.1548 6.0828 32.311 43.4626 30.4138 44.2041 43.566 11.1803 21.0238 16.4924 15.2971 1.4142 0.0 30.0832 4.1231 10.4403 34.3657 32.0624 40.7185 31.7648 28.6531 22.2036 6.7082 33.2415 5.0 18.6815 31.5753 9.2195 19.799 16.1245 30.0 29.8329 47.7074 32.7567 26.4197 22.1359 33.3017 43.2897 8.544 33.5261 
12.53 15.6205 16.1555 32.8938 41.1096 19.2354 10.0 21.8403 30.4138 26.4197 20.025 36.7696 28.1603 35.3836 13.0 26.0192 8.0623 27.5136 55.3173 33.2415 35.8469 24.6982 20.025 27.313 3.1623 35.5106 14.0357 30.0 30.8707 40.8044 32.7567 28.8617 30.0832 0.0 32.311 32.0624 48.3735 50.6063 12.0416 23.0217 54.2033 13.0384 25.4951 17.088 26.3059 35.4401 2.8284 23.0217 26.6271 21.9317 19.4165 1.0 35.7351 37.9473 34.8855 25.5539 14.5602 14.3178 35.7771 18.2483 
33.2415 18.1108 36.1248 26.8701 9.0554 33.7343 22.8035 37.108 39.3573 7.0711 16.4012 4.4721 15.1327 15.2315 42.5793 13.6015 24.5967 25.2389 26.8328 3.6056 26.4008 7.6158 32.0156 43.0116 32.28 42.72 45.3542 8.4853 25.0799 12.3693 19.105 5.3852 4.1231 32.311 0.0 14.1421 30.5941 28.0179 43.4166 31.0161 24.6982 23.0217 7.0711 36.8782 8.9443 22.3607 33.5261 13.0384 18.0278 15.5242 33.8378 31.9531 46.5296 30.0 23.6008 26.2488 36.7696 44.911 4.4721 33.541 
27.5136 23.3238 41.6293 39.1152 16.5529 40.8167 25.2982 44.4185 48.9183 17.4929 12.0416 16.1245 4.1231 29.1204 44.5533 6.0828 24.1868 36.2353 39.2938 11.0 39.3573 14.2127 39.6611 50.774 33.3766 53.0377 46.0977 21.5407 11.7047 26.0192 5.0 9.8489 10.4403 32.0624 14.1421 0.0 44.7214 42.0119 40.6079 39.8246 36.6879 28.178 15.8114 29.5296 8.4853 8.2462 34.2345 9.4868 29.4109 24.7588 25.2389 32.1403 56.0803 42.9418 36.6742 14.8661 30.4631 46.2709 18.0 40.3113 
55.9732 34.176 40.3609 17.0294 32.6497 35.4683 39.3954 36.6197 31.3847 29.0172 43.1856 29.7321 45.1774 16.0 51.6236 43.0465 44.0114 21.9317 18.9737 33.9559 13.4536 33.0151 33.3017 38.9102 46.3249 30.8058 55.9017 24.0 55.1453 20.1246 49.6488 35.2278 34.3657 48.3735 30.5941 44.7214 0.0 7.2801 60.208 29.8329 21.0238 35.3553 31.0161 60.7289 38.0526 52.9528 47.7074 41.0122 21.9317 27.5136 59.439 47.5079 35.9026 13.4164 13.6015 55.0364 59.4643 54.4518 27.2029 36.1248 
56.7979 35.5106 44.6542 21.9317 28.1603 39.9625 41.0488 41.5933 37.3631 28.1603 42.45 26.1725 43.1045 15.6525 55.4437 41.3038 45.2769 26.0768 11.7047 31.0161 18.3848 32.0156 37.7359 44.5982 48.9183 37.3363 59.5483 23.0868 53.0848 16.1245 47.0106 33.1361 32.0624 50.6063 28.0179 42.0119 7.2801 0.0 62.6259 34.4819 13.8924 37.6431 30.0832 61.327 36.3456 50.0899 50.3289 39.8121 24.0832 28.8444 59.4643 49.8197 42.4264 19.4165 17.4929 53.7587 60.3738 58.258 24.0208 40.4969 
14.1421 27.5862 24.0832 44.2832 51.8941 28.4429 21.9317 30.0666 39.1152 38.0132 29.1204 47.8853 36.4966 47.4236 14.5602 34.9285 18.868 38.9102 67.2681 43.8634 47.4131 35.8469 29.8329 34.1321 13.8924 44.0454 11.6619 41.8688 36.2215 52.6308 40.05 39.3954 40.7185 12.0416 43.4166 40.6079 60.208 62.6259 0.0 33.2415 66.0681 25.0 36.8917 15.6525 36.4005 42.0119 12.53 32.573 38.6005 33.9706 20.2485 12.8062 43.1045 49.2443 46.6476 30.2655 13.0 13.4164 47.1699 27.4591 
34.3657 17.0294 10.6301 12.8062 39.2938 5.6569 18.3848 7.2801 9.2195 24.1661 30.6105 34.2053 37.4833 23.1948 22.2036 34.6554 23.0868 8.544 43.0116 34.0147 16.4012 26.0768 3.6056 12.1655 20.0998 13.8924 26.6271 23.5372 45.0 32.0156 43.1393 31.3847 31.7648 23.0217 31.0161 39.8246 29.8329 34.4819 33.2415 0.0 43.1741 13.4164 25.0599 39.3192 31.4006 46.669 21.2132 31.1127 14.0357 15.6525 40.2616 22.0227 16.2788 17.0294 17.0 41.6773 37.1214 25.0 31.7805 6.4031 
57.4891 38.6005 52.2015 32.0624 20.3961 48.0833 44.2041 50.448 48.0937 28.2843 41.0488 21.0238 39.0 20.2485 61.7171 38.0132 47.4236 34.7131 3.1623 26.4008 29.0 31.241 45.8803 54.5894 53.2541 49.0408 65.3682 24.2074 48.3839 13.4536 41.4849 30.0167 28.6531 54.2033 24.6982 36.6879 21.0238 13.8924 66.0681 43.1741 0.0 42.19 29.7321 61.4003 33.6155 43.9318 54.6443 37.7359 30.0832 32.7567 58.5235 53.6004 54.0093 31.1448 27.074 50.5668 61.0737 64.4127 20.2485 48.3839 
22.0227 5.099 13.6015 20.3961 32.0624 12.8062 5.099 16.4012 22.4722 16.1245 17.6918 27.1662 25.2389 22.6716 19.9249 22.4722 10.0499 15.1327 43.0116 25.0799 23.0868 16.1245 12.0416 22.8035 11.3137 27.2947 23.2594 18.3848 31.8904 29.0689 30.8058 21.3776 22.2036 13.0384 23.0217 28.178 35.3553 37.6431 25.0 13.4164 42.19 0.0 16.0 27.0185 20.2485 34.2053 12.7279 18.868 13.6015 9.434 27.2947 12.2066 29.2062 25.4951 21.9317 28.3019 25.1794 22.4722 25.4951 12.2066 
27.8029 11.0454 29.2746 23.3238 16.1245 27.2029 15.8114 30.6757 33.8378 2.0 12.3693 11.4018 14.8661 15.0333 35.5106 12.3693 18.0278 20.5183 31.4006 9.2195 23.7697 2.0 25.632 36.7696 25.2982 37.6431 38.3275 7.0711 24.5153 16.4012 20.1246 6.4031 6.7082 25.4951 7.0711 15.8114 31.0161 30.0832 36.8917 25.0599 29.7321 16.0 0.0 31.9061 7.6158 23.7065 26.5707 10.0 13.6015 9.434 29.5466 25.0799 41.0488 27.313 21.1896 24.0208 31.4006 37.855 10.2956 26.9258 
5.0 26.6833 33.2415 47.2652 43.9318 36.1386 22.0907 38.8973 47.2969 33.6155 20.5183 41.0366 25.5539 45.6946 27.6586 25.0 17.1172 42.107 63.2456 36.0694 49.6488 30.2324 36.6742 44.3847 20.2485 52.3927 26.2488 38.4708 22.2036 48.2597 27.5136 31.8277 33.2415 17.088 36.8782 29.5296 60.7289 61.327 15.6525 39.3192 61.4003 27.0185 31.9061 0.0 28.2843 28.6356 19.6977 24.0416 39.0512 33.2415 5.0 18.0278 52.811 52.345 48.0521 16.2788 2.8284 27.5862 41.2311 35.171 
25.0 15.2315 33.8378 30.8869 15.8114 32.6497 18.1108 36.2353 40.4599 9.4868 7.8102 12.8062 7.2801 22.0907 38.0132 5.0 18.2483 27.8029 35.7771 7.8102 31.3847 5.831 31.3847 42.5441 27.0185 44.5533 40.1123 14.1421 17.1172 21.1896 12.53 3.6056 5.0 26.3059 8.9443 8.4853 38.0526 36.3456 36.4005 31.4006 33.6155 20.2485 7.6158 28.2843 0.0 16.1245 28.0713 4.2426 21.095 16.2788 25.0 26.1725 47.634 34.9285 28.7924 17.4642 28.4253 40.0125 13.4164 32.2025 
28.0179 29.7321 47.1699 47.0106 23.5372 47.0106 30.5287 50.6063 55.8659 25.4951 16.6433 24.0 9.2195 37.3631 48.3839 12.0416 28.2312 43.8292 46.6905 19.105 47.4236 21.9545 46.0977 57.0088 37.3363 60.208 49.2443 29.7321 6.7082 34.0147 3.6056 18.0278 18.6815 35.4401 22.3607 8.2462 52.9528 50.0899 42.0119 46.669 43.9318 34.2053 23.7065 28.6356 16.1245 0.0 37.9473 15.5563 37.2156 32.2025 23.7697 35.7351 62.9365 50.9902 44.7772 12.3693 30.2655 49.7293 26.0768 46.4004 
15.2643 16.1245 13.6015 31.7805 42.45 17.0294 10.7703 19.4165 28.1603 27.313 22.2036 37.9473 30.4138 35.3836 10.4403 28.1603 10.0499 26.4008 55.6058 34.7131 34.8855 25.9615 18.0278 24.6982 1.4142 33.2415 12.0416 30.5287 33.541 41.3401 35.171 30.4138 31.5753 2.8284 33.5261 34.2345 47.7074 50.3289 12.53 21.2132 54.6443 12.7279 26.5707 19.6977 28.0713 37.9473 0.0 25.02 26.2488 22.0227 22.2036 2.2361 33.2415 36.7696 34.1321 28.3019 17.088 12.0416 36.7696 16.0312 
20.8087 14.2127 32.2025 32.311 20.0 31.6228 15.8114 35.2278 40.3113 12.0 3.6056 17.0294 6.4031 25.02 35.2278 3.6056 15.0 28.6531 39.8246 12.0416 33.2415 8.0 30.6105 41.6173 24.0832 44.6878 37.0 17.0294 14.8661 25.0799 12.0416 7.8102 9.2195 23.0217 13.0384 9.4868 41.0122 39.8121 32.573 31.1127 37.7359 18.868 10.0 24.0416 4.2426 15.5563 25.02 0.0 22.4722 17.0 20.8087 23.0 47.3814 36.6879 30.8058 14.0357 24.2074 37.054 17.4929 31.0644 
34.2053 12.3693 22.1359 9.8489 25.632 18.2483 17.4642 21.0238 21.5407 12.0416 23.5372 20.6155 28.178 9.8489 31.9061 25.4951 22.1359 7.2111 30.4138 21.4009 11.0454 15.2643 16.1245 26.1725 24.8395 24.6982 35.805 9.8489 37.3363 18.1108 33.6155 19.8494 19.799 26.6271 18.0278 29.4109 21.9317 24.0832 38.6005 14.0357 30.0832 13.6015 13.6015 39.0512 21.095 37.2156 26.2488 22.4722 0.0 6.0 38.2099 25.807 28.6356 14.3178 9.0554 35.6931 37.6431 34.6699 18.0278 18.4391 
28.4605 6.7082 21.0238 15.5242 24.1868 18.2483 12.2066 21.587 24.4131 8.544 17.72 19.105 23.0217 13.4536 29.1548 20.2485 16.5529 11.6619 33.6006 18.3848 17.0294 10.6301 16.4924 27.5136 20.6155 28.3196 32.6497 9.2195 31.7805 19.6977 28.6007 15.8114 16.1245 21.9317 15.5242 24.7588 27.5136 28.8444 33.9706 15.6525 32.7567 9.434 9.434 33.2415 16.2788 32.2025 22.0227 17.0 6.0 0.0 32.249 21.2132 31.6228 20.2237 15.0333 29.8329 31.9531 31.7805 17.0 18.1108 
7.0711 26.0192 35.3553 47.0 40.3113 37.6962 22.2036 40.7185 48.7032 31.3847 17.4929 37.8021 21.4009 43.9659 31.1448 21.2132 17.2627 42.0476 60.5392 32.6497 49.0918 27.7308 37.9473 46.5296 22.4722 53.7587 30.2324 36.4005 17.2627 45.6508 22.8473 28.6007 30.0 19.4165 33.8378 25.2389 59.439 59.4643 20.2485 40.2616 58.5235 27.2947 29.5466 5.0 25.0 23.7697 22.2036 20.8087 38.2099 32.249 0.0 20.2485 54.626 52.0096 47.2652 11.4018 7.2801 31.4006 38.2753 36.7696 
13.4164 15.0 15.2315 31.9531 40.8044 18.2483 9.434 20.8806 29.4279 25.9422 20.0998 36.4005 28.2843 34.6554 12.6491 26.0768 8.0 26.5707 54.6717 32.9848 34.9285 24.3516 19.0263 26.4008 2.2361 34.5254 14.0 29.4109 31.305 40.2244 32.9848 28.6356 29.8329 1.0 31.9531 32.1403 47.5079 49.8197 12.8062 22.0227 53.6004 12.2066 25.0799 18.0278 26.1725 35.7351 2.2361 23.0 25.807 21.2132 20.2485 0.0 34.7851 37.0 34.0 26.0768 15.5242 14.1421 35.3412 17.2627 
48.1041 33.2415 19.6469 22.2036 54.231 17.0 33.8378 13.9284 7.2111 39.9625 46.7547 49.2443 53.7587 35.9026 29.0172 50.9313 38.0789 21.5407 53.0377 49.7393 25.02 42.2019 17.2047 9.0 32.573 5.099 33.1361 38.4838 61.0737 45.1221 59.4138 47.4342 47.7074 35.7351 46.5296 56.0803 35.9026 42.4264 43.1045 16.2788 54.0093 29.2062 41.0488 52.811 47.634 62.9365 33.2415 47.3814 28.6356 31.6228 54.626 34.7851 0.0 23.0868 27.1662 57.4282 50.2892 31.1448 46.6154 17.8885 
47.3814 26.0 27.6586 5.099 35.4683 22.6716 30.2655 23.4307 18.0278 25.4951 37.855 31.1127 42.1545 15.6205 39.2046 39.5601 35.2278 10.4403 30.0 33.6006 3.6056 29.1548 20.6155 25.4951 35.4683 18.0278 43.6005 21.6333 51.5461 24.1868 47.4236 33.121 32.7567 37.9473 30.0 42.9418 13.4164 19.4165 49.2443 17.0294 31.1448 25.4951 27.313 52.345 34.9285 50.9902 36.7696 36.6879 14.3178 20.2237 52.0096 37.0 23.0868 0.0 6.4031 50.01 50.636 42.0119 28.2843 23.4307 
43.1741 21.3776 27.2029 5.0 29.2062 22.4722 26.2488 24.1661 21.0238 19.3132 32.249 24.7588 36.0555 9.434 38.2099 33.5261 31.0483 8.6023 26.4764 27.2029 2.8284 23.0868 20.2485 27.6586 32.7567 22.3607 42.4264 15.2643 45.607 18.3848 41.2311 26.8328 26.4197 34.8855 23.6008 36.6742 13.6015 17.4929 46.6476 17.0 27.074 21.9317 21.1896 48.0521 28.7924 44.7772 34.1321 30.8058 9.0554 15.0333 47.2652 34.0 27.1662 6.4031 0.0 44.4072 46.5725 41.0366 21.9317 23.0217 
16.1245 25.0799 39.598 45.3542 31.0644 40.6079 23.6008 44.0454 50.774 26.0192 12.1655 29.5466 11.6619 39.0512 38.4708 12.6491 19.799 41.1096 52.9245 24.1661 46.6905 22.0227 40.2244 50.3289 28.0179 55.5698 38.6264 31.0644 6.0 38.6005 11.6619 20.8806 22.1359 25.5539 26.2488 14.8661 55.0364 53.7587 30.2655 41.6773 50.5668 28.3019 24.0208 16.2788 17.4642 12.3693 28.3019 14.0357 35.6931 29.8329 11.4018 26.0768 57.4282 50.01 44.4072 0.0 18.0278 39.3954 30.6757 39.8246 
3.6056 25.2982 30.6757 45.5412 44.2041 33.7343 20.3961 36.4005 44.911 33.0151 20.6155 41.0366 26.4008 44.7214 24.8395 25.5539 15.5242 40.3113 62.8013 36.2353 48.0521 29.8329 34.3657 41.7852 17.72 50.01 23.4307 37.7359 24.0208 47.8017 28.8617 31.8904 33.3017 14.5602 36.7696 30.4631 59.4643 60.3738 13.0 37.1214 61.0737 25.1794 31.4006 2.8284 28.4253 30.2655 17.088 24.2074 37.6431 31.9531 7.2801 15.5242 50.2892 50.636 46.5725 18.0278 0.0 24.7588 41.0366 32.7567 
24.4131 26.9258 14.4222 37.5366 53.9351 19.4165 22.2036 19.6977 28.4605 38.3275 34.2345 49.2443 42.4264 44.4185 2.8284 40.1995 22.0907 32.5269 65.0 46.3897 41.0366 37.4833 21.4009 22.2036 13.0 32.9848 2.0 40.8534 44.9444 51.4782 47.0744 42.19 43.2897 14.3178 44.911 46.2709 54.4518 58.258 13.4164 25.0 64.4127 22.4722 37.855 27.5862 40.0125 49.7293 12.0416 37.054 34.6699 31.7805 31.4006 14.1421 31.1448 42.0119 41.0366 39.3954 24.7588 0.0 47.8017 18.6011 
37.4833 20.8806 38.0132 25.807 7.6158 35.1283 26.0 38.3275 39.5601 9.4868 20.8087 2.8284 19.4165 12.8062 45.3542 18.0278 28.3019 25.0799 22.3607 7.0 24.7588 11.4018 33.2415 43.9318 35.4683 42.4853 48.3839 8.2462 29.2746 8.0623 23.0 9.8489 8.544 35.7771 4.4721 18.0 27.2029 24.0208 47.1699 31.7805 20.2485 25.4951 10.2956 41.2311 13.4164 26.0768 36.7696 17.4929 18.0278 17.0 38.2753 35.3412 46.6154 28.2843 21.9317 30.6757 41.0366 47.8017 0.0 35.0571 
30.3645 17.0 4.2426 19.105 42.2966 1.0 16.2788 4.2426 12.1655 26.4764 29.8329 37.2156 37.4433 28.1603 15.8114 34.6699 20.2485 14.4222 48.4665 36.1386 22.6716 27.5136 2.8284 10.6301 15.1327 17.2627 20.2485 27.0 43.8406 36.4966 43.0116 32.8938 33.5261 18.2483 33.541 40.3113 36.1248 40.4969 27.4591 6.4031 48.3839 12.2066 26.9258 35.171 32.2025 46.4004 16.0312 31.0644 18.4391 18.1108 36.7696 17.2627 17.8885 23.4307 23.0217 39.8246 32.7567 18.6011 35.0571 0.0 
