60
0.0 41.1947 26.1725 46.3897 35.0571 22.8035 12.6491 41.5933 41.1461 43.0116 56.356 56.0803 13.6015 55.1725 25.02 50.01 4.2426 3.1623 21.9317 59.6825 50.0899 18.868 37.0135 41.1096 47.3814 61.0328 36.1248 32.8024 38.2099 56.3028 49.0408 57.7062 29.7321 38.9102 61.4003 34.0147 47.1699 40.3113 5.099 6.0828 32.45 57.2451 19.8494 17.088 40.2616 51.923 3.6056 63.7809 42.5441 43.2897 35.4401 8.9443 45.1221 13.0 56.6392 49.2544 38.9487 29.5296 18.3576 38.6394 
41.1947 0.0 32.5269 11.1803 6.3246 19.105 37.855 56.4004 22.3607 63.0317 31.3209 33.7343 32.311 44.1022 51.0392 10.2956 38.6394 42.0119 40.0 36.4005 9.0554 36.8917 6.4031 7.0 6.3246 40.025 31.305 28.3019 32.6956 25.9422 43.1741 20.6155 19.105 45.793 41.7732 14.1421 53.6656 56.8507 41.0 41.2311 38.6005 31.6228 27.5136 25.0799 6.3246 13.4536 44.4072 46.5296 25.318 2.2361 15.6525 33.9559 14.3178 41.9762 42.0119 8.0623 32.311 40.3609 28.178 11.4018 
26.1725 32.5269 0.0 30.8707 27.0185 25.318 34.0147 24.5967 19.0263 30.6105 32.7567 31.6228 13.0384 29.0 19.9249 36.7151 21.9317 29.0689 9.0554 35.1141 38.833 8.544 26.1725 28.0179 38.2884 35.7771 10.2956 8.0623 12.2066 35.0 23.0217 40.2616 13.4536 16.0312 35.8469 35.4683 25.02 24.6982 22.0227 21.4009 8.0 33.7343 32.1403 25.0799 35.805 45.9674 27.0185 37.8021 19.105 34.6554 18.3576 18.0278 27.5136 36.7151 30.6105 39.2046 13.0384 8.0623 10.198 23.3238 
46.3897 11.1803 30.8707 0.0 13.6015 26.8328 45.6946 52.4023 15.0 59.8164 20.3961 23.0868 35.0571 34.9285 50.6952 6.4031 43.1045 47.8539 39.5601 25.4951 9.8489 37.3631 10.2956 5.831 12.0416 29.2746 26.1725 24.4131 26.9072 14.7648 35.3412 11.4018 18.4391 41.0122 31.1448 25.0 47.8017 53.2635 45.0111 45.0 35.0 20.6155 36.3593 32.311 17.4642 20.3961 49.163 36.0555 17.4929 11.4018 12.6491 38.0526 4.4721 49.7695 32.249 11.4018 26.2488 37.7359 30.1496 8.0623 
35.0571 6.3246 27.0185 13.6015 0.0 13.6015 32.573 51.3128 20.0998 57.6281 31.7648 33.6155 26.0 42.107 45.0 15.2971 32.3883 36.0139 34.0588 36.6742 15.0333 30.8058 3.6056 7.8102 12.6491 39.9249 27.2029 23.7697 28.8617 27.6586 40.1995 24.5967 13.8924 41.1461 41.4367 12.6491 49.3964 51.614 34.7131 34.9285 33.6155 32.249 22.8254 19.4165 8.9443 19.2094 38.2099 45.8803 23.0868 8.544 12.0416 27.6586 15.0 36.6879 40.6079 14.3178 28.6356 35.0 21.9545 9.4868 
22.8035 19.105 25.318 26.8328 13.6015 0.0 18.9737 49.3356 28.3019 54.1295 42.5206 43.6005 17.8045 48.7032 38.6005 28.8617 21.0238 23.1948 29.0689 47.0106 28.1603 25.0599 16.5529 21.0238 25.0 49.6488 30.4138 26.3059 32.5576 39.8246 44.911 38.0789 17.088 41.3038 50.774 12.0416 50.2494 49.0408 23.7065 24.1868 33.2415 43.1856 9.8995 6.0 17.4642 29.1204 26.2488 54.5894 30.8869 21.0238 20.0 17.2047 27.2029 23.0868 48.3322 27.0185 32.7567 32.9848 16.1555 20.6155 
12.6491 37.855 34.0147 45.6946 32.573 18.9737 0.0 53.0848 44.5982 55.2268 59.6657 60.1415 21.1896 62.1289 37.3363 47.8017 15.0333 10.2956 32.3883 63.7024 46.8722 28.6356 35.4683 39.9249 43.4166 65.7647 42.72 38.833 44.9444 57.9828 56.8243 57.0088 32.5576 48.7647 66.5282 27.074 57.4891 52.0096 17.2627 18.2483 41.4367 60.4401 11.0454 13.4164 35.0571 46.0435 15.6525 69.6563 46.669 39.6232 37.2022 16.4924 45.6508 4.1231 62.8013 45.5412 45.4863 39.2938 24.1868 38.9487 
41.5933 56.4004 24.5967 52.4023 51.3128 49.3356 53.0848 0.0 37.8021 8.2462 45.5412 42.72 33.2415 31.0161 17.8885 58.7282 38.2099 44.7214 21.095 45.1221 61.5224 25.1794 50.0 50.9902 61.7171 43.4166 26.2488 28.3196 25.807 50.9902 24.1868 59.3633 37.4433 11.6619 42.19 60.0083 10.4403 2.2361 36.4966 35.5106 17.8045 46.4866 54.5894 47.8539 60.208 69.814 40.2616 41.0122 36.0555 58.4123 41.1096 37.0135 48.2701 54.4518 35.1283 62.2896 26.6271 16.5529 33.2415 46.0109 
41.1461 22.3607 19.0263 15.0 20.0998 28.3019 44.5982 37.8021 0.0 45.4863 15.2643 15.5563 27.8568 22.0227 38.6394 21.4009 37.1618 43.4166 28.0713 19.105 24.6982 27.074 17.0 15.5242 26.0 21.4009 11.6619 11.1803 12.0416 16.0312 20.8806 21.9317 12.0416 26.2488 22.4722 32.5576 32.8024 38.833 38.2753 37.9473 21.0238 16.1245 38.0132 31.8904 28.0713 34.5398 43.0813 26.4008 3.0 23.7697 8.544 32.2025 10.6301 48.2701 20.6155 25.9422 11.3137 24.3516 22.8473 11.0454 
43.0116 63.0317 30.6105 59.8164 57.6281 54.1295 55.2268 8.2462 45.4863 0.0 53.7587 50.9608 37.0 39.1152 18.0 66.0681 40.1995 46.0 25.0799 53.3667 68.6804 29.1548 56.6392 58.0 68.593 51.6236 33.8378 35.4683 33.6155 59.0931 32.3883 67.2309 43.9318 19.6977 50.3587 65.3682 18.0278 6.7082 38.0526 37.054 24.8395 54.7083 58.2409 51.8652 66.4003 76.4853 41.0488 49.0102 43.909 65.1153 48.1041 40.025 55.8032 56.0089 43.2897 69.3109 34.4819 22.6716 38.0132 53.0754 
56.356 31.3209 32.7567 20.3961 31.7648 42.5206 59.6657 45.5412 15.2643 53.7587 0.0 3.6056 42.9535 18.4391 51.0098 25.0 52.3259 58.6686 41.4367 5.099 29.0 41.2311 28.178 24.6982 32.1403 9.0 23.0868 24.7386 22.0 7.6158 22.4722 18.3848 27.2029 34.2053 11.0454 44.2832 37.5899 47.1275 53.3104 52.9245 32.0156 1.0 52.4023 46.6905 37.6431 40.0 58.1808 16.1245 13.9284 31.7805 22.6274 47.4131 17.088 63.4114 14.4222 31.0161 21.0 36.0 38.0132 22.4722 
56.0803 33.7343 31.6228 23.0868 33.6155 43.6005 60.1415 42.72 15.5563 50.9608 3.6056 0.0 42.5441 14.8661 49.163 28.0713 51.9711 58.5235 40.025 3.6056 32.0624 40.1622 30.0832 26.9258 35.0143 6.3246 21.587 23.7697 20.2237 11.1803 19.2354 21.9317 27.5862 31.5753 8.0623 46.2385 34.4384 44.3847 52.7731 52.3259 30.0666 4.2426 53.4135 47.4236 40.025 43.0465 57.7062 13.0 13.6015 34.3657 23.6008 47.1699 19.4165 63.7809 10.8167 34.0147 19.2354 34.1321 37.7359 24.1661 
13.6015 32.311 13.0384 35.0571 26.0 17.8045 21.1896 33.2415 27.8568 37.0 42.9535 42.5441 0.0 41.8688 20.8087 39.6232 9.434 16.2788 12.1655 46.1411 40.5216 8.0623 26.9258 30.4138 38.6264 47.4342 22.6274 19.2094 24.7588 43.4166 36.0555 46.0109 17.1172 27.6586 47.8017 29.7321 36.4966 32.5576 10.4403 10.198 20.2485 43.8634 21.3776 14.8661 33.2866 44.7772 15.2315 50.2494 29.0689 34.5398 23.0868 5.0 33.0606 23.7065 43.1393 40.1622 25.4558 18.2483 5.099 27.0185 
55.1725 44.1022 29.0 34.9285 42.107 48.7032 62.1289 31.0161 22.0227 39.1152 18.4391 14.8661 41.8688 0.0 41.7852 40.8044 50.9313 58.0517 35.2278 15.8114 44.643 36.8782 39.0128 37.1214 46.8722 13.0 19.4165 23.3238 17.2047 25.807 7.2801 36.3593 31.6228 21.587 11.4018 54.4518 21.3776 33.0 50.9313 50.2494 23.8537 19.105 57.7754 50.9902 50.01 55.3173 55.9017 10.198 19.0263 45.2769 30.2655 46.8615 30.5941 65.215 4.4721 46.3249 16.6433 27.7849 38.0132 33.0 
25.02 51.0392 19.9249 50.6952 45.0 38.6005 37.3363 17.8885 38.6394 18.0 51.0098 49.163 20.8087 41.7852 0.0 56.3649 22.3607 28.0 11.1803 52.345 58.1808 14.2127 44.9444 47.4131 57.1402 51.9711 28.0179 27.4591 29.0172 54.3323 34.5398 60.1664 32.6497 20.5913 51.4198 50.448 26.1725 16.1555 20.0998 19.105 19.105 52.0096 41.2311 35.3553 53.1507 64.2028 23.0868 51.8652 38.2099 53.2541 38.0789 22.8473 47.4342 38.0132 44.9222 58.3095 30.0167 15.0333 23.3452 42.9535 
50.01 10.2956 36.7151 6.4031 15.2971 28.8617 47.8017 58.7282 21.4009 66.0681 25.0 28.0713 39.6232 40.8044 56.3649 0.0 47.0425 51.1566 45.1885 30.0167 4.0 42.72 13.0 9.2195 7.6158 34.0 32.5269 30.6105 33.3017 18.2483 41.5933 10.6301 23.7697 47.3814 36.0139 24.2074 54.2033 59.5483 49.163 49.2544 41.2311 25.02 37.6962 34.7131 15.5563 15.0 53.0094 41.0488 23.8537 9.2195 18.3576 42.107 10.8167 51.923 37.855 6.0828 32.6497 43.8292 34.9285 13.4164 
4.2426 38.6394 21.9317 43.1045 32.3883 21.0238 15.0333 38.2099 37.1618 40.1995 52.3259 51.9711 9.434 50.9313 22.3607 47.0425 0.0 7.2111 18.0278 55.5698 47.3814 14.7648 34.0588 38.0 44.911 56.8595 31.8904 28.6007 33.9706 52.4976 44.8219 54.3323 25.9615 34.9285 57.2014 32.7567 43.3244 37.054 2.8284 3.6056 28.3019 53.2259 20.0 15.8114 38.2753 49.98 6.0828 59.5483 38.4708 40.7922 31.7805 5.099 41.5933 16.2788 52.4023 46.6905 34.7131 25.4951 14.3178 35.2278 
3.1623 42.0119 29.0689 47.8539 36.0139 23.1948 10.2956 44.7214 43.4166 46.0 58.6686 58.5235 16.2788 58.0517 28.0 51.1566 7.2111 0.0 25.0799 62.1289 51.0 21.9545 38.2099 42.4264 48.0937 63.6003 38.8973 35.4683 41.0122 58.3095 52.0096 59.2284 31.7805 42.0476 64.0312 33.8378 50.3289 43.4166 8.2462 9.2195 35.5106 59.5399 18.868 17.2627 40.6079 52.1728 5.3852 66.5282 44.9444 44.0454 37.3363 11.4018 46.8402 10.0499 59.4138 50.04 41.7253 32.6497 20.8087 40.2616 
21.9317 40.0 9.0554 39.5601 34.0588 29.0689 32.3883 21.095 28.0713 25.0799 41.4367 40.025 12.1655 35.2278 11.1803 45.1885 18.0278 25.0799 0.0 43.4166 47.0106 4.1231 33.8378 36.2353 46.0435 43.6578 18.4391 17.0 19.9249 44.0114 28.4253 49.2443 21.4709 17.0 43.4626 40.4969 25.2982 20.3961 17.0 16.1245 11.4018 42.4264 33.541 26.9258 42.4264 53.2635 21.6333 44.7772 28.0179 42.2019 26.9258 16.0312 36.4005 34.2053 37.5899 47.1699 20.8806 7.8102 13.0384 31.7805 
59.6825 36.4005 35.1141 25.4951 36.6742 47.0106 63.7024 45.1221 19.105 53.3667 5.099 3.6056 46.1411 15.8114 52.345 30.0167 55.5698 62.1289 43.4166 0.0 34.0147 43.6578 33.1059 29.7321 37.2156 4.1231 25.0 27.313 23.5372 12.1655 21.1896 22.8035 31.1448 34.2345 6.3246 49.2443 36.4005 46.8722 56.356 55.9017 33.2415 5.0 56.8507 50.9313 42.72 45.0111 61.2944 11.4018 17.2047 36.8782 27.0185 50.774 22.1359 67.3573 11.4018 36.0555 22.561 37.3363 41.3401 27.2947 
50.0899 9.0554 38.833 9.8489 15.0333 28.1603 46.8722 61.5224 24.6982 68.6804 29.0 32.0624 40.5216 44.643 58.1808 4.0 47.3814 51.0 47.0106 34.0147 0.0 44.2832 13.6015 10.8167 4.2426 38.0 35.4683 33.2415 36.4005 22.2036 45.1885 13.8924 25.5539 50.3289 40.0125 21.9545 57.4282 62.2415 49.6488 49.8197 43.8634 29.0172 36.4005 34.1321 13.0384 11.0 53.2353 45.0444 27.2947 7.2801 20.6155 42.5793 14.3178 50.9902 41.7732 2.2361 35.805 46.2277 36.0555 15.6205 
18.868 36.8917 8.544 37.3631 30.8058 25.0599 28.6356 25.1794 27.074 29.1548 41.2311 40.1622 8.0623 36.8782 14.2127 42.72 14.7648 21.9545 4.1231 43.6578 44.2832 0.0 30.8869 33.6155 43.0465 44.2832 18.7883 16.4924 20.5913 43.1045 30.4138 47.5184 18.9737 20.2485 44.2945 36.6197 28.8617 24.5153 14.2127 13.4536 13.6015 42.2019 29.4279 22.8035 38.9487 50.0 19.105 46.0435 27.4591 39.1152 24.7386 12.1655 34.5254 30.6757 38.833 44.2945 21.4709 10.7703 9.2195 29.4109 
37.0135 6.4031 26.1725 10.2956 3.6056 16.5529 35.4683 50.0 17.0 56.6392 28.178 30.0832 26.9258 39.0128 44.9444 13.0 34.0588 38.2099 33.8378 33.1059 13.6015 30.8869 0.0 4.4721 12.2066 36.4005 25.0799 21.9545 26.5707 24.0832 37.4833 21.5407 12.7279 39.4462 37.9473 16.1555 47.4236 50.448 36.2215 36.3456 32.2025 28.6531 26.0768 22.1359 11.1803 19.8494 40.0125 42.45 20.0 8.4853 9.4868 29.1548 11.4018 39.5601 37.3363 13.4164 26.2488 33.9706 22.4722 6.0828 
41.1096 7.0 28.0179 5.831 7.8102 21.0238 39.9249 50.9902 15.5242 58.0 24.6982 26.9258 30.4138 37.1214 47.4131 9.2195 38.0 42.4264 36.2353 29.7321 10.8167 33.6155 4.4721 0.0 10.8167 33.2415 25.2389 22.6716 26.4197 20.0 36.4005 17.088 14.7648 40.0 34.9285 19.7231 47.5079 51.6236 40.05 40.1123 33.2415 25.0799 30.5287 26.5707 13.1529 19.2354 44.0114 39.6232 18.4391 8.2462 9.8995 33.0151 7.6158 44.0114 35.0143 11.3137 25.9422 35.4683 25.7099 5.0 
47.3814 6.3246 38.2884 12.0416 12.6491 25.0 43.4166 61.7171 26.0 68.593 32.1403 35.0143 38.6264 46.8722 57.1402 7.6158 44.911 48.0937 46.0435 37.2156 4.2426 43.0465 12.2066 10.8167 0.0 41.1096 36.0555 33.4215 37.2156 25.7099 46.8188 18.0278 24.8395 50.8035 43.0465 17.8885 58.3095 62.2896 47.2969 47.5395 43.9318 32.249 32.7567 31.0 8.9443 8.544 50.636 48.0104 28.7924 4.1231 20.6155 40.2616 16.2788 47.5184 44.2832 2.2361 36.7151 45.9674 34.4384 15.8114 
61.0328 40.025 35.7771 29.2746 39.9249 49.6488 65.7647 43.4166 21.4009 51.6236 9.0 6.3246 47.4342 13.0 51.9711 34.0 56.8595 63.6003 43.6578 4.1231 38.0 44.2832 36.4005 33.2415 41.1096 0.0 25.4951 28.3019 23.7697 16.2788 19.2354 26.9258 33.3017 33.0 2.2361 52.5547 34.2053 45.2769 57.4543 56.9386 32.9848 9.0554 59.4054 53.2635 46.3249 49.0 62.434 7.2801 19.105 40.6079 29.6816 52.2015 25.7099 69.3109 8.544 40.0125 22.8473 37.108 42.8019 30.4631 
36.1248 31.305 10.2956 26.1725 27.2029 30.4138 42.72 26.2488 11.6619 33.8378 23.0868 21.587 22.6274 19.4165 28.0179 32.5269 31.8904 38.8973 18.4391 25.0 35.4683 18.7883 25.0799 25.2389 36.0555 25.4951 0.0 4.1231 2.2361 26.4764 14.5602 33.541 14.0357 14.8661 25.5539 38.2099 22.3607 27.2029 32.2025 31.6228 9.4868 24.0832 38.8973 31.9531 36.0555 44.4185 37.2022 27.6586 10.4403 33.121 15.6525 27.5862 22.0227 45.8039 20.5183 36.4005 2.8284 13.1529 18.6011 20.2485 
32.8024 28.3019 8.0623 24.4131 23.7697 26.3059 38.833 28.3196 11.1803 35.4683 24.7386 23.7697 19.2094 23.3238 27.4591 30.6105 28.6007 35.4683 17.0 27.313 33.2415 16.4924 21.9545 22.6716 33.4215 28.3019 4.1231 0.0 6.3246 27.0185 18.6815 32.8938 10.198 17.4929 28.6007 34.3657 25.632 29.0 29.1548 28.6531 10.6301 25.7099 34.7851 27.8568 32.6956 41.6173 34.1321 31.1127 11.0454 30.2324 12.8062 24.0832 20.5913 42.0119 24.0832 33.9706 6.7082 13.4164 14.8661 17.6918 
38.2099 32.6956 12.2066 26.9072 28.8617 32.5576 44.9444 25.807 12.0416 33.6155 22.0 20.2237 24.7588 17.2047 29.0172 33.3017 33.9706 41.0122 19.9249 23.5372 36.4005 20.5913 26.5707 26.4197 37.2156 23.7697 2.2361 6.3246 0.0 25.9615 12.3693 33.6155 16.0 14.2127 23.7065 40.1123 21.095 26.9258 34.2053 33.6006 10.0499 23.0 41.1096 34.176 37.6431 45.6508 39.2046 25.6125 10.2956 34.4384 17.088 29.7321 22.6274 48.0104 18.4391 37.4433 1.0 14.0 20.8087 21.4709 
56.3028 25.9422 35.0 14.7648 27.6586 39.8246 57.9828 50.9902 16.0312 59.0931 7.6158 11.1803 43.4166 25.807 54.3323 18.2483 52.4976 58.3095 44.0114 12.1655 22.2036 43.1045 24.0832 20.0 25.7099 16.2788 26.4764 27.0185 25.9615 0.0 29.0689 10.7703 26.5707 39.3954 18.4391 39.6611 43.8292 52.3927 53.8516 53.6004 35.9026 7.2801 49.679 44.6542 32.2025 33.1361 58.5235 23.5372 16.1245 26.0 21.0238 47.4342 12.7279 61.9112 21.9545 24.3311 25.0 39.6232 38.3275 19.2094 
49.0408 43.1741 23.0217 35.3412 40.1995 44.911 56.8243 24.1868 20.8806 32.3883 22.4722 19.2354 36.0555 7.2801 34.5398 41.5933 44.8219 52.0096 28.4253 21.1896 45.1885 30.4138 37.4833 36.4005 46.8188 19.2354 14.5602 18.6815 12.3693 29.0689 0.0 38.9487 28.1603 14.3178 18.0278 52.0 15.2315 26.0768 44.5982 43.8634 17.0294 23.3238 53.4509 46.4866 48.6621 55.3624 49.5177 17.4642 18.0278 44.643 28.1603 41.0488 30.8707 59.6825 11.0 46.6154 12.1655 20.8087 32.6497 31.7805 
57.7062 20.6155 40.2616 11.4018 24.5967 38.0789 57.0088 59.3633 21.9317 67.2309 18.3848 21.9317 46.0109 36.3593 60.1664 10.6301 54.3323 59.2284 49.2443 22.8035 13.8924 47.5184 21.5407 17.088 18.0278 26.9258 33.541 32.8938 33.6155 10.7703 38.9487 0.0 29.0172 47.7074 29.1204 34.7131 53.1507 60.5392 56.1427 56.0803 42.9535 18.0278 47.4131 43.6578 26.1725 24.0416 60.407 34.2053 23.3238 19.799 23.0217 49.2544 13.0384 61.0983 32.6497 16.1245 32.7567 46.2385 41.0 19.105 
29.7321 19.105 13.4536 18.4391 13.8924 17.088 32.5576 37.4433 12.0416 43.9318 27.2029 27.5862 17.1172 31.6228 32.6497 23.7697 25.9615 31.7805 21.4709 31.1448 25.5539 18.9737 12.7279 14.7648 24.8395 33.3017 14.0357 10.198 16.0 26.5707 28.1603 29.0172 0.0 27.313 34.2053 24.1868 35.7351 37.8021 27.4591 27.2947 19.7231 28.0179 26.4197 20.0 22.8254 32.5576 32.0156 37.7359 14.2127 21.2132 6.0 20.8806 16.0 36.2353 31.305 25.807 16.0312 21.2603 12.0416 10.4403 
38.9102 45.793 16.0312 41.0122 41.1461 41.3038 48.7647 11.6619 26.2488 19.6977 34.2053 31.5753 27.6586 21.587 20.5913 47.3814 34.9285 42.0476 17.0 34.2345 50.3289 20.2485 39.4462 40.0 50.8035 33.0 14.8661 17.4929 14.2127 39.3954 14.3178 47.7074 27.313 0.0 32.0624 50.9608 9.0 13.0 34.0 33.121 8.0623 35.171 48.0416 41.0122 50.0899 59.0762 38.5876 31.7805 24.4131 47.7074 30.2324 32.28 36.7967 50.9215 25.1794 51.225 15.0 9.4868 26.0192 35.0 
61.4003 41.7732 35.8469 31.1448 41.4367 50.774 66.5282 42.19 22.4722 50.3587 11.0454 8.0623 47.8017 11.4018 51.4198 36.0139 57.2014 64.0312 43.4626 6.3246 40.0125 44.2945 37.9473 34.9285 43.0465 2.2361 25.5539 28.6007 23.7065 18.4391 18.0278 29.1204 34.2053 32.0624 0.0 54.0833 32.7567 44.1022 57.6888 57.1402 32.573 11.1803 60.4649 54.2033 48.0521 51.0098 62.6817 5.099 20.0 42.4264 30.8869 52.6308 27.4591 70.0071 7.0711 42.0 22.8254 36.6879 43.2782 31.9531 
34.0147 14.1421 35.4683 25.0 12.6491 12.0416 27.074 60.0083 32.5576 65.3682 44.2832 46.2385 29.7321 54.4518 50.448 24.2074 32.7567 33.8378 40.4969 49.2443 21.9545 36.6197 16.1555 19.7231 17.8885 52.5547 38.2099 34.3657 40.1123 39.6611 52.0 34.7131 24.1868 50.9608 54.0833 0.0 59.6657 59.9333 35.5106 36.0555 43.0116 44.7214 16.0312 17.0 8.9443 19.0 37.5766 58.5235 35.5106 15.0 24.1868 29.2062 27.2947 31.0161 53.1507 20.1246 40.05 43.4626 27.4591 22.1359 
47.1699 53.6656 25.02 47.8017 49.3964 50.2494 57.4891 10.4403 32.8024 18.0278 37.5899 34.4384 36.4966 21.3776 26.1725 54.2033 43.3244 50.3289 25.2982 36.4005 57.4282 28.8617 47.4236 47.5079 58.3095 34.2053 22.3607 25.632 21.095 43.8292 15.2315 53.1507 35.7351 9.0 32.7567 59.6657 0.0 12.6491 42.1545 41.2311 17.0294 38.4708 57.0351 50.01 58.3095 66.7308 46.5188 31.0644 30.4795 55.4707 38.0132 41.0 43.4166 59.4811 25.7099 58.5235 21.6333 18.2483 35.0143 42.5441 
40.3113 56.8507 24.6982 53.2635 51.614 49.0408 52.0096 2.2361 38.833 6.7082 47.1275 44.3847 32.5576 33.0 16.1555 59.5483 37.054 43.4166 20.3961 46.8722 62.2415 24.5153 50.448 51.6236 62.2896 45.2769 27.2029 29.0 26.9258 52.3927 26.0768 60.5392 37.8021 13.0 44.1022 59.9333 12.6491 0.0 35.2278 34.2345 18.3848 48.0833 53.9351 47.2969 60.4649 70.2922 38.833 43.0465 37.2156 58.8982 41.7253 36.1248 49.2037 53.2353 37.054 62.9365 27.7849 16.6433 32.8938 46.669 
5.099 41.0 22.0227 45.0111 34.7131 23.7065 17.2627 36.4966 38.2753 38.0526 53.3104 52.7731 10.4403 50.9313 20.0998 49.163 2.8284 8.2462 17.0 56.356 49.6488 14.2127 36.2215 40.05 47.2969 57.4543 32.2025 29.1548 34.2053 53.8516 44.5982 56.1427 27.4591 34.0 57.6888 35.5106 42.1545 35.2278 0.0 1.0 27.8029 54.231 22.8035 18.6011 40.8534 52.5547 5.0 59.8164 39.3954 43.1741 33.3766 7.0711 43.2897 18.0278 52.6308 49.0306 35.0 24.6982 15.5242 37.054 
6.0828 41.2311 21.4009 45.0 34.9285 24.1868 18.2483 35.5106 37.9473 37.054 52.9245 52.3259 10.198 50.2494 19.105 49.2544 3.6056 9.2195 16.1245 55.9017 49.8197 13.4536 36.3456 40.1123 47.5395 56.9386 31.6228 28.6531 33.6006 53.6004 43.8634 56.0803 27.2947 33.121 57.1402 36.0555 41.2311 34.2345 1.0 0.0 27.0185 53.8516 23.6008 19.2094 41.2311 52.9245 5.6569 59.203 39.0 43.4166 33.2415 7.2801 43.1856 19.0263 52.0096 49.2443 34.4093 23.8537 15.2971 37.0135 
32.45 38.6005 8.0 35.0 33.6155 33.2415 41.4367 17.8045 21.0238 24.8395 32.0156 30.0666 20.2485 23.8537 19.105 41.2311 28.3019 35.5106 11.4018 33.2415 43.8634 13.6015 32.2025 33.2415 43.9318 32.9848 9.4868 10.6301 10.0499 35.9026 17.0294 42.9535 19.7231 8.0623 32.573 43.0116 17.0294 18.3848 27.8029 27.0185 0.0 33.0151 40.1123 33.0606 42.5441 52.0096 32.6497 33.541 19.9249 40.6079 23.3452 25.0799 31.0644 43.8634 26.4008 44.5533 11.0454 4.1231 18.1108 28.2843 
57.2451 31.6228 33.7343 20.6155 32.249 43.1856 60.4401 46.4866 16.1245 54.7083 1.0 4.2426 43.8634 19.105 52.0096 25.02 53.2259 59.5399 42.4264 5.0 29.0172 42.2019 28.6531 25.0799 32.249 9.0554 24.0832 25.7099 23.0 7.2801 23.3238 18.0278 28.0179 35.171 11.1803 44.7214 38.4708 48.0833 54.231 53.8516 33.0151 0.0 53.0754 47.4236 37.9473 40.0125 59.0931 16.2788 14.8661 32.0156 23.3452 48.3011 17.4642 64.2028 15.0 31.0644 22.0 37.0 38.9102 23.0217 
19.8494 27.5136 32.1403 36.3593 22.8254 9.8995 11.0454 54.5894 38.0132 58.2409 52.4023 53.4135 21.3776 57.7754 41.2311 37.6962 20.0 18.868 33.541 56.8507 36.4005 29.4279 26.0768 30.5287 32.7567 59.4054 38.8973 34.7851 41.1096 49.679 53.4509 47.4131 26.4197 48.0416 60.4649 16.0312 57.0351 53.9351 22.8035 23.6008 40.1123 53.0754 0.0 7.0711 24.1868 35.0143 23.4307 64.1405 40.4969 29.1204 29.8329 18.3848 37.0135 15.0 57.7062 34.9285 41.4367 39.0128 22.0227 30.4795 
17.088 25.0799 25.0799 32.311 19.4165 6.0 13.4164 47.8539 31.8904 51.8652 46.6905 47.4236 14.8661 50.9902 35.3553 34.7131 15.8114 17.2627 26.9258 50.9313 34.1321 22.8035 22.1359 26.5707 31.0 53.2635 31.9531 27.8568 34.176 44.6542 46.4866 43.6578 20.0 41.0122 54.2033 17.0 50.01 47.2969 18.6011 19.2094 33.0606 47.4236 7.0711 0.0 23.3452 34.9285 20.6155 57.6888 34.2053 27.0185 24.0832 12.8062 32.249 17.4642 51.1077 33.0151 34.5398 32.0624 15.0 25.5539 
40.2616 6.3246 35.805 17.4642 8.9443 17.4642 35.0571 60.208 28.0713 66.4003 37.6431 40.025 33.2866 50.01 53.1507 15.5563 38.2753 40.6079 42.4264 42.72 13.0384 38.9487 11.1803 13.1529 8.9443 46.3249 36.0555 32.6956 37.6431 32.2025 48.6621 26.1725 22.8254 50.0899 48.0521 8.9443 58.3095 60.4649 40.8534 41.2311 42.5441 37.9473 24.1868 23.3452 0.0 11.7047 43.6807 52.7731 31.0644 6.4031 20.6155 34.0147 20.6155 39.1152 48.0937 11.1803 37.3631 43.8292 29.8329 17.0294 
51.923 13.4536 45.9674 20.3961 19.2094 29.1204 46.0435 69.814 34.5398 76.4853 40.0 43.0465 44.7772 55.3173 64.2028 15.0 49.98 52.1728 53.2635 45.0111 11.0 50.0 19.8494 19.2354 8.544 49.0 44.4185 41.6173 45.6508 33.1361 55.3624 24.0416 32.5576 59.0762 51.0098 19.0 66.7308 70.2922 52.5547 52.9245 52.0096 40.0125 35.0143 34.9285 11.7047 0.0 55.3624 56.0357 37.3363 11.4018 28.8444 45.6946 24.7386 50.01 52.6118 9.0554 45.1774 53.8145 41.0488 24.1868 
3.6056 44.4072 27.0185 49.163 38.2099 26.2488 15.6525 40.2616 43.0813 41.0488 58.1808 57.7062 15.2315 55.9017 23.0868 53.0094 6.0828 5.3852 21.6333 61.2944 53.2353 19.105 40.0125 44.0114 50.636 62.434 37.2022 34.1321 39.2046 58.5235 49.5177 60.407 32.0156 38.5876 62.6817 37.5766 46.5188 38.833 5.0 5.6569 32.6497 59.0931 23.4307 20.6155 43.6807 55.3624 0.0 64.8151 44.2832 46.5296 37.855 11.1803 47.676 15.2971 57.6281 52.469 40.0 29.4109 20.2485 41.3038 
63.7809 46.5296 37.8021 36.0555 45.8803 54.5894 69.6563 41.0122 26.4008 49.0102 16.1245 13.0 50.2494 10.198 51.8652 41.0488 59.5483 66.5282 44.7772 11.4018 45.0444 46.0435 42.45 39.6232 48.0104 7.2801 27.6586 31.1127 25.6125 23.5372 17.4642 34.2053 37.7359 31.7805 5.099 58.5235 31.0644 43.0465 59.8164 59.203 33.541 16.2788 64.1405 57.6888 52.7731 56.0357 64.8151 0.0 23.7065 47.2652 34.9285 55.1725 32.249 73.0 7.2111 47.0106 24.8395 37.5766 45.9674 36.4005 
42.5441 25.318 19.105 17.4929 23.0868 30.8869 46.669 36.0555 3.0 43.909 13.9284 13.6015 29.0689 19.0263 38.2099 23.8537 38.4708 44.9444 28.0179 17.2047 27.2947 27.4591 20.0 18.4391 28.7924 19.105 10.4403 11.0454 10.2956 16.1245 18.0278 23.3238 14.2127 24.4131 20.0 35.5106 30.4795 37.2156 39.3954 39.0 19.9249 14.8661 40.4969 34.2053 31.0644 37.3363 44.2832 23.7065 0.0 26.6833 11.4018 33.6155 13.0384 50.2494 17.72 28.6356 9.434 23.5372 24.1868 14.0357 
43.2897 2.2361 34.6554 11.4018 8.544 21.0238 39.6232 58.4123 23.7697 65.1153 31.7805 34.3657 34.5398 45.2769 53.2541 9.2195 40.7922 44.0454 42.2019 36.8782 7.2801 39.1152 8.4853 8.2462 4.1231 40.6079 33.121 30.2324 34.4384 26.0 44.643 19.799 21.2132 47.7074 42.4264 15.0 55.4707 58.8982 43.1741 43.4166 40.6079 32.0156 29.1204 27.0185 6.4031 11.4018 46.5296 47.2652 26.6833 0.0 17.4929 36.1386 15.0333 43.7379 43.0116 6.0 34.0147 42.45 30.4138 13.0 
35.4401 15.6525 18.3576 12.6491 12.0416 20.0 37.2022 41.1096 8.544 48.1041 22.6274 23.6008 23.0868 30.2655 38.0789 18.3576 31.7805 37.3363 26.9258 27.0185 20.6155 24.7386 9.4868 9.8995 20.6155 29.6816 15.6525 12.8062 17.088 21.0238 28.1603 23.0217 6.0 30.2324 30.8869 24.1868 38.0132 41.7253 33.3766 33.2415 23.3452 23.3452 29.8329 24.0832 20.6155 28.8444 37.855 34.9285 11.4018 17.4929 0.0 26.6833 10.0 41.0488 29.1204 21.2132 16.7631 25.6125 18.0278 5.0 
8.9443 33.9559 18.0278 38.0526 27.6586 17.2047 16.4924 37.0135 32.2025 40.025 47.4131 47.1699 5.0 46.8615 22.8473 42.107 5.099 11.4018 16.0312 50.774 42.5793 12.1655 29.1548 33.0151 40.2616 52.2015 27.5862 24.0832 29.7321 47.4342 41.0488 49.2544 20.8806 32.28 52.6308 29.2062 41.0 36.1248 7.0711 7.2801 25.0799 48.3011 18.3848 12.8062 34.0147 45.6946 11.1803 55.1725 33.6155 36.1386 26.6833 0.0 36.4966 18.7883 48.0833 41.9762 30.4138 22.8035 9.434 30.1496 
45.1221 14.3178 27.5136 4.4721 15.0 27.2029 45.6508 48.2701 10.6301 55.8032 17.088 19.4165 33.0606 30.5941 47.4342 10.8167 41.5933 46.8402 36.4005 22.1359 14.3178 34.5254 11.4018 7.6158 16.2788 25.7099 22.0227 20.5913 22.6274 12.7279 30.8707 13.0384 16.0 36.7967 27.4591 27.2947 43.4166 49.2037 43.2897 43.1856 31.0644 17.4642 37.0135 32.249 20.6155 24.7386 47.676 32.249 13.0384 15.0333 10.0 36.4966 0.0 49.6488 28.0713 15.8114 21.9317 34.0 28.0179 6.7082 
13.0 41.9762 36.7151 49.7695 36.6879 23.0868 4.1231 54.4518 48.2701 56.0089 63.4114 63.7809 23.7065 65.215 38.0132 51.923 16.2788 10.0499 34.2053 67.3573 50.9902 30.6757 39.5601 44.0114 47.5184 69.3109 45.8039 42.0119 48.0104 61.9112 59.6825 61.0983 36.2353 50.9215 70.0071 31.0161 59.4811 53.2353 18.0278 19.0263 43.8634 64.2028 15.0 17.4642 39.1152 50.01 15.2971 73.0 50.2494 43.7379 41.0488 18.7883 49.6488 0.0 66.0681 49.6488 48.6004 41.4367 27.2029 42.9418 
56.6392 42.0119 30.6105 32.249 40.6079 48.3322 62.8013 35.1283 20.6155 43.2897 14.4222 10.8167 43.1393 4.4721 44.9222 37.855 52.4023 59.4138 37.5899 11.4018 41.7732 38.833 37.3363 35.0143 44.2832 8.544 20.5183 24.0832 18.4391 21.9545 11.0 32.6497 31.305 25.1794 7.0711 53.1507 25.7099 37.054 52.6308 52.0096 26.4008 15.0 57.7062 51.1077 48.0937 52.6118 57.6281 7.2111 17.72 43.0116 29.1204 48.0833 28.0713 66.0681 0.0 43.566 17.6918 30.4631 38.9487 31.257 
49.2544 8.0623 39.2046 11.4018 14.3178 27.0185 45.5412 62.2896 25.9422 69.3109 31.0161 34.0147 40.1622 46.3249 58.3095 6.0828 46.6905 50.04 47.1699 36.0555 2.2361 44.2945 13.4164 11.3137 2.2361 40.0125 36.4005 33.9706 37.4433 24.3311 46.6154 16.1245 25.807 51.225 42.0 20.1246 58.5235 62.9365 49.0306 49.2443 44.5533 31.0644 34.9285 33.0151 11.1803 9.0554 52.469 47.0106 28.6356 6.0 21.2132 41.9762 15.8114 49.6488 43.566 0.0 36.8917 46.7547 35.8469 16.2788 
38.9487 32.311 13.0384 26.2488 28.6356 32.7567 45.4863 26.6271 11.3137 34.4819 21.0 19.2354 25.4558 16.6433 30.0167 32.6497 34.7131 41.7253 20.8806 22.561 35.805 21.4709 26.2488 25.9422 36.7151 22.8473 2.8284 6.7082 1.0 25.0 12.1655 32.7567 16.0312 15.0 22.8254 40.05 21.6333 27.7849 35.0 34.4093 11.0454 22.0 41.4367 34.5398 37.3631 45.1774 40.0 24.8395 9.434 34.0147 16.7631 30.4138 21.9317 48.6004 17.6918 36.8917 0.0 15.0 21.4009 21.0238 
29.5296 40.3609 8.0623 37.7359 35.0 32.9848 39.2938 16.5529 24.3516 22.6716 36.0 34.1321 18.2483 27.7849 15.0333 43.8292 25.4951 32.6497 7.8102 37.3363 46.2277 10.7703 33.9706 35.4683 45.9674 37.108 13.1529 13.4164 14.0 39.6232 20.8087 46.2385 21.2603 9.4868 36.6879 43.4626 18.2483 16.6433 24.6982 23.8537 4.1231 37.0 39.0128 32.0624 43.8292 53.8145 29.4109 37.5766 23.5372 42.45 25.6125 22.8035 34.0 41.4367 30.4631 46.7547 15.0 0.0 17.1172 30.6105 
18.3576 28.178 10.198 30.1496 21.9545 16.1555 24.1868 33.2415 22.8473 38.0132 38.0132 37.7359 5.099 38.0132 23.3452 34.9285 14.3178 20.8087 13.0384 41.3401 36.0555 9.2195 22.4722 25.7099 34.4384 42.8019 18.6011 14.8661 20.8087 38.3275 32.6497 41.0 12.0416 26.0192 43.2782 27.4591 35.0143 32.8938 15.5242 15.2971 18.1108 38.9102 22.0227 15.0 29.8329 41.0488 20.2485 45.9674 24.1868 30.4138 18.0278 9.434 28.0179 27.2029 38.9487 35.8469 21.4009 17.1172 0.0 22.0907 
38.6394 11.4018 23.3238 8.0623 9.4868 20.6155 38.9487 46.0109 11.0454 53.0754 22.4722 24.1661 27.0185 33.0 42.9535 13.4164 35.2278 40.2616 31.7805 27.2947 15.6205 29.4109 6.0828 5.0 15.8114 30.4631 20.2485 17.6918 21.4709 19.2094 31.7805 19.105 10.4403 35.0 31.9531 22.1359 42.5441 46.669 37.054 37.0135 28.2843 23.0217 30.4795 25.5539 17.0294 24.1868 41.3038 36.4005 14.0357 13.0 5.0 30.1496 6.7082 42.9418 31.257 16.2788 21.0238 30.6105 22.0907 0.0 
