90
0.0 63.6396 24.7386 34.2345 60.3738 54.9181 27.5136 64.1405 77.1038 65.123 26.0192 40.6079 95.6033 70.6045 45.8803 69.8928 74.6324 8.544 44.2719 12.8062 15.6525 70.0357 16.5529 50.01 69.8928 63.2456 17.0 54.0833 80.0562 37.3363 43.1393 26.4008 17.4642 62.426 23.6008 21.9317 26.6271 50.6952 53.3104 39.2938 34.0588 69.1158 48.3735 30.4138 23.2594 27.2029 43.0 70.0643 25.0 40.4969 20.2485 55.0818 42.72 67.0671 36.2353 51.1077 33.2415 31.257 45.0111 73.2462 36.1248 28.2312 23.1948 24.0208 43.8292 42.0595 34.176 25.318 64.4127 49.4773 49.1935 61.5873 24.3516 48.0833 36.7967 27.7308 38.2884 8.0623 18.2483 74.4648 85.5862 57.4282 51.9711 59.4138 59.2115 36.6879 25.0799 45.5412 46.0435 45.793 
63.6396 0.0 39.1152 31.7805 72.5603 82.3286 73.9797 70.6824 19.105 13.1529 64.2884 23.0868 68.2495 68.0074 92.6553 48.2597 16.1245 71.2531 31.1448 73.0068 73.6817 61.8466 50.5964 93.2363 32.1403 66.7083 68.1542 29.5466 22.4722 35.609 50.448 43.8292 64.4748 65.7951 50.01 77.6209 57.1402 32.249 33.1059 70.8378 29.8329 45.1774 15.2971 43.9659 78.924 40.7185 21.9317 9.2195 39.0512 59.4138 74.4312 11.6619 68.593 32.0 47.4236 39.8246 42.72 34.5398 20.5913 68.1542 42.9535 81.8596 73.3485 65.7343 58.8982 38.9487 85.4751 38.3275 73.7902 25.807 67.0075 43.4166 56.7539 51.8652 42.0476 38.1182 37.5766 61.131 66.6108 19.9249 68.0074 17.088 12.0416 53.8516 5.6569 68.1175 54.8179 18.1108 30.2324 61.8466 
24.7386 39.1152 0.0 14.1421 60.075 61.6117 38.5876 61.6604 53.9351 42.2019 30.4795 16.0312 82.4621 64.846 62.2013 56.4004 49.98 32.1403 26.9072 34.0588 36.8917 61.8466 15.8114 64.6607 51.0392 59.2284 33.2415 36.1248 55.5428 21.9545 36.6742 17.0 30.4795 58.2495 16.4012 42.0119 29.4109 33.9706 36.7967 46.1736 10.7703 54.6717 24.0 16.2788 43.4166 14.1421 19.9249 46.0977 6.0828 40.05 36.6879 30.3645 46.8722 48.6004 29.2746 37.7359 18.0278 12.2066 22.1359 66.7308 21.0 47.4236 39.6232 30.8058 42.0119 29.0689 52.345 2.2361 63.2851 30.0 50.04 48.0104 23.3452 41.2311 21.0238 6.0828 19.6469 23.8537 29.5466 50.0899 75.2928 35.4683 27.2947 50.6952 35.0143 43.0116 22.0227 21.0238 24.4131 45.0 
34.2345 31.7805 14.1421 0.0 50.4876 55.4617 52.4309 51.0098 43.0 31.0 44.5982 12.53 68.4105 52.7731 61.7171 42.4382 45.8039 42.5793 12.8062 45.607 42.2019 49.0408 19.2354 62.9365 37.2156 48.0416 36.4005 22.0227 52.0096 9.0554 26.1725 12.2066 32.6956 47.0425 30.4795 45.8803 26.1725 19.8494 22.6716 41.6173 6.0 40.6079 17.2047 29.0689 47.1699 8.9443 9.8489 36.6742 9.8489 32.311 49.6588 26.8701 40.7063 34.6699 19.9249 24.1661 30.0832 3.0 11.4018 54.3415 32.573 50.0899 41.5933 44.8219 33.2415 16.2788 53.8516 12.0416 53.1507 16.1245 41.7612 34.1321 37.4833 30.0 32.28 18.3576 29.4279 30.1496 43.0465 47.4236 61.7171 23.1948 22.0227 38.0789 26.5707 38.6005 36.1248 15.5563 30.2655 36.4005 
60.3738 72.5603 60.075 50.4876 0.0 17.0 87.7268 6.0828 70.7107 62.8013 84.119 62.3699 49.163 16.1245 41.2311 34.4384 88.6848 66.888 42.72 72.2011 52.4976 21.2132 48.5077 37.3363 49.8197 9.2195 45.8039 43.2666 95.0158 41.7732 24.3311 43.1045 43.566 9.4868 74.1485 49.5177 34.176 40.3113 39.6611 23.3452 56.4358 36.7151 63.5689 76.2365 49.5782 46.0109 56.3205 71.4003 54.037 20.6155 80.5295 73.736 18.4391 47.5079 31.0161 32.7567 78.1025 50.1597 55.9732 19.2354 81.0555 47.2017 43.1393 82.8734 18.1108 35.4401 44.7772 58.0345 4.2426 46.9574 11.1803 32.6497 79.3095 21.1896 81.0247 66.0303 79.0253 52.3259 78.0 92.1303 35.3553 55.7584 68.352 20.6155 67.1193 24.8395 78.8543 63.6003 80.7527 15.2971 
54.9181 82.3286 61.6117 55.4617 17.0 0.0 82.2253 23.0217 83.6002 74.3303 80.5047 67.9779 66.1211 33.0606 25.0799 50.2892 98.2344 59.7746 51.225 65.146 43.4626 38.1182 47.2652 20.6155 64.0078 26.0768 38.3275 54.5619 104.6375 48.0208 31.8904 45.2217 37.4833 26.1725 73.1095 38.9487 32.3883 50.9313 51.0882 16.0 60.9262 52.2015 71.0211 76.7919 38.5876 48.7032 63.2851 82.7587 56.0446 23.3238 74.0405 81.3019 14.8661 61.4003 35.8469 44.0454 79.0759 54.231 63.5138 36.1248 82.201 35.0 33.6155 78.7718 23.4307 43.4166 31.1127 59.9083 20.2237 56.6392 15.6205 46.9574 77.026 31.241 82.3772 67.6831 81.2527 47.3814 73.1642 101.0198 52.2398 66.468 76.0066 35.4683 76.6942 19.0263 77.0 70.3278 84.7585 20.5183 
27.5136 73.9797 38.5876 52.4309 87.7268 82.2253 0.0 91.2414 91.0824 79.8499 10.0 52.5547 119.5031 97.0979 70.1142 93.3488 80.0562 23.0217 64.8151 18.0278 40.05 95.8019 40.8044 75.0067 89.5879 90.05 43.9318 74.4043 84.0238 58.7963 68.8186 49.5782 44.9222 89.1852 24.0416 46.0 53.6656 71.8401 74.6525 66.7608 49.2443 92.0217 60.407 30.2655 47.0106 48.7955 58.1378 82.28 42.8019 67.5352 9.2195 62.9682 70.2282 87.0919 61.4003 74.2496 32.0624 50.0 60.3738 99.5691 33.0151 52.0384 49.366 8.2462 70.7107 65.0538 58.0775 40.4969 91.7061 68.5055 76.5572 84.8646 17.2627 73.8173 34.0147 36.7696 38.0132 35.4683 10.0 78.0256 110.752 73.7902 62.0967 84.8116 71.1688 64.195 19.2354 57.2451 47.0 72.8972 
64.1405 70.6824 61.6604 51.0098 6.0828 23.0217 91.2414 0.0 67.3573 60.208 87.0919 62.3939 43.1045 10.0499 47.2969 29.6816 86.764 71.0282 41.9762 76.2758 57.28 15.5242 51.264 43.4166 45.9674 4.2426 50.3289 41.1461 93.0215 42.0476 25.0799 44.911 47.8017 5.0 76.4003 54.6717 37.5899 38.6264 37.5766 28.6007 57.0088 32.2025 62.8172 77.9295 54.8179 47.5184 55.9017 68.7968 55.5788 23.7065 84.3801 72.8011 23.4307 43.8634 32.3883 31.0161 79.6304 51.0392 55.3173 13.1529 82.4924 52.6972 48.1664 86.0058 20.6155 35.2278 50.5371 59.5399 3.6056 45.5412 15.5563 29.0689 81.9085 21.0238 82.3893 67.4759 80.0999 56.0803 81.3941 90.471 29.2746 53.6656 67.4463 17.2047 65.3911 29.7321 81.3204 63.1506 81.1542 18.3576 
77.1038 19.105 53.9351 43.0 70.7107 83.6002 91.0824 67.3573 0.0 12.0 81.7068 38.6005 54.0093 62.1289 98.4886 39.8246 27.6586 85.2877 36.4005 87.8237 84.5931 55.2268 62.0725 97.949 21.9545 63.1269 78.0897 29.5296 32.0624 42.9535 52.8394 53.4603 74.1485 62.3699 67.0671 87.4757 64.56 33.541 32.7567 75.1332 43.4166 36.7151 30.6757 61.7414 88.6454 51.1566 34.2345 9.8995 52.1536 62.6498 90.471 30.6105 71.6938 23.6008 52.5547 39.6611 60.8276 46.0 32.1403 61.4003 61.4003 90.7083 82.2253 82.8734 61.0574 43.0813 93.3006 52.6118 70.8378 30.0832 68.0074 38.2884 74.0945 52.4309 60.5392 54.4059 56.0803 73.0616 82.9699 32.9848 57.0088 20.2237 29.5296 50.2494 20.1246 72.9178 72.2357 33.8378 49.2037 63.5138 
65.123 13.1529 42.2019 31.0 62.8013 74.3303 79.8499 60.208 12.0 0.0 70.6824 27.313 55.109 56.4624 87.6584 35.6931 27.6586 73.3348 25.0799 75.9539 72.6911 49.98 50.0899 87.4643 19.0263 56.0803 66.2873 19.799 33.5261 31.3209 42.8019 41.5933 62.3699 55.2268 55.9464 75.71 53.1413 23.4307 23.3452 64.6607 31.5753 32.5576 19.7231 51.1077 76.9025 39.2046 22.3607 8.6023 40.1995 52.4309 78.848 22.4722 61.6117 19.105 41.5933 30.4138 50.4777 34.0 20.2237 56.3028 51.4004 79.1202 70.6045 71.6938 51.225 32.249 81.9329 40.7922 63.5138 18.7883 58.7282 31.7805 63.0714 43.1393 50.6063 43.0813 46.2277 61.0737 71.4703 32.249 55.0818 8.544 19.799 43.0465 10.8167 62.2656 61.2699 22.8254 40.3609 53.9073 
26.0192 64.2884 30.4795 44.5982 84.119 80.5047 10.0 87.0919 81.7068 70.6824 0.0 43.382 112.6099 92.1303 71.3863 86.4523 70.0643 24.6982 57.28 21.095 40.7922 90.2109 35.8469 75.8024 81.4002 85.4927 43.0116 66.6033 74.027 51.7397 63.5295 43.566 43.1045 84.5813 14.7648 47.0744 50.0 64.3506 67.1789 64.6297 40.8044 84.8999 51.0784 20.3961 48.2701 42.2019 49.3964 72.7324 35.3836 63.5689 15.0 53.1507 67.4685 79.0253 55.9464 67.4759 22.0907 42.4264 51.6236 94.414 23.0217 53.3667 49.163 2.8284 66.4831 58.4123 59.439 32.5576 87.9204 60.4401 73.0821 77.9872 7.6158 68.4763 24.0208 27.7849 28.0179 33.1361 8.9443 68.0294 104.6231 65.0 52.4976 79.0759 61.6847 61.8142 9.4868 47.927 37.0 68.9493 
40.6079 23.0868 16.0312 12.53 62.3699 67.9779 52.5547 62.3939 38.6005 27.313 43.382 0.0 74.3034 63.0714 73.5527 49.3964 34.8855 48.1664 21.095 50.01 51.4782 58.5491 28.6531 75.0733 39.6989 59.1354 46.6476 27.313 40.8167 20.6155 38.0789 24.0832 43.2666 58.1378 28.6356 55.9464 38.2884 26.9258 29.4109 54.0833 7.8102 47.0106 8.0623 24.2074 57.3062 20.5183 7.6158 30.2655 16.5529 44.7772 51.9711 15.2643 53.2353 37.8021 32.311 33.2415 24.0416 14.2127 9.434 64.2806 25.6125 60.7454 52.4309 44.3847 45.5412 27.1662 65.0 15.2971 64.7765 20.6155 54.0833 41.7612 35.7771 41.4367 25.0 15.8114 21.095 38.6264 44.3847 35.805 69.5701 22.0227 11.4018 48.0937 19.105 51.0392 34.0 5.0 19.105 48.7032 
95.6033 68.2495 82.4621 68.4105 49.163 66.1211 119.5031 43.1045 54.0093 55.109 112.6099 74.3034 0.0 33.0606 90.0944 26.1725 81.1542 103.8123 55.6058 108.4066 93.9415 28.8617 79.511 86.4696 36.4005 40.4475 86.3539 47.1699 86.0058 60.8769 53.0 70.0928 82.8553 40.6079 98.8585 93.1075 70.8308 48.6004 45.8039 68.9638 73.2393 27.8029 69.857 97.0824 93.6216 70.7107 66.7308 61.2944 77.2334 59.0931 114.8651 76.5376 63.6003 37.3363 59.4054 45.2548 97.6371 70.2922 64.8845 30.0167 99.6444 92.6984 86.406 112.4856 55.5428 54.4518 91.7606 80.2808 46.0109 53.8516 55.7853 34.6554 105.7592 48.3735 99.1262 86.6083 95.3834 88.2326 109.6221 86.2844 14.0357 54.4243 72.45 37.1214 65.2534 68.9493 104.4844 72.0139 92.1954 55.3624 
70.6045 68.0074 64.846 52.7731 16.1245 33.0606 97.0979 10.0499 62.1289 56.4624 92.1303 63.0714 33.0606 0.0 57.2713 22.6716 83.8153 77.9872 42.0119 83.0963 65.2993 7.0711 56.4358 53.4603 40.2244 8.0623 58.0517 38.833 89.8888 43.7379 28.6356 48.8467 55.1543 8.6023 80.4114 63.2456 44.0454 37.2156 35.5106 37.5899 58.6941 25.6125 62.2013 81.0432 63.5138 50.9215 56.0 64.8845 58.8218 30.4138 90.802 71.7008 32.249 38.5876 36.2491 30.0167 82.4621 53.3667 55.0364 3.1623 85.1469 61.7738 56.6127 91.3017 26.9072 36.4966 60.0083 62.6418 13.0384 44.2832 24.1868 24.6982 86.406 23.7697 84.9294 70.342 82.201 62.6259 87.1321 87.9318 19.2354 50.9608 66.4831 15.0 63.0635 38.2753 85.6154 63.0317 82.1523 25.4951 
45.8803 92.6553 62.2013 61.7171 41.2311 25.0799 70.1142 47.2969 98.4886 87.6584 71.3863 73.5527 90.0944 57.2713 0.0 71.1758 107.4477 47.2652 62.6498 52.0865 30.5941 61.4003 46.4004 5.831 81.7435 49.6488 29.9666 69.0797 113.7014 57.1402 46.1736 49.5782 31.9061 49.4975 68.542 24.3311 35.609 65.0 66.1287 23.7697 65.7647 72.4431 78.8733 74.2428 23.1948 53.0754 71.218 95.3834 58.1378 36.4005 61.0328 88.5268 28.2843 78.848 46.0652 59.7746 76.9415 59.4643 72.2011 60.4152 80.0625 18.1108 23.2594 69.0507 38.833 55.4617 12.0416 61.2209 44.9222 68.884 35.0 65.9242 70.214 48.0521 80.5295 67.6757 80.7775 40.7185 62.8013 109.1238 76.4853 79.177 83.7377 56.0803 87.0919 25.632 70.8378 77.2334 86.6083 37.3363 
69.8928 48.2597 56.4004 42.4382 34.4384 50.2892 93.3488 29.6816 39.8246 35.6931 86.4523 49.3964 26.1725 22.6716 71.1758 0.0 63.3482 78.2304 29.6816 82.662 69.6419 15.6205 53.6004 68.7314 17.8885 25.5539 62.0322 22.1359 69.1231 34.7131 28.4605 44.0454 58.3095 25.0599 72.8011 69.6419 46.2385 22.8254 20.1246 48.0104 47.5079 3.1623 46.0977 71.3442 70.342 44.5533 41.7852 43.6807 51.0882 36.3456 88.8651 54.231 43.0116 16.7631 34.0 19.105 72.0694 44.2041 40.1622 21.6333 74.2428 70.214 63.0635 86.3134 33.1361 28.3196 70.3491 54.2033 33.2866 28.7924 36.3456 8.4853 79.6492 24.5153 73.7902 60.7454 70.2638 62.7694 83.4865 67.897 20.3961 32.0156 49.4975 15.1327 44.0114 47.1699 78.4092 47.8017 68.0074 34.0 
74.6324 16.1245 49.98 45.8039 88.6848 98.2344 80.0562 86.764 27.6586 27.6586 70.0643 34.8855 81.1542 83.8153 107.4477 63.3482 0.0 81.4923 47.0106 82.3772 86.3308 77.4919 63.5295 108.3744 46.2709 82.7647 81.4923 45.618 6.4031 50.9117 66.4003 58.0086 78.032 81.8596 57.1402 90.824 71.8401 48.3735 49.1935 86.267 42.5441 60.208 28.6007 50.01 92.1792 54.6443 36.2353 20.025 51.4296 75.1665 82.2192 19.6977 84.2912 46.6905 62.9682 55.9464 48.0104 48.2597 35.3836 83.8153 47.1699 95.5249 87.1321 72.0069 74.8131 54.8179 99.5691 49.7695 89.8944 41.8808 83.006 59.1354 63.0 67.9559 46.1736 47.2969 42.0476 73.4098 74.1687 5.3852 82.4924 33.1059 23.8537 69.857 21.6333 83.4506 61.0 30.5287 33.1361 77.801 
8.544 71.2531 32.1403 42.5793 66.888 59.7746 23.0217 71.0282 85.2877 73.3348 24.6982 48.1664 103.8123 77.9872 47.2652 78.2304 81.4923 0.0 52.811 5.3852 17.0294 77.7946 25.0799 52.0384 78.4347 70.4344 21.5407 62.6259 86.6833 45.8803 51.0882 34.9285 23.3238 69.6563 27.2029 23.0217 33.9706 59.2368 61.8466 44.7772 42.0119 77.5242 56.0803 34.6699 24.0832 35.7351 51.0882 78.0 33.1361 47.634 14.3178 62.1691 48.7647 75.6108 44.4072 59.5399 37.4433 39.6232 53.1507 80.7217 40.0 29.1548 26.4764 22.1359 51.0882 50.5371 35.2278 33.0151 71.0211 57.9741 55.7584 69.9714 25.6125 55.9732 40.8044 34.2053 43.0465 15.6205 15.8114 80.9568 93.5094 65.7647 59.4138 67.3573 67.0298 42.4853 26.9072 53.1507 51.4296 52.8015 
44.2719 31.1448 26.9072 12.8062 42.72 51.225 64.8151 41.9762 36.4005 25.0799 57.28 21.095 55.6058 42.0119 62.6498 29.6816 47.0106 52.811 0.0 56.4624 49.0 37.4833 27.8927 62.6817 25.632 38.4708 42.107 9.8489 53.4135 7.0711 19.4165 18.2483 38.1182 37.4833 43.2782 51.3517 28.1603 7.0711 9.8995 40.0 17.8885 27.8029 20.8806 41.6773 52.469 17.088 14.0357 32.7567 22.0227 28.2843 61.4003 31.0161 37.4833 22.8473 16.6433 12.1655 42.4853 14.8661 13.3417 43.1856 44.7772 54.3415 45.8912 57.3847 27.8029 7.8102 56.921 24.7588 44.643 6.3246 36.0555 21.4709 50.2494 21.5407 44.3847 31.0644 41.1096 38.6394 55.2178 49.93 49.2443 16.5529 25.632 27.0185 25.4951 37.4433 48.9183 21.2132 40.1995 30.8058 
12.8062 73.0068 34.0588 45.607 72.2011 65.146 18.0278 76.2758 87.8237 75.9539 21.095 50.01 108.4066 83.0963 52.0865 82.662 82.3772 5.3852 56.4624 0.0 22.2036 82.7345 29.1548 57.0 82.0792 75.6042 26.9258 66.3099 87.3212 49.6588 55.9017 38.9487 28.6531 74.8131 26.4008 28.0179 39.0512 63.0714 65.7419 50.1597 44.4072 81.8352 58.0345 34.0147 29.0 39.3954 53.6004 80.1561 35.9026 52.8015 9.0554 63.3877 54.1202 79.3095 49.0408 63.8122 36.6742 42.72 55.7315 85.7963 38.9487 34.0147 31.7805 18.3576 56.2228 54.7083 40.05 35.2278 76.3217 61.3514 61.0574 74.3303 23.4307 60.8276 39.8246 35.2278 42.5441 20.5183 12.2066 81.4923 98.3514 68.6586 61.0328 72.1803 69.0652 47.8539 25.0 55.0091 51.264 58.0086 
15.6525 73.6817 36.8917 42.2019 52.4976 43.4626 40.05 57.28 84.5931 72.6911 40.7922 51.4782 93.9415 65.2993 30.5941 69.6419 86.3308 17.0294 49.0 22.2036 0.0 66.2873 23.0868 35.1283 73.5527 57.3847 7.6158 58.1378 92.1303 42.0119 41.2311 31.1448 11.4018 56.7274 39.1152 6.3246 23.4094 54.231 56.4358 29.4109 44.0114 69.5701 58.5235 45.607 7.6158 33.541 51.923 78.8543 34.9285 35.2278 31.257 66.6408 34.0588 70.5762 36.1386 52.3927 48.4149 39.2938 53.6004 68.2495 51.4004 12.6491 9.8489 38.4708 38.833 44.4072 18.6815 36.7151 56.7274 55.0364 41.7253 61.9839 39.9249 45.618 52.0096 41.2311 53.0754 13.0384 32.249 86.8332 82.3772 64.3817 62.7694 56.8243 68.6804 27.6586 40.7185 56.0803 60.208 39.8246 
70.0357 61.8466 61.8466 49.0408 21.2132 38.1182 95.8019 15.5242 55.2268 49.98 90.2109 58.5491 28.8617 7.0711 61.4003 15.6205 77.4919 77.7946 37.4833 82.7345 66.2873 0.0 55.0 58.0345 33.2866 12.0416 58.8218 33.1361 83.4865 40.1622 27.0185 46.6476 55.6058 12.0 77.8203 64.8845 43.9318 32.0156 30.0167 40.1622 54.8179 18.6011 57.0 77.8332 65.2993 48.3011 51.2445 58.3095 55.9464 31.0644 90.0278 66.1891 34.7851 31.7648 34.4093 25.318 79.0569 49.98 50.0899 6.3246 81.6088 64.0781 58.1808 89.5879 27.4591 32.8938 62.9365 59.6154 18.9737 39.0 26.9258 18.4391 84.119 22.0227 81.3204 67.0671 78.339 62.2254 85.8021 81.7435 16.1245 44.911 61.0737 11.1803 57.0701 40.3113 83.1865 58.0775 77.6466 26.8328 
16.5529 50.5964 15.8114 19.2354 48.5077 47.2652 40.8044 51.264 62.0725 50.0899 35.8469 28.6531 79.511 56.4358 46.4004 53.6004 63.5295 25.0799 27.8927 29.1548 23.0868 55.0 0.0 48.8774 53.4509 49.6588 18.0278 37.6431 69.4622 20.8806 28.0179 9.8489 14.8661 48.7545 26.0192 27.2947 15.0 34.176 36.7696 31.4006 21.0238 52.6972 35.4683 29.6142 28.6531 11.0454 28.8617 55.9017 12.2066 27.8927 35.3836 43.909 33.0 50.5964 20.6155 34.6699 32.0156 16.2788 30.5941 58.8303 35.171 32.2025 24.0832 34.8855 30.6757 25.5539 36.7967 14.8661 52.2015 33.3766 37.6563 45.2217 30.8058 33.0151 35.4401 21.4709 34.9285 11.0 30.8058 64.3506 70.0928 42.0 39.8121 44.0454 45.607 28.2843 30.4138 33.1059 40.2244 33.2415 
50.01 93.2363 64.6607 62.9365 37.3363 20.6155 75.0067 43.4166 97.949 87.4643 75.8024 75.0733 86.4696 53.4603 5.831 68.7314 108.3744 52.0384 62.6817 57.0 35.1283 58.0345 48.8774 0.0 80.3243 46.0977 33.5261 68.4251 114.6909 57.6281 45.1885 50.9902 34.9285 46.0435 72.111 29.0172 36.7967 64.4127 65.307 22.8254 67.3573 70.214 79.9312 77.4726 28.0 54.5619 72.1803 95.4149 60.2163 35.3412 66.0076 89.8053 26.5707 77.4919 46.0435 58.6941 80.1124 60.8769 73.0 56.5685 83.2586 23.0217 26.9258 73.5527 37.3363 55.2268 17.1172 63.5138 40.7922 68.7968 32.3883 64.0312 74.2159 46.4866 83.672 70.3278 83.6481 44.2719 67.3647 110.3177 72.6911 79.0759 84.8646 53.6004 87.6185 25.2389 74.7262 78.492 89.0449 35.4401 
69.8928 32.1403 51.0392 37.2156 49.8197 64.0078 89.5879 45.9674 21.9545 19.0263 81.4002 39.6989 36.4005 40.2244 81.7435 17.8885 46.2709 78.4347 25.632 82.0792 73.5527 33.2866 53.4509 80.3243 0.0 41.7253 66.2722 15.8114 51.788 32.573 35.6931 43.6807 62.2896 41.0366 66.8431 75.06 51.0098 19.4165 17.1172 57.9741 40.6079 14.7648 34.1321 63.6396 76.0263 42.72 32.5269 26.3059 47.0106 45.3542 86.7698 40.1622 53.7587 3.0 38.0 22.2036 63.7024 39.8246 30.4138 39.4462 65.2993 77.0584 69.0 81.8413 43.0116 29.1548 78.5175 49.0918 49.5177 21.095 48.7545 17.2047 74.027 33.8378 64.6607 53.9073 60.6053 64.0312 80.2621 51.0882 36.2215 18.3576 36.2491 29.2062 28.8617 56.2939 72.4707 36.6197 56.4358 44.9444 
63.2456 66.7083 59.2284 48.0416 9.2195 26.0768 90.05 4.2426 63.1269 56.0803 85.4927 59.1354 40.4475 8.0623 49.6488 25.5539 82.7647 70.4344 38.4708 75.6042 57.3847 12.0416 49.6588 46.0977 41.7253 0.0 50.2096 37.1618 89.0 39.0128 22.561 42.72 47.4236 1.0 74.3303 55.2178 36.6197 34.7851 33.6155 29.5296 54.037 28.0179 59.2284 75.505 55.4707 45.1221 52.469 64.6607 53.1507 22.8035 83.4865 69.1231 24.1868 39.6232 30.0832 27.2029 77.1038 48.2597 51.788 11.1803 79.9062 53.7122 48.6004 84.5281 19.4165 32.0156 52.0 57.0701 7.8102 41.7612 16.1245 24.8395 80.0562 18.1108 79.7621 64.9384 77.3175 55.2178 80.1311 86.539 26.9258 49.6588 63.7887 13.0384 61.4654 30.2324 79.3788 59.6825 78.0256 17.6918 
17.0 68.1542 33.2415 36.4005 45.8039 38.3275 43.9318 50.3289 78.0897 66.2873 43.0116 46.6476 86.3539 58.0517 29.9666 62.0322 81.4923 21.5407 42.107 26.9258 7.6158 58.8218 18.0278 33.5261 66.2722 50.2096 0.0 51.0098 87.4643 35.2278 33.6155 24.7386 4.0 49.5177 38.6264 9.4868 15.8114 47.0425 49.163 23.2594 38.9487 61.9839 53.2259 44.2945 10.7703 27.5136 46.2385 72.8011 30.2324 27.8029 35.7351 61.9112 27.4591 63.2851 28.6356 44.911 47.0106 33.6155 47.7598 60.959 50.1199 14.2127 6.7082 41.0122 31.4006 37.1214 19.2094 32.6497 50.0 48.2597 34.8281 54.4059 40.7922 38.0132 50.6063 38.2884 51.0392 10.7703 35.1283 82.3772 74.8866 57.8705 57.7062 49.2443 62.9682 21.095 41.2311 51.0 57.3847 32.5576 
54.0833 29.5466 36.1248 22.0227 43.2666 54.5619 74.4043 41.1461 29.5296 19.799 66.6033 27.313 47.1699 38.833 69.0797 22.1359 45.618 62.6259 9.8489 66.3099 58.1378 33.1361 37.6431 68.4251 15.8114 37.1618 51.0098 0.0 51.8845 16.7631 23.3238 27.8927 47.0106 36.2491 52.3259 60.0333 36.2215 4.1231 3.6056 45.618 26.2488 19.6977 24.1868 50.0 61.0737 26.9258 19.6977 28.3196 31.6228 33.121 71.1969 33.0606 42.19 13.0 23.5372 10.6301 50.4777 24.4131 18.0278 39.3192 52.4786 62.514 54.231 66.8431 31.6228 14.1421 64.5368 34.0588 44.2945 6.7082 38.9487 15.0333 59.4138 23.3452 51.9711 39.6989 48.3011 48.2701 64.8999 49.3964 42.45 12.53 28.0 24.3516 24.3516 43.4626 57.9828 25.7099 45.8803 34.2053 
80.0562 22.4722 55.5428 52.0096 95.0158 104.6375 84.0238 93.0215 32.0624 33.5261 74.027 40.8167 86.0058 89.8888 113.7014 69.1231 6.4031 86.6833 53.4135 87.3212 92.1303 83.4865 69.4622 114.6909 51.788 89.0 87.4643 51.8845 0.0 57.28 72.8011 64.2028 84.0595 88.1022 61.6604 96.7471 78.1025 54.7083 55.4707 92.6337 48.5489 65.9697 34.8281 54.3323 98.1122 60.803 42.5206 25.4951 57.3062 81.5659 86.7006 25.5539 90.6863 52.3927 69.3542 62.2656 52.1536 54.4059 41.7253 89.8109 51.0098 101.548 93.1933 76.1052 81.2158 61.2209 105.6835 55.4617 96.1769 48.2597 89.4036 65.192 67.1863 74.3303 50.01 52.4976 46.0977 79.1581 78.6384 6.0 87.9659 39.3573 30.0 76.0592 28.0179 89.8053 65.192 36.6197 37.054 84.2021 
37.3363 35.609 21.9545 9.0554 41.7732 48.0208 58.7963 42.0476 42.9535 31.3209 51.7397 20.6155 60.8769 43.7379 57.1402 34.7131 50.9117 45.8803 7.0711 49.6588 42.0119 40.1622 20.8806 57.6281 32.573 39.0128 35.2278 16.7631 57.28 0.0 17.4642 11.1803 31.257 38.0132 38.2753 44.5533 21.9317 13.4164 16.1245 35.3553 15.0333 33.2415 23.0217 37.6962 45.7056 10.2956 15.2643 38.4838 16.4012 24.6982 54.9181 33.2866 33.6006 29.7321 12.2066 15.8114 38.8973 9.8489 15.6205 45.3542 41.4849 47.8017 39.2938 51.6236 25.0799 7.2801 50.6952 19.7231 44.2832 13.0384 33.6155 26.2488 45.0 21.0238 41.2311 26.9258 38.4708 31.5753 49.0408 53.2635 53.3385 22.8035 28.0179 29.1204 30.0 32.5576 43.8292 22.3607 39.1152 28.2312 
43.1393 50.448 36.6742 26.1725 24.3311 31.8904 68.8186 25.0799 52.8394 42.8019 63.5295 38.0789 53.0 28.6356 46.1736 28.4605 66.4003 51.0882 19.4165 55.9017 41.2311 27.0185 28.0179 45.1885 35.6931 22.561 33.6155 23.3238 72.8011 17.4642 0.0 20.2485 29.9666 21.587 51.8652 41.2311 17.8885 19.4165 20.1246 22.4722 32.1403 28.6356 39.8121 52.9528 41.9762 22.561 32.311 51.0882 30.5941 9.8489 63.0317 50.0899 18.868 32.7567 7.6158 13.6015 54.5894 26.0 32.2025 30.8869 57.4282 42.19 34.7131 62.7694 8.4853 11.6619 43.0465 34.5254 27.0185 24.7588 16.6433 21.2132 57.7754 5.0 57.3149 42.4264 55.0364 35.4683 58.8218 69.3397 42.45 34.7131 44.7214 16.2788 44.8219 20.6155 57.0088 39.5601 56.4358 11.4018 
26.4008 43.8292 17.0 12.2066 43.1045 45.2217 49.5782 44.911 53.4603 41.5933 43.566 24.0832 70.0928 48.8467 49.5782 44.0454 58.0086 34.9285 18.2483 38.9487 31.1448 46.6476 9.8489 50.9902 43.6807 42.72 24.7386 27.8927 64.2028 11.1803 20.2485 0.0 20.8806 41.7612 31.6228 34.2053 14.2127 24.3516 26.9258 30.4138 16.4012 43.0116 29.4109 33.1361 35.4401 3.6056 21.9545 48.0833 11.0454 23.0868 44.8219 38.9487 30.3645 40.8044 12.6491 25.0 35.0143 9.8995 23.2594 50.9902 38.0 38.0789 29.5466 43.0116 25.02 15.8114 41.6773 15.0333 46.3897 24.0208 33.0606 35.609 37.5766 25.0799 38.0132 23.0217 36.3456 20.3961 39.6232 59.5483 61.2209 33.2415 34.2053 35.5106 38.4838 27.2947 36.7696 27.6586 39.5601 28.0 
17.4642 64.4748 30.4795 32.6956 43.566 37.4833 44.9222 47.8017 74.1485 62.3699 43.1045 43.2666 82.8553 55.1543 31.9061 58.3095 78.032 23.3238 38.1182 28.6531 11.4018 55.6058 14.8661 34.9285 62.2896 47.4236 4.0 47.0106 84.0595 31.257 29.9666 20.8806 0.0 46.6905 37.3631 13.3417 12.083 43.0465 45.1774 21.8403 35.5106 58.1893 49.6488 42.5441 14.5602 23.7697 42.5441 68.9638 27.0185 24.7588 37.1618 58.5235 25.4951 59.3043 24.7386 41.0 45.1885 29.9666 44.0114 58.0 48.3322 17.4929 9.2195 41.3038 28.3196 33.1361 21.9317 29.6985 47.7074 44.2832 32.45 50.5964 40.1995 34.4819 48.7545 35.805 48.8774 10.0 35.6931 79.0569 71.6101 53.9351 54.2033 45.793 59.2368 19.3132 40.4475 47.5079 54.8179 29.7321 
62.426 65.7951 58.2495 47.0425 9.4868 26.1725 89.1852 5.0 62.3699 55.2268 84.5813 58.1378 40.6079 8.6023 49.4975 25.0599 81.8596 69.6563 37.4833 74.8131 56.7274 12.0 48.7545 46.0435 41.0366 1.0 49.5177 36.2491 88.1022 38.0132 21.587 41.7612 46.6905 0.0 73.3757 54.6443 35.805 33.8378 32.6956 29.0689 53.0377 27.4591 58.2495 74.5252 54.9181 44.1475 51.4782 63.8122 52.1728 22.0227 82.662 68.1542 23.7065 38.8973 29.1204 26.2488 76.1183 47.2652 50.8035 11.6619 78.9177 53.2353 48.0104 83.6301 18.6011 31.0161 51.6236 56.0892 8.4853 40.8044 15.6525 24.0832 79.1202 17.1172 78.7718 63.9531 76.3217 54.4059 79.2591 85.6154 27.2029 48.7545 62.8172 12.2066 60.5392 29.6816 78.4347 58.6941 77.026 16.9706 
23.6008 50.01 16.4012 30.4795 74.1485 73.1095 24.0416 76.4003 67.0671 55.9464 14.7648 28.6356 98.8585 80.4114 68.542 72.8011 57.1402 27.2029 43.2782 26.4008 39.1152 77.8203 26.0192 72.111 66.8431 74.3303 38.6264 52.3259 61.6604 38.2753 51.8652 31.6228 37.3631 73.3757 0.0 45.2769 41.0122 50.3289 53.1507 57.1402 26.2488 71.0634 36.4005 7.6158 46.6476 29.5466 34.6699 58.2409 21.9545 53.6004 25.0799 39.2046 59.0085 64.5368 44.2719 54.0833 10.2956 28.6007 36.8917 82.4621 12.8062 51.4782 45.31 15.8114 56.0892 45.2769 57.2451 18.6011 77.666 46.0109 63.5059 64.405 7.2111 56.648 13.6015 13.0384 16.1555 27.8568 17.0294 55.7315 91.586 50.2494 38.0789 66.6408 47.1275 54.0833 5.6569 33.2415 25.0 58.8558 
21.9317 77.6209 42.0119 45.8803 49.5177 38.9487 46.0 54.6717 87.4757 75.71 47.0744 55.9464 93.1075 63.2456 24.3311 69.6419 90.824 23.0217 51.3517 28.0179 6.3246 64.8845 27.2947 29.0172 75.06 55.2178 9.4868 60.0333 96.7471 44.5533 41.2311 34.2053 13.3417 54.6443 45.2769 0.0 24.0832 56.0089 58.0086 26.1725 48.3011 69.857 62.6498 51.614 1.4142 37.0 55.7136 82.28 39.4462 34.0147 37.054 71.1969 31.241 72.0625 37.1214 53.3385 54.4059 43.0813 57.2451 66.2873 57.4282 6.3246 6.7082 44.7214 37.5766 46.0 12.3693 41.6173 53.7587 57.5587 39.2046 62.3699 46.2385 45.2217 58.0086 46.6905 58.8982 18.3848 38.4708 91.586 81.0062 67.2681 67.082 56.0803 72.45 25.0 47.0106 60.3738 65.7647 38.0789 
26.6271 57.1402 29.4109 26.1725 34.176 32.3883 53.6656 37.5899 64.56 53.1413 50.0 38.2884 70.8308 44.0454 35.609 46.2385 71.8401 33.9706 28.1603 39.0512 23.4094 43.9318 15.0 36.7967 51.0098 36.6197 15.8114 36.2215 78.1025 21.9317 17.8885 14.2127 12.083 35.805 41.0122 24.0832 0.0 32.1403 34.0147 16.7631 30.6105 46.1736 43.2782 44.4072 25.02 17.8045 35.609 60.4152 24.1661 13.8924 46.8722 53.0377 18.0 48.0104 13.0384 29.2746 46.6905 24.0832 36.6197 46.7547 49.8197 26.3059 18.0278 48.7032 17.2047 22.0907 28.7924 27.8568 38.0789 34.4819 23.0868 38.6005 45.5412 22.4722 50.01 35.4401 49.0408 18.6011 43.8634 73.5935 59.8164 44.5982 48.1664 33.8378 51.6236 13.6015 45.2769 41.7253 53.2259 19.2354 
50.6952 32.249 33.9706 19.8494 40.3113 50.9313 71.8401 38.6264 33.541 23.4307 64.3506 26.9258 48.6004 37.2156 65.0 22.8254 48.3735 59.2368 7.0711 63.0714 54.231 32.0156 34.176 64.4127 19.4165 34.7851 47.0425 4.1231 54.7083 13.4164 19.4165 24.3516 43.0465 33.8378 50.3289 56.0089 32.1403 0.0 2.8284 41.5933 24.6982 20.8087 25.02 48.5489 57.0351 23.7065 19.4165 31.8277 29.0689 29.1548 68.2642 34.5254 38.2753 16.4924 19.4165 7.6158 49.2443 21.9317 18.1108 38.0132 51.4296 58.4209 50.1597 64.4438 27.8029 10.0499 60.4152 31.8277 41.6293 7.0711 35.3553 14.8661 57.3149 19.8494 50.9902 38.0132 47.5395 44.643 62.2013 51.8941 42.72 15.6205 29.2746 22.3607 26.8328 39.3954 55.9732 26.0768 45.8912 30.4795 
53.3104 33.1059 36.7967 22.6716 39.6611 51.0882 74.6525 37.5766 32.7567 23.3452 67.1789 29.4109 45.8039 35.5106 66.1287 20.1246 49.1935 61.8466 9.8995 65.7419 56.4358 30.0167 36.7696 65.307 17.1172 33.6155 49.163 3.6056 55.4707 16.1245 20.1246 26.9258 45.1774 32.6956 53.1507 58.0086 34.0147 2.8284 0.0 42.5441 27.4591 18.0278 27.0185 51.3128 59.0 26.4197 21.8403 31.8904 31.8904 29.9666 71.0211 36.2215 38.9487 14.1421 21.095 7.0711 51.9711 24.7588 20.3961 36.1248 54.1202 60.208 52.0384 67.2681 28.3019 12.0416 61.9839 34.6554 40.7063 9.0554 35.4683 12.3693 60.1415 19.8494 53.6656 40.8044 50.1597 47.1275 65.0 52.9245 40.1622 16.1245 31.0644 20.8806 27.8568 40.4969 58.7963 28.2843 48.2701 30.8058 
39.2938 70.8378 46.1736 41.6173 23.3452 16.0 66.7608 28.6007 75.1332 64.6607 64.6297 54.0833 68.9638 37.5899 23.7697 48.0104 86.267 44.7772 40.0 50.1597 29.4109 40.1622 31.4006 22.8254 57.9741 29.5296 23.2594 45.618 92.6337 35.3553 22.4722 30.4138 21.8403 29.0689 57.1402 26.1725 16.7631 41.5933 42.5441 0.0 46.6476 49.0408 58.1378 61.0 26.2488 34.0 50.3289 72.6705 40.8534 12.6491 58.8727 68.2495 5.3852 55.0818 23.4307 36.0555 63.3482 39.9625 50.9313 40.7063 66.4906 24.1868 19.8494 62.9682 15.1327 32.45 22.8035 44.5982 27.5862 46.0435 13.4164 42.2966 61.0328 24.3311 66.7083 52.2015 65.8027 31.5753 57.4891 88.5268 56.0803 56.3028 63.1269 33.1361 65.192 3.1623 61.0 57.0088 69.857 14.0357 
34.0588 29.8329 10.7703 6.0 56.4358 60.9262 49.2443 57.0088 43.4166 31.5753 40.8044 7.8102 73.2393 58.6941 65.7647 47.5079 42.5441 42.0119 17.8885 44.4072 44.0114 54.8179 21.0238 67.3573 40.6079 54.037 38.9487 26.2488 48.5489 15.0333 32.1403 16.4012 35.5106 53.0377 26.2488 48.3011 30.6105 24.6982 27.4591 46.6476 0.0 45.4863 14.5602 23.8537 49.6488 12.8062 9.2195 36.0139 9.2195 37.9473 47.4342 23.0217 46.0977 38.2884 25.7099 29.7321 24.5967 6.7082 11.4018 60.208 26.9258 53.0 44.6542 41.3401 39.0512 22.2036 57.2014 9.2195 59.1354 19.799 47.5395 39.3573 33.4215 36.0 26.5707 13.4536 23.5372 31.3209 40.3113 43.6005 67.1193 24.6982 18.7883 43.9318 25.1794 43.566 31.8904 12.083 24.3311 42.2019 
69.1158 45.1774 54.6717 40.6079 36.7151 52.2015 92.0217 32.2025 36.7151 32.5576 84.8999 47.0106 27.8029 25.6125 72.4431 3.1623 60.208 77.5242 27.8029 81.8352 69.5701 18.6011 52.6972 70.214 14.7648 28.0179 61.9839 19.6977 65.9697 33.2415 28.6356 43.0116 58.1893 27.4591 71.0634 69.857 46.1736 20.8087 18.0278 49.0408 45.4863 0.0 43.4166 69.3397 70.6116 43.2782 39.3954 40.5216 49.5177 37.054 87.8009 51.3517 44.1814 13.6015 33.6155 18.0278 69.9714 42.5206 37.6962 24.6982 72.0694 70.7107 63.3482 84.8528 34.0 27.2029 71.1126 52.4976 35.805 26.4008 37.855 7.6158 77.9872 25.0799 71.5891 58.8218 67.9779 62.1772 82.2192 64.7765 23.1948 29.0689 46.6905 16.7631 41.0 48.0104 76.6942 45.2217 65.4599 35.1283 
48.3735 15.2971 24.0 17.2047 63.5689 71.0211 60.407 62.8172 30.6757 19.7231 51.0784 8.0623 69.857 62.2013 78.8733 46.0977 28.6007 56.0803 20.8806 58.0345 58.5235 57.0 35.4683 79.9312 34.1321 59.2284 53.2259 24.1868 34.8281 23.0217 39.8121 29.4109 49.6488 58.2495 36.4005 62.6498 43.2782 25.02 27.0185 58.1378 14.5602 43.4166 0.0 31.3847 63.9766 26.0768 7.8102 22.2036 23.7697 47.7074 60.0167 10.2956 56.6127 32.6497 35.2278 32.249 30.8058 19.7231 7.6158 63.0317 31.8904 67.1193 58.6686 52.2015 47.8853 28.2312 71.0211 23.0868 65.521 18.0 56.356 39.2046 43.4626 42.3792 31.1448 23.7697 26.8701 45.8803 52.3927 30.4138 66.4906 15.8114 5.0 47.2652 11.0454 55.2268 41.6293 3.1623 22.3607 51.0 
30.4138 43.9659 16.2788 29.0689 76.2365 76.7919 30.2655 77.9295 61.7414 51.1077 20.3961 24.2074 97.0824 81.0432 74.2428 71.3442 50.01 34.6699 41.6773 34.0147 45.607 77.8332 29.6142 77.4726 63.6396 75.505 44.2945 50.0 54.3323 37.6962 52.9528 33.1361 42.5441 74.5252 7.6158 51.614 44.4072 48.5489 51.3128 61.0 23.8537 69.3397 31.3847 0.0 53.0094 30.4138 31.1127 52.5547 22.3607 56.0089 32.3883 32.7567 62.2896 61.5549 45.5412 53.2259 2.8284 27.8568 33.2415 82.8613 5.831 57.6888 51.0 22.0907 58.1378 44.9444 63.2851 18.4391 79.511 43.4166 66.0076 63.1348 13.0384 57.4891 6.4031 10.7703 8.544 33.6155 24.3311 48.3735 90.7855 46.2277 32.311 66.7308 41.6293 57.8705 11.0454 28.3019 17.4642 61.0737 
23.2594 78.924 43.4166 47.1699 49.5782 38.5876 47.0106 54.8179 88.6454 76.9025 48.2701 57.3062 93.6216 63.5138 23.1948 70.342 92.1792 24.0832 52.469 29.0 7.6158 65.2993 28.6531 28.0 76.0263 55.4707 10.7703 61.0737 98.1122 45.7056 41.9762 35.4401 14.5602 54.9181 46.6476 1.4142 25.02 57.0351 59.0 26.2488 49.6488 70.6116 63.9766 53.0094 0.0 38.2753 57.0088 83.5225 40.8167 34.5398 38.0132 72.5603 31.4006 73.0274 38.0526 54.231 55.8032 44.3847 58.5235 66.5733 58.8218 5.099 7.2801 45.8912 38.0789 47.0106 11.1803 43.0116 53.8145 58.6941 39.4081 63.1506 47.5395 45.8803 59.4054 48.1041 60.3075 19.799 39.6232 92.9624 81.4125 68.4471 68.4251 56.648 73.736 25.2389 48.3322 61.7171 67.1789 38.4708 
27.2029 40.7185 14.1421 8.9443 46.0109 48.7032 48.7955 47.5184 51.1566 39.2046 42.2019 20.5183 70.7107 50.9215 53.0754 44.5533 54.6443 35.7351 17.088 39.3954 33.541 48.3011 11.0454 54.5619 42.72 45.1221 27.5136 26.9258 60.803 10.2956 22.561 3.6056 23.7697 44.1475 29.5466 37.0 17.8045 23.7065 26.4197 34.0 12.8062 43.2782 26.0768 30.4138 38.2753 0.0 18.7883 45.3542 8.0623 26.3059 44.6542 35.4683 33.8378 39.9249 15.1327 25.4558 32.1403 6.4031 20.2485 52.9245 35.0571 41.1461 32.6497 41.8688 28.0179 16.2788 44.9444 12.0416 49.163 22.3607 36.2215 36.0694 35.8469 27.2029 35.0143 20.025 33.1361 22.0227 38.9487 56.0803 62.426 31.0161 30.8058 37.1214 35.4683 30.8869 34.8855 24.2074 36.0555 31.0644 
43.0 21.9317 19.9249 9.8489 56.3205 63.2851 58.1378 55.9017 34.2345 22.3607 49.3964 7.6158 66.7308 56.0 71.218 41.7852 36.2353 51.0882 14.0357 53.6004 51.923 51.2445 28.8617 72.1803 32.5269 52.469 46.2385 19.6977 42.5206 15.2643 32.311 21.9545 42.5441 51.4782 34.6699 55.7136 35.609 19.4165 21.8403 50.3289 9.2195 39.3954 7.8102 31.1127 57.0088 18.7883 0.0 27.1662 18.0 39.9625 56.6127 18.0278 48.8262 30.4795 27.4591 26.0192 31.241 12.6491 2.2361 57.0789 33.0151 59.9333 51.4296 50.1199 40.2492 20.8806 63.6318 18.4391 58.4637 13.0 48.7545 34.2053 41.8808 35.171 32.45 21.6333 28.6531 39.6232 49.3964 38.2099 61.9839 15.6525 12.8062 41.0 16.7631 47.4236 40.2244 7.2801 26.4764 43.382 
70.0643 9.2195 46.0977 36.6742 71.4003 82.7587 82.28 68.7968 9.8995 8.6023 72.7324 30.2655 61.2944 64.8845 95.3834 43.6807 20.025 78.0 32.7567 80.1561 78.8543 58.3095 55.9017 95.4149 26.3059 64.6607 72.8011 28.3196 25.4951 38.4838 51.0882 48.0833 68.9638 63.8122 58.2409 82.28 60.4152 31.8277 31.8904 72.6705 36.0139 40.5216 22.2036 52.5547 83.5225 45.3542 27.1662 0.0 45.0999 60.6053 82.201 20.8087 69.814 26.9258 49.3964 38.9487 51.4782 39.6232 25.318 64.622 51.8845 86.0349 77.4919 74.0405 59.5483 40.2244 89.1572 45.0111 72.111 26.6271 67.1789 40.2492 65.146 51.6236 51.0 45.8912 46.5296 66.7533 74.5252 25.02 62.514 16.4012 20.2485 51.6236 11.1803 70.1783 63.2456 25.318 39.4081 62.2896 
25.0 39.0512 6.0828 9.8489 54.037 56.0446 42.8019 55.5788 52.1536 40.1995 35.3836 16.5529 77.2334 58.8218 58.1378 51.0882 51.4296 33.1361 22.0227 35.9026 34.9285 55.9464 12.2066 60.2163 47.0106 53.1507 30.2324 31.6228 57.3062 16.4012 30.5941 11.0454 27.0185 52.1728 21.9545 39.4462 24.1661 29.0689 31.8904 40.8534 9.2195 49.5177 23.7697 22.3607 40.8167 8.0623 18.0 45.0999 0.0 34.1321 39.8121 31.7648 41.2311 44.4185 23.1948 32.2025 24.0832 7.2111 20.025 60.7454 27.0185 44.4072 36.2353 35.3836 36.0 23.3238 48.9183 4.0 57.2189 25.9422 44.1022 42.638 28.6007 35.171 27.0 12.0 25.318 22.1359 33.2866 52.1536 69.6419 32.7567 27.8568 44.7772 34.3657 37.6962 27.4591 21.1896 29.0689 39.0128 
40.4969 59.4138 40.05 32.311 20.6155 23.3238 67.5352 23.7065 62.6498 52.4309 63.5689 44.7772 59.0931 30.4138 36.4005 36.3456 75.1665 47.634 28.2843 52.8015 35.2278 31.0644 27.8927 35.3412 45.3542 22.8035 27.8029 33.121 81.5659 24.6982 9.8489 23.0868 24.7588 22.0227 53.6004 34.0147 13.8924 29.1548 29.9666 12.6491 37.9473 37.054 47.7074 56.0089 34.5398 26.3059 39.9625 60.6053 34.1321 0.0 60.7454 57.9828 9.2195 42.45 12.53 23.4094 58.0086 31.3209 40.2244 33.2415 61.0328 33.9559 27.313 62.3939 3.6056 20.5183 34.0588 38.1182 24.3516 34.0588 10.0 30.0167 58.6941 12.0 61.0737 46.0977 59.4138 32.45 57.6975 77.801 47.1699 44.2041 52.6972 22.1359 53.7587 11.0454 58.2495 47.0106 62.0967 5.3852 
20.2485 74.4312 36.6879 49.6588 80.5295 74.0405 9.2195 84.3801 90.471 78.848 15.0 51.9711 114.8651 90.802 61.0328 88.8651 82.2192 14.3178 61.4003 9.0554 31.257 90.0278 35.3836 66.0076 86.7698 83.4865 35.7351 71.1969 86.7006 54.9181 63.0317 44.8219 37.1618 82.662 25.0799 37.054 46.8722 68.2642 71.0211 58.8727 47.4342 87.8009 60.0167 32.3883 38.0132 44.6542 56.6127 82.201 39.8121 60.7454 0.0 64.0312 62.6498 84.119 55.8659 69.814 34.7131 46.9574 58.8218 93.4077 36.4005 43.0 40.7922 12.2066 64.0703 60.6053 49.0102 38.2753 84.5991 65.7419 69.3542 80.4301 19.9249 68.0147 37.3631 36.3456 40.7922 28.3019 8.0623 80.7527 105.3803 72.111 62.3939 79.2465 71.0211 56.4624 21.8403 56.8859 49.8197 66.0379 
55.0818 11.6619 30.3645 26.8701 73.736 81.3019 62.9682 72.8011 30.6105 22.4722 53.1507 15.2643 76.5376 71.7008 88.5268 54.231 19.6977 62.1691 31.0161 63.3877 66.6408 66.1891 43.909 89.8053 40.1622 69.1231 61.9112 33.0606 25.5539 33.2866 50.0899 38.9487 58.5235 68.1542 39.2046 71.1969 53.0377 34.5254 36.2215 68.2495 23.0217 51.3517 10.2956 32.7567 72.5603 35.4683 18.0278 20.8087 31.7648 57.9828 64.0312 0.0 66.8506 39.2938 45.4863 41.9762 31.3209 29.0689 17.8885 72.3395 31.3847 76.0066 67.6757 54.7449 58.1808 38.4838 80.2122 30.0832 75.5844 27.4591 66.6483 48.0104 45.7056 52.5547 30.4631 28.1603 26.0 53.7122 56.0803 20.6155 74.5453 22.3607 5.3852 56.8859 11.6619 65.2993 43.7379 11.3137 18.6011 61.2944 
42.72 68.593 46.8722 40.7063 18.4391 14.8661 70.2282 23.4307 71.6938 61.6117 67.4685 53.2353 63.6003 32.249 28.2843 43.0116 84.2912 48.7647 37.4833 54.1202 34.0588 34.7851 33.0 26.5707 53.7587 24.1868 27.4591 42.19 90.6863 33.6006 18.868 30.3645 25.4951 23.7065 59.0085 31.241 18.0 38.2753 38.9487 5.3852 46.0977 44.1814 56.6127 62.2896 31.4006 33.8378 48.8262 69.814 41.2311 9.2195 62.6498 66.8506 0.0 50.9215 21.4009 32.2025 64.4981 39.3954 49.2037 35.3553 67.6018 29.5296 24.7588 65.9697 10.7703 29.7321 28.1603 45.1221 22.6716 43.2782 8.0623 37.6563 63.3877 19.9249 67.7422 52.9528 66.4906 34.7851 60.7289 86.8332 50.6952 53.4135 61.6117 28.0179 62.9365 6.4031 63.1981 55.7584 69.8928 9.0554 
67.0671 32.0 48.6004 34.6699 47.5079 61.4003 87.0919 43.8634 23.6008 19.105 79.0253 37.8021 37.3363 38.5876 78.848 16.7631 46.6905 75.6108 22.8473 79.3095 70.5762 31.7648 50.5964 77.4919 3.0 39.6232 63.2851 13.0 52.3927 29.7321 32.7567 40.8044 59.3043 38.8973 64.5368 72.0625 48.0104 16.4924 14.1421 55.0818 38.2884 13.6015 32.6497 61.5549 73.0274 39.9249 30.4795 26.9258 44.4185 42.45 84.119 39.2938 50.9215 0.0 35.0 19.2354 61.7171 37.2156 28.4253 38.0132 63.4114 74.0608 66.0 79.404 40.1622 26.1725 75.5381 46.6154 47.3814 18.6011 46.0652 14.8661 71.7008 31.0161 62.8013 51.6624 58.8218 61.131 77.6981 51.3517 36.0139 17.088 35.1141 26.9072 28.2843 53.3667 70.1783 34.9857 55.0091 42.1545 
36.2353 47.4236 29.2746 19.9249 31.0161 35.8469 61.4003 32.3883 52.5547 41.5933 55.9464 32.311 59.4054 36.2491 46.0652 34.0 62.9682 44.4072 16.6433 49.0408 36.1386 34.4093 20.6155 46.0435 38.0 30.0832 28.6356 23.5372 69.3542 12.2066 7.6158 12.6491 24.7386 29.1204 44.2719 37.1214 13.0384 19.4165 21.095 23.4307 25.7099 33.6155 35.2278 45.5412 38.0526 15.1327 27.4591 49.3964 23.1948 12.53 55.8659 45.4863 21.4009 35.0 0.0 16.2788 47.2652 19.2354 27.8029 38.4708 50.1597 39.1152 31.0 55.2268 13.3417 9.4868 41.0 27.1662 34.0588 22.8254 21.8403 26.0 50.1597 12.53 50.0899 35.1283 48.0104 28.8444 51.4004 65.437 49.5177 33.121 40.2244 23.4307 41.7732 20.8087 49.3964 34.4819 50.01 16.4924 
51.1077 39.8246 37.7359 24.1661 32.7567 44.0454 74.2496 31.0161 39.6611 30.4138 67.4759 33.2415 45.2548 30.0167 59.7746 19.105 55.9464 59.5399 12.1655 63.8122 52.3927 25.318 34.6699 58.6941 22.2036 27.2029 44.911 10.6301 62.2656 15.8114 13.6015 25.0 41.0 26.2488 54.0833 53.3385 29.2746 7.6158 7.0711 36.0555 29.7321 18.0278 32.249 53.2259 54.231 25.4558 26.0192 38.9487 32.2025 23.4094 69.814 41.9762 32.2025 19.2354 16.2788 0.0 54.231 25.5539 25.02 31.0644 56.648 55.0 47.0956 67.2681 21.4709 9.2195 56.3205 35.5106 34.0147 14.5602 28.4253 10.6301 60.803 12.8062 56.3028 42.4853 53.1601 44.2832 64.3817 59.5063 37.5899 23.0217 36.6742 15.0333 34.4384 34.2053 59.6406 33.0151 52.345 23.8537 
33.2415 42.72 18.0278 30.0832 78.1025 79.0759 32.0624 79.6304 60.8276 50.4777 22.0907 24.0416 97.6371 82.4621 76.9415 72.0694 48.0104 37.4433 42.4853 36.6742 48.4149 79.0569 32.0156 80.1124 63.7024 77.1038 47.0106 50.4777 52.1536 38.8973 54.5894 35.0143 45.1885 76.1183 10.2956 54.4059 46.6905 49.2443 51.9711 63.3482 24.5967 69.9714 30.8058 2.8284 55.8032 32.1403 31.241 51.4782 24.0832 58.0086 34.7131 31.3209 64.4981 61.7171 47.2652 54.231 0.0 29.1204 33.3017 84.2021 3.1623 60.4649 53.7122 24.0 60.0333 46.1736 66.0379 20.0998 81.3019 43.8292 68.0074 63.9531 15.0333 59.0339 3.6056 12.1655 6.0828 36.3593 26.6833 46.1736 91.7061 46.0109 31.305 68.0074 40.7063 60.208 13.0384 27.8029 15.1327 63.0079 
