90
0.0 55.5788 37.5366 78.5175 78.924 54.4059 84.22 28.6531 56.7539 81.6088 19.2354 61.131 76.1577 22.2036 79.1581 65.0 81.0247 61.0 85.0 80.9506 77.1038 19.0263 8.544 55.6597 56.356 19.6469 57.6975 52.2015 82.0061 75.6108 75.8024 56.921 29.4109 109.6221 67.624 48.0521 30.2324 51.8652 17.8885 12.2066 63.9766 27.313 34.5398 37.6962 57.0701 83.4865 71.1126 65.8027 82.0792 6.7082 69.9214 21.5407 33.5261 64.9384 60.407 60.075 28.8444 56.0357 28.2312 71.1688 76.3806 70.406 53.0848 26.0768 54.7083 92.0054 58.1378 38.2099 78.8733 47.676 77.6981 58.1378 99.0202 4.4721 27.8029 88.4081 18.3848 80.9197 101.1781 53.0094 10.198 97.7446 61.6198 57.28 31.4006 77.0584 78.6448 81.0987 8.6023 47.676 
55.5788 0.0 36.0555 49.0102 69.6419 26.4008 54.037 44.3847 62.3699 76.5572 53.1507 64.2028 26.6271 59.6657 24.1868 17.72 27.8568 76.3806 35.609 33.6155 90.7855 57.0701 63.1981 9.2195 18.6815 38.2753 17.2627 26.4197 57.2189 24.0832 20.2237 10.0499 67.0522 74.0405 46.8402 8.2462 31.3209 10.8167 63.5059 47.4342 57.3062 47.1699 48.3735 49.0918 65.1153 30.6105 20.0 47.7598 31.1448 58.0345 16.9706 38.4838 23.0868 21.0238 80.9197 12.083 32.0156 25.632 29.1548 18.3848 47.0425 15.2315 73.4098 43.3244 21.5407 51.264 77.3369 59.1692 42.4264 17.8885 34.7851 12.3693 57.7754 53.1507 40.4969 62.0081 62.6498 54.0833 63.8905 25.9422 59.7746 59.7746 40.4969 8.0 55.0364 90.1388 44.1814 26.3059 48.0937 8.0 
37.5366 36.0555 0.0 41.0122 45.2769 19.4165 46.6905 11.4018 29.1548 50.01 23.7697 32.28 45.0444 28.6356 58.6941 35.1283 63.5295 41.4005 52.6118 47.8539 56.9386 27.5136 41.4005 30.0832 25.0799 33.541 27.1662 17.2627 44.6542 46.0435 52.811 30.6757 34.0 72.1249 30.2324 28.4253 11.0 26.4008 35.1141 38.0789 30.0666 14.3178 12.6491 13.0384 31.305 54.0093 56.0357 28.6531 51.0882 35.609 42.7551 36.3456 19.3132 55.1543 45.2548 46.7547 12.0416 21.3776 17.0294 43.566 38.8973 46.1736 37.5366 12.53 22.0 55.5698 41.7253 23.2594 42.19 42.19 43.0116 45.9674 62.434 33.2415 10.0 51.0392 33.8378 43.4166 63.8905 18.2483 46.6154 60.6053 24.0832 32.311 20.2237 56.4358 41.6173 60.9262 29.2062 29.7321 
78.5175 49.0102 41.0122 0.0 28.8444 26.9258 5.831 51.225 40.05 36.6197 63.6003 38.0526 31.3847 66.888 57.6975 32.5576 64.8845 54.1479 31.1448 26.9072 61.3514 66.8506 82.2192 40.0125 31.257 71.1969 32.0624 28.6356 8.9443 35.3553 50.5668 39.0 69.3542 31.1127 12.6491 47.5184 49.4065 40.3113 74.3303 77.666 27.0185 53.6004 48.0208 45.6508 43.0116 39.0512 63.3246 15.5242 34.0588 76.4853 39.2173 73.3553 51.8941 68.7314 61.0737 60.2993 50.8035 26.2488 53.8516 38.6264 2.2361 45.5412 57.1402 53.1507 29.8329 19.0263 58.0086 53.4883 9.8995 65.3758 20.0 61.131 24.3311 74.2496 50.9313 13.0 72.9452 5.3852 23.3238 28.2312 87.3212 20.6155 17.0294 41.0122 55.4707 60.407 7.0711 59.4811 70.0928 49.4975 
78.924 69.6419 45.2769 28.8444 0.0 43.3244 29.1548 50.5964 24.0832 7.8102 60.3738 19.799 58.7282 60.7454 83.8153 56.6039 90.6973 32.311 59.8164 55.3173 34.2345 62.2656 79.6492 60.5392 51.0784 78.7718 52.8015 43.6807 21.5407 62.3699 76.6094 60.0083 59.5483 46.3897 23.3238 65.2534 56.2228 59.1354 68.5055 82.4621 15.2971 51.6236 44.3847 41.2311 25.4951 67.2086 87.2353 21.9317 62.2896 74.686 64.6375 81.6149 63.0317 90.6201 39.2173 81.7068 57.3149 44.0114 62.1289 64.405 29.2062 70.7248 38.5876 53.4509 48.1041 46.2385 37.1618 43.6005 38.6005 82.7647 48.1664 81.9329 49.4773 74.4648 52.6308 24.1868 67.1193 24.5967 44.1814 43.9659 88.955 43.7379 29.1548 62.2415 48.8774 33.2415 35.805 85.8021 71.7844 67.1863 
54.4059 26.4008 19.4165 26.9258 43.3244 0.0 32.6956 30.8058 37.8021 50.1597 43.0116 38.8973 26.0768 48.0521 44.2041 17.4642 50.2494 52.6972 33.2415 28.4429 65.7951 46.8402 59.5399 17.4929 8.4853 44.6542 10.6301 2.2361 33.541 27.6586 37.4433 17.2047 53.1507 56.8595 21.095 22.2036 24.2074 15.8114 54.4059 51.7397 31.0644 33.7343 31.0 30.1496 40.8044 35.3553 45.0 21.587 32.0156 53.7122 25.9422 46.6476 25.0599 47.4236 58.1808 38.4838 25.6125 2.0 27.6586 26.4008 24.6982 30.8058 51.4782 31.6228 5.0 37.6431 54.5894 40.4475 24.7588 40.1123 23.7697 38.6264 44.6878 50.4777 28.7924 39.2938 53.1601 31.0483 47.634 1.4142 62.2896 43.9318 14.3178 19.4165 39.0128 65.0692 25.0 46.4004 45.8039 24.1868 
84.22 54.037 46.6905 5.831 29.1548 32.6956 0.0 56.7274 43.566 36.6742 69.029 41.1096 34.5398 72.111 61.0983 37.1214 68.352 57.0088 32.8024 29.1548 62.8172 72.2011 87.7838 45.1774 36.6742 77.026 37.3363 34.4384 7.6158 38.6264 54.0833 44.1022 74.2428 25.4951 17.4929 52.9528 55.2178 45.7056 79.6304 83.4865 30.2655 59.0339 53.2541 50.774 46.3897 41.3401 67.4685 20.1246 36.3593 82.0731 43.1741 79.177 57.6975 73.3348 64.0312 65.0692 56.6127 31.9531 59.6825 42.45 8.0623 49.4773 60.6712 58.7282 35.4401 17.088 61.131 58.1808 12.6491 70.7107 22.8473 66.0076 21.0238 79.9312 56.5685 8.544 78.2368 5.0 18.3848 34.0147 93.086 16.2788 22.6274 46.0435 60.5392 61.8466 10.198 62.7694 75.8222 54.9181 
28.6531 44.3847 11.4018 51.225 50.5964 30.8058 56.7274 0.0 30.0 53.9351 12.53 34.0588 56.2228 17.2627 68.0074 46.0 72.2357 38.6264 63.9531 59.2284 55.0273 16.1555 31.1127 39.8121 36.0139 30.4138 38.0 28.6356 53.8145 57.0088 62.5859 40.6079 23.1948 82.2192 39.598 36.2491 13.6015 35.9026 23.7697 32.249 35.4683 3.0 7.0711 10.0 31.1448 65.0308 63.9531 37.5366 62.2896 25.4951 53.2353 33.541 23.4307 61.6117 40.8167 53.8516 13.4536 32.7567 18.4391 54.1479 49.2037 56.0892 32.7567 3.0 33.1361 66.6483 37.5899 16.4012 53.2353 46.669 54.4059 52.6972 73.4302 24.1868 4.2426 60.208 22.4722 53.0377 74.4043 29.6142 38.4838 71.2811 34.2053 41.9762 10.8167 54.7083 52.4786 70.214 21.1896 37.1214 
56.7539 62.3699 29.1548 40.05 24.0832 37.8021 43.566 30.0 0.0 25.0799 37.6431 4.4721 61.327 37.1214 82.0061 54.9181 87.9659 15.2315 65.8027 60.7289 28.4253 39.0 56.4624 54.4518 46.2277 60.208 48.4149 36.8782 37.3631 63.9531 75.213 54.4885 35.4683 66.4831 28.0713 55.8032 39.5601 51.6624 44.7772 62.1289 13.3417 30.1496 23.0217 20.0 3.1623 70.7743 82.0366 25.0799 66.4831 51.8652 63.5138 63.2851 48.4665 82.801 21.587 74.027 40.2616 39.4081 45.607 63.8122 39.0 68.6003 17.1172 33.0 42.638 59.0085 18.2483 19.7231 47.2652 71.1196 53.8516 73.6003 64.2806 52.3927 33.1361 42.72 43.4166 38.6394 61.6117 37.6431 66.9403 59.8415 28.4605 56.5862 25.632 27.8029 45.0999 84.2021 50.4876 57.4282 
81.6088 76.5572 50.01 36.6197 7.8102 50.1597 36.6742 53.9351 25.0799 0.0 62.6259 20.6155 66.4831 62.1691 91.4002 64.0703 98.2293 29.4109 67.624 63.1269 28.0179 64.0781 81.5414 67.5426 58.1378 83.1505 59.9416 50.3289 29.0689 70.0928 84.2021 67.082 59.9083 52.0096 30.8058 71.7844 61.0082 65.9242 69.7711 86.1452 20.2237 54.5711 47.2969 44.1475 25.5539 75.0067 94.5145 29.1548 70.0928 76.896 72.2011 86.093 68.469 97.5756 35.8469 88.6397 62.0 50.9902 67.0298 72.0069 37.0135 78.2368 36.7967 56.8859 55.0364 53.7122 34.4093 44.7214 46.4004 89.0225 55.9732 88.7694 56.6127 77.201 56.4358 31.0483 68.4251 32.249 50.8035 50.6952 91.7606 50.6952 36.2353 69.3181 50.6952 27.0185 43.6005 93.4077 74.9533 73.6817 
19.2354 53.1507 23.7697 63.6003 60.3738 43.0116 69.029 12.53 37.6431 62.6259 0.0 42.0595 67.897 6.7082 77.2787 57.3149 80.7775 42.107 75.9276 71.3092 58.4209 4.0 19.4165 50.04 47.5184 28.8444 49.366 40.8044 65.7647 68.3593 72.4431 51.0098 15.0 94.4934 51.7397 44.911 22.0907 46.0435 11.4018 26.9258 45.793 10.0 16.4012 19.4165 37.855 76.4199 71.7844 49.5177 73.9797 14.3178 64.0078 31.9061 30.3645 67.9779 42.2019 61.0983 21.2132 44.9222 24.3516 65.0308 61.6117 66.1891 34.5254 11.4018 44.911 79.177 39.6232 19.0263 65.7647 51.6236 66.7308 59.6154 85.9593 15.0333 14.3178 72.1249 10.198 65.192 86.8389 41.7612 29.4279 83.7616 46.6154 52.0865 12.1655 58.3095 65.0 79.4292 14.5602 45.3542 
61.131 64.2028 32.28 38.0526 19.799 38.8973 41.1096 34.0588 4.4721 20.6155 42.0595 0.0 61.2944 41.5933 82.9759 55.6058 89.1403 16.1245 65.192 60.1664 26.9072 43.4626 60.9262 55.9732 47.3814 64.0703 49.5177 38.2099 34.5254 64.1405 76.0592 55.9017 39.8246 63.2456 26.6833 57.9828 42.9535 53.4135 49.2443 66.2722 11.0454 34.3657 27.1662 24.0832 5.831 70.6612 83.6301 23.7697 66.2118 56.3028 64.2028 67.1193 51.5461 84.8764 23.0217 76.0263 43.7379 40.3609 49.0306 64.405 37.2156 69.527 19.9249 37.054 43.8406 57.0789 20.025 24.1868 45.8912 73.8241 53.1413 75.7166 62.0322 56.7539 37.0135 39.5601 47.8853 36.1248 58.8558 38.8973 71.3092 57.3149 28.178 58.0517 30.0832 26.1725 43.566 85.1469 54.7449 59.6825 
76.1577 26.6271 45.0444 31.3847 58.7282 26.0768 34.5398 56.2228 61.327 66.4831 67.897 61.2944 0.0 73.437 26.5707 11.1803 33.8378 76.5572 9.2195 7.2801 87.6641 71.8471 82.5409 21.4009 20.3961 61.8547 18.6815 28.0179 40.3113 4.1231 19.6469 20.0 79.0253 49.366 36.2353 30.4795 46.8402 24.6982 79.2465 70.4911 51.3128 59.2115 57.0351 56.2228 64.4748 9.4868 34.0147 38.6005 6.0828 76.844 10.4403 62.8013 42.9418 41.4367 82.6378 34.4819 48.0833 24.0832 47.927 9.2195 30.2324 16.0312 76.5376 56.5685 23.0868 26.1725 79.1202 66.4831 21.9317 44.4185 11.7047 36.0555 32.0156 72.8011 53.6004 43.0813 78.0897 36.7151 39.2046 27.0185 82.365 35.1283 33.121 20.5183 65.0077 86.8217 24.5967 28.2312 67.7791 31.8277 
22.2036 59.6657 28.6356 66.888 60.7454 48.0521 72.111 17.2627 37.1214 62.1691 6.7082 41.5933 73.437 0.0 83.7437 63.0714 87.3613 39.1152 81.2158 76.4853 55.0091 3.6056 19.6469 56.2228 53.1507 34.8281 55.0818 45.8912 68.2495 74.108 78.7718 57.1402 8.4853 97.4166 54.6443 51.4198 28.4429 52.2398 7.8102 31.7805 46.8615 14.3178 18.868 21.4009 36.7696 82.1523 78.4347 52.2015 79.511 16.0 70.0286 37.8021 37.0 74.686 38.2099 67.7791 27.6586 50.01 31.0161 71.007 65.0 72.4431 31.0 17.0 50.3587 83.2586 36.0139 17.4642 69.857 58.3095 71.5681 66.3099 89.8999 18.6815 20.0 74.5185 6.4031 68.0074 90.2109 46.8722 32.0156 87.3212 50.1199 58.3095 12.0416 55.0 68.8767 85.9069 19.7231 51.923 
79.1581 24.1868 58.6941 57.6975 83.8153 44.2041 61.0983 68.0074 82.0061 91.4002 77.2787 82.9759 26.5707 83.7437 0.0 27.5862 7.2801 96.8349 31.0644 32.7567 109.8772 81.2158 87.023 28.6356 35.805 60.8276 33.6006 45.2217 66.6408 22.4722 7.2111 28.178 90.956 74.0608 60.6053 32.3883 55.3173 32.311 87.6926 70.0357 74.2496 70.8802 71.3092 71.5891 85.0 22.0 12.0416 62.482 26.1725 82.0061 19.2094 60.4152 47.2652 21.9317 102.0833 20.6155 56.0892 42.638 53.3385 19.4165 56.356 13.4536 95.0158 67.1863 39.4081 51.3517 98.4784 81.939 48.4665 34.5398 38.2753 22.8473 56.0089 77.0065 64.2884 69.6419 86.8332 63.0714 64.195 44.4072 82.3772 60.2993 55.9017 26.4008 78.4347 109.1238 51.0784 2.2361 72.0 32.1403 
65.0 17.72 35.1283 32.5576 56.6039 17.4642 37.1214 46.0 54.9181 64.0703 57.3149 55.6058 11.1803 63.0714 27.5862 0.0 34.2053 69.9714 20.2485 16.9706 82.4621 61.2944 71.4703 10.6301 10.0499 50.8035 8.0 18.9737 41.2311 11.0454 20.5183 9.2195 69.0652 56.3205 33.2866 19.8494 35.9026 13.6015 68.593 59.3633 46.669 49.0 47.5184 47.0744 57.9828 19.105 31.0161 35.0 17.088 65.8027 8.6023 51.8556 31.7648 36.2215 75.591 28.0 37.108 15.6525 36.7696 8.9443 30.8058 14.2127 68.942 46.0977 13.3417 33.6155 72.0069 57.4891 25.02 35.4683 17.088 29.0689 40.2492 61.6847 43.1045 45.3982 67.4759 37.855 46.1736 18.0278 71.1969 42.0595 28.3196 10.2956 55.3263 81.6884 27.0185 29.6985 56.648 21.4009 
81.0247 27.8568 63.5295 64.8845 90.6973 50.2494 68.352 72.2357 87.9659 98.2293 80.7775 89.1403 33.8378 87.3613 7.2801 34.2053 0.0 102.6158 38.2099 40.025 116.0431 84.6463 89.1403 33.8378 41.7732 62.0725 39.6232 51.0882 73.8241 29.7321 14.3178 33.6006 94.8683 81.1542 67.424 36.0555 59.1354 37.2156 90.802 71.1758 80.7217 75.0267 76.0263 76.5376 90.9065 29.0689 10.198 69.2026 33.3766 84.3801 26.0768 61.2944 50.448 19.2354 107.6476 21.0238 59.7746 48.7955 56.5155 26.4197 63.5059 20.0 100.4042 71.1688 45.3431 58.5491 104.0433 86.7698 55.7136 34.5254 45.5412 23.0868 63.0714 79.2275 68.352 76.896 90.0278 70.2638 71.3442 50.3289 83.3847 67.4759 62.482 31.6228 82.8553 115.3126 58.3095 6.0 74.3303 35.4401 
61.0 76.3806 41.4005 54.1479 32.311 52.6972 57.0088 38.6264 15.2315 29.4109 42.107 16.1245 76.5572 39.1152 96.8349 69.9714 102.6158 0.0 80.9568 75.8947 16.4924 42.0119 58.5491 68.884 61.0328 68.6804 63.2456 51.614 50.1597 79.1581 90.1388 69.029 34.2053 78.1025 42.7551 69.3542 50.6063 65.8559 45.7056 68.7314 27.1662 37.6431 31.7805 29.5296 12.083 86.0058 96.2601 39.8121 81.7068 55.0818 78.5493 71.8401 60.208 96.3328 7.0711 87.7268 51.0 54.3783 56.356 78.8923 53.3385 83.4865 8.544 41.4367 57.4282 73.171 5.0 23.3452 61.9839 83.4865 68.9638 87.1149 78.0 57.0351 42.5441 54.7449 44.5533 52.0096 74.4312 52.4309 71.0282 73.1095 43.6578 71.0634 30.4138 16.2788 59.6825 99.0454 56.4358 70.8378 
85.0 35.609 52.6118 31.1448 59.8164 33.2415 32.8024 63.9531 65.8027 67.624 75.9276 65.192 9.2195 81.2158 31.0644 20.2485 38.2099 80.9568 0.0 5.099 90.7855 79.8311 91.1811 30.6105 28.7924 71.0282 27.313 35.3553 39.6232 11.6619 25.0799 29.2062 86.3713 43.0116 38.9102 39.6989 55.3624 33.8378 87.3212 79.6116 54.626 66.9104 64.1249 63.0079 68.9638 9.2195 40.4475 41.6293 5.099 85.44 18.868 72.0069 51.9711 48.7647 87.3613 42.5441 56.648 31.257 56.7979 17.4929 30.6105 23.4094 81.7863 64.5368 31.0483 20.3961 83.9345 73.0274 21.2603 53.2541 12.083 44.2832 25.02 81.5414 61.6117 41.0488 86.122 36.0694 33.1361 34.3657 91.4166 29.2746 37.3631 29.7321 72.1734 89.8944 24.0832 32.249 76.5572 41.0366 
80.9506 33.6155 47.8539 26.9072 55.3173 28.4429 29.1548 59.2284 60.7289 63.1269 71.3092 60.1664 7.2801 76.4853 32.7567 16.9706 40.025 75.8947 5.099 0.0 85.8836 75.1864 86.9253 27.5862 24.5967 67.624 23.3238 30.5941 35.609 11.0454 26.1725 26.1725 81.4985 42.19 34.0 36.7967 51.0784 30.4795 82.7103 76.0263 49.6588 62.1691 59.2115 58.0345 63.8905 12.2066 41.0122 36.6742 7.2111 81.1542 17.72 68.7677 48.2597 48.6621 82.28 41.7612 52.3927 26.4764 52.8394 16.4924 26.1725 23.1948 76.6877 59.9083 26.5707 19.0263 78.848 68.0074 17.0294 51.4782 7.2111 43.3244 24.7386 77.3886 57.0088 37.5899 81.4923 32.0156 32.0624 29.6142 87.6641 28.0179 32.28 27.0185 67.2681 85.0 19.8494 34.2053 72.45 38.2884 
77.1038 90.7855 56.9386 61.3514 34.2345 65.7951 62.8172 55.0273 28.4253 28.0179 58.4209 26.9072 87.6641 55.0091 109.8772 82.4621 116.0431 16.4924 90.7855 85.8836 0.0 58.0775 74.108 82.7587 74.2765 85.1645 76.4199 65.0538 55.3173 90.6973 102.9417 82.7345 49.2544 80.025 51.8845 84.2021 66.6408 80.0562 61.131 85.1587 36.3593 54.1202 48.1041 45.6946 25.807 96.8969 110.3902 49.2443 92.2822 71.007 91.0494 88.3233 76.0592 111.2115 17.2627 102.45 67.1193 67.2681 72.4983 91.214 61.0983 96.4261 24.0208 57.8705 70.7248 79.8123 19.0 39.8121 70.3847 99.1262 78.7147 102.0049 83.5464 73.2462 58.8727 58.4209 60.075 57.9741 78.4092 65.7647 87.023 77.9295 54.6443 84.8646 46.8722 1.0 67.7791 112.0446 72.8354 85.8021 
19.0263 57.0701 27.5136 66.8506 62.2656 46.8402 72.2011 16.1555 39.0 64.0781 4.0 43.4626 71.8471 3.6056 81.2158 61.2944 84.6463 42.0119 79.8311 75.1864 58.0775 0.0 17.4642 54.037 51.4782 31.241 53.3385 44.643 68.6804 72.3395 76.4199 55.0091 12.0416 97.6166 54.8179 48.8365 26.0768 50.04 7.6158 28.2312 48.0104 13.4164 19.105 21.9317 38.8973 80.399 75.5844 52.4976 77.9295 13.1529 68.0074 34.2053 34.2053 71.5891 41.4367 64.846 25.1794 48.7647 28.1603 69.029 64.8999 70.1783 34.0588 15.2971 48.8365 82.7345 39.1152 19.6469 69.3181 55.0727 70.5195 63.3246 89.4707 15.2971 18.2483 75.0067 6.3246 68.2495 90.1388 45.607 29.0172 87.1321 49.93 56.0803 13.4164 58.0345 68.4763 83.3607 16.1245 49.2443 
8.544 63.1981 41.4005 82.2192 79.6492 59.5399 87.7838 31.1127 56.4624 81.5414 19.4165 60.9262 82.5409 19.6469 87.023 71.4703 89.1403 58.5491 91.1811 86.9253 74.108 17.4642 0.0 62.5859 62.3939 28.1603 63.9062 57.3062 84.8999 82.28 83.3847 63.7887 25.02 113.2784 70.7107 55.4437 35.8469 58.6941 13.0 20.5913 65.192 29.0689 35.805 38.833 56.3028 90.2497 79.3095 68.6222 88.5438 5.831 76.9025 30.0832 40.6079 73.3485 57.0088 68.2642 34.5398 61.2944 34.9285 78.1025 80.1561 77.7817 50.2494 29.0689 60.4152 96.7988 55.1453 37.0 83.4865 56.0892 83.1865 66.3702 103.7304 10.0499 31.4006 91.2853 14.0357 84.1487 105.2616 58.1808 14.3178 102.0049 65.192 64.3273 30.8707 74.1687 83.006 89.0056 15.1327 55.2268 
55.6597 9.2195 30.0832 40.0125 60.5392 17.4929 45.1774 39.8121 54.4518 67.5426 50.04 55.9732 21.4009 56.2228 28.6356 10.6301 33.8378 68.884 30.6105 27.5862 82.7587 54.037 62.5859 0.0 9.4868 40.4969 8.0623 17.8045 48.0937 20.1246 22.8035 1.4142 62.9682 66.1287 37.6431 9.2195 28.0 4.0 61.0082 49.2443 48.5489 42.7551 42.72 42.9535 57.3149 27.8568 27.6586 38.6264 26.9258 57.0701 14.3178 41.4005 22.1359 30.0832 73.8173 21.1896 29.0172 16.5529 27.6586 15.5242 38.0 16.2788 66.5733 39.3192 12.53 43.8292 70.214 53.3104 33.9559 25.7099 27.2947 21.587 50.6063 52.6308 36.3456 53.0094 60.0 45.0111 56.0803 17.2047 61.2699 52.0 31.3847 2.2361 50.0 82.0731 35.5106 30.8707 47.5395 10.8167 
56.356 18.6815 25.0799 31.257 51.0784 8.4853 36.6742 36.0139 46.2277 58.1378 47.5184 47.3814 20.3961 53.1507 35.805 10.0499 41.7732 61.0328 28.7924 24.5967 74.2765 51.4782 62.3939 9.4868 0.0 43.8406 2.2361 9.434 39.0 21.0 29.1548 8.9443 59.0339 59.0339 28.1603 16.2788 26.5707 9.0554 58.8558 51.8556 39.4081 39.0128 37.4833 37.108 49.2037 29.0172 36.6197 29.1548 26.4764 56.648 18.0278 45.3431 24.0832 39.5601 66.3702 30.6757 27.8568 7.2111 28.3019 18.6815 29.1548 22.4722 59.4811 36.2215 3.6056 37.8021 62.7694 47.5395 26.4008 34.1321 21.9317 31.0483 44.8219 52.8015 33.2415 44.1814 57.7062 36.0555 49.2443 8.6023 63.2456 45.2769 21.9317 11.1803 45.2769 73.5527 27.5136 38.0132 47.8539 18.2483 
19.6469 38.2753 33.541 71.1969 78.7718 44.6542 77.026 30.4138 60.208 83.1505 28.8444 64.0703 61.8547 34.8281 60.8276 50.8035 62.0725 68.6804 71.0282 67.624 85.1645 31.241 28.1603 40.4969 43.8406 0.0 44.5982 42.72 76.5572 60.5392 58.2409 41.8808 43.2782 101.5135 62.3939 31.7648 22.8035 37.2022 34.2053 9.2195 63.5059 31.0483 37.4833 40.3113 61.5224 68.0 52.0096 61.3514 67.4166 24.5967 54.1202 3.1623 19.8494 45.3982 70.0071 41.0488 21.587 45.8039 17.4642 55.4707 68.9638 53.4883 62.0322 27.4591 43.2782 81.4678 67.0671 45.5412 69.2026 28.1603 65.7647 39.0128 88.5268 19.2354 27.074 82.7647 34.0588 74.686 92.2009 43.2666 21.587 88.4081 55.5428 41.6773 38.6264 84.8999 69.6348 62.6498 15.6205 30.8707 
57.6975 17.2627 27.1662 32.0624 52.8015 10.6301 37.3363 38.0 48.4149 59.9416 49.366 49.5177 18.6815 55.0818 33.6006 8.0 39.6232 63.2456 27.313 23.3238 76.4199 53.3385 63.9062 8.0623 2.2361 44.5982 0.0 11.6619 40.05 19.0263 26.9258 7.2801 61.0737 59.0931 29.7321 15.8114 28.1603 8.544 60.6712 52.8015 41.4005 41.0 39.6232 39.2938 51.4004 27.074 34.6699 30.8707 24.7386 58.1893 15.8114 45.9674 25.0 37.9473 68.6003 29.1204 29.4109 9.2195 29.5296 16.4924 30.0167 20.2485 61.7171 38.1182 5.831 37.4433 65.0 49.7293 26.5707 33.3766 21.2603 29.6142 44.4072 54.231 35.1283 45.0444 59.5399 37.0 49.1935 10.8167 64.3506 45.1774 23.7065 9.4868 47.3814 75.6902 27.8927 35.805 49.2443 17.72 
52.2015 26.4197 17.2627 28.6356 43.6807 2.2361 34.4384 28.6356 36.8782 50.3289 40.8044 38.2099 28.0179 45.8912 45.2217 18.9737 51.0882 51.614 35.3553 30.5941 65.0538 44.643 57.3062 17.8045 9.434 42.72 11.6619 0.0 34.9285 29.4279 38.5876 17.6918 51.0882 58.8218 22.0 21.587 22.0227 15.6525 52.2015 49.679 30.8869 31.5753 29.0172 28.2843 39.8246 37.2156 45.4533 22.2036 34.0 51.4782 27.313 44.7772 23.2594 47.4131 56.9386 38.4708 23.4307 4.1231 25.6125 27.8568 26.4008 31.9061 50.0899 29.4109 5.831 39.8246 53.3385 38.6394 26.8701 39.3192 26.0 38.4838 46.8615 48.2597 26.5707 40.8044 50.9608 32.573 49.679 1.0 60.1415 46.0109 15.0333 19.8494 37.0 64.3506 27.0185 47.4342 43.6005 23.5372 
82.0061 57.2189 44.6542 8.9443 21.5407 33.541 7.6158 53.8145 37.3631 29.0689 65.7647 34.5254 40.3113 68.2495 66.6408 41.2311 73.8241 50.1597 39.6232 35.609 55.3173 68.6804 84.8999 48.0937 39.0 76.5572 40.05 34.9285 0.0 44.2945 59.5063 47.1699 69.6419 29.5296 14.4222 55.0818 54.1202 48.0104 75.9276 82.365 24.0416 55.8659 49.5782 46.8615 40.025 47.8017 72.1249 16.2788 42.8019 79.3095 48.1041 78.924 57.8705 77.2787 57.2189 68.7314 55.4707 33.2415 59.0931 47.5395 10.4403 54.4243 54.3415 56.0803 37.1214 24.6982 54.4518 53.3385 18.6011 73.0616 28.8444 69.4622 28.2843 77.6209 54.2033 6.4031 74.5185 3.6056 24.3311 34.7131 91.2634 23.0 21.0238 49.2544 56.4004 54.3415 15.8114 68.4251 73.8173 57.0789 
75.6108 24.0832 46.0435 35.3553 62.3699 27.6586 38.6264 57.0088 63.9531 70.0928 68.3593 64.1405 4.1231 74.108 22.4722 11.0454 29.7321 79.1581 11.6619 11.0454 90.6973 72.3395 82.28 20.1246 21.0 60.5392 19.0263 29.4279 44.2945 0.0 15.5242 18.7883 80.025 53.2353 39.6232 28.8444 46.8722 23.7697 79.6304 69.3542 54.4059 60.0083 58.3095 57.7062 67.082 8.0623 30.0 41.8688 7.0711 76.6551 7.2111 61.2944 42.1545 37.6563 85.0882 31.0161 48.0521 25.7099 47.4342 5.831 34.1321 12.1655 78.7718 57.1402 24.0832 30.0666 81.5414 68.0661 26.0 41.6173 15.8114 32.6956 35.6931 72.4224 54.1479 47.1699 78.5175 40.7063 43.1045 28.4429 81.3941 39.0512 36.0555 18.868 66.1891 89.8721 28.6356 24.1661 67.3573 30.0 
75.8024 20.2237 52.811 50.5668 76.6094 37.4433 54.0833 62.5859 75.213 84.2021 72.4431 76.0592 19.6469 78.7718 7.2111 20.5183 14.3178 90.1388 25.0799 26.1725 102.9417 76.4199 83.3847 22.8035 29.1548 58.2409 26.9258 38.5876 59.5063 15.5242 0.0 22.1359 85.703 68.0074 53.4135 28.0179 50.3587 26.6833 83.1505 67.4463 67.1789 65.5134 65.4599 65.5515 78.2368 16.4924 15.5242 55.3173 20.025 78.1601 12.0416 58.1893 43.0116 24.5967 95.5249 20.5183 51.2445 35.805 49.0 12.2066 49.1935 6.7082 88.5889 61.9839 32.7567 45.0444 91.9239 75.9605 41.4367 33.8378 31.3209 22.6716 50.0899 73.3348 59.0339 62.6259 82.2192 55.9464 58.0086 37.7359 79.8123 54.037 48.7955 20.6155 72.8011 102.1763 44.0114 9.2195 68.2642 28.1603 
56.921 10.0499 30.6757 39.0 60.0083 17.2047 44.1022 40.6079 54.4885 67.082 51.0098 55.9017 20.0 57.1402 28.178 9.2195 33.6006 69.029 29.2062 26.1725 82.7345 55.0091 63.7887 1.4142 8.9443 41.8808 7.2801 17.6918 47.1699 18.7883 22.1359 0.0 63.7887 64.846 37.0 10.6301 29.0172 5.099 62.0322 50.6063 48.2597 43.566 43.3244 43.4626 57.3847 26.5707 27.8029 38.0789 25.5539 58.2495 13.1529 42.8019 23.4094 30.6757 74.0608 21.8403 30.0666 16.1245 28.8617 14.3178 37.0135 15.5242 66.888 40.1995 12.2066 42.4853 70.4557 53.8516 32.7567 26.9258 25.9422 22.3607 49.2443 53.8516 37.2156 52.0 61.0082 44.0454 54.7814 17.0294 62.6099 50.6952 30.8707 2.2361 50.6952 82.0366 34.3657 30.4138 48.7647 12.2066 
29.4109 67.0522 34.0 69.3542 59.5483 53.1507 74.2428 23.1948 35.4683 59.9083 15.0 39.8246 79.0253 8.4853 90.956 69.0652 94.8683 34.2053 86.3713 81.4985 49.2544 12.0416 25.02 62.9682 59.0339 43.2782 61.0737 51.0882 69.6419 80.025 85.703 63.7887 0.0 99.1262 56.7979 58.8218 35.7351 59.0339 12.0416 39.8246 46.8615 20.2237 22.3607 24.0416 34.4093 88.0057 86.1626 54.1202 85.0529 22.8035 76.4199 46.2277 44.7772 82.7647 32.0624 75.6439 35.1141 55.1453 38.9102 77.3175 67.624 79.2465 25.7099 23.7697 56.0 86.6487 30.4138 16.4012 73.3757 66.5733 76.1183 74.2496 93.0484 26.4008 26.6833 75.7166 11.1803 69.8355 92.5743 52.0865 38.6394 89.9611 53.1413 65.1153 14.3178 49.366 72.111 93.145 28.0179 59.4643 
109.6221 74.0405 72.1249 31.1127 46.3897 56.8595 25.4951 82.2192 66.4831 52.0096 94.4934 63.2456 49.366 97.4166 74.0608 56.3205 81.1542 78.1025 43.0116 42.19 80.025 97.6166 113.2784 66.1287 59.0339 101.5135 59.0931 58.8218 29.5296 53.2353 68.0074 64.846 99.1262 0.0 42.8019 74.8465 80.2808 67.624 105.0 108.4066 53.3104 84.5044 78.6003 76.0263 68.9493 52.0865 83.1505 45.2217 48.0 107.5639 59.6825 103.465 81.8352 90.7965 85.1469 83.5464 81.6884 55.7584 84.4038 58.5491 33.2415 65.3758 83.1685 84.22 58.6686 23.1948 82.7103 82.8553 32.6497 91.7061 39.2938 84.9294 18.1108 105.3613 82.0366 23.7697 103.6002 29.4109 10.198 58.2495 118.3427 14.3178 48.1041 66.4078 85.703 79.0253 31.9061 75.1665 101.1781 76.6942 
67.624 46.8402 30.2324 12.6491 23.3238 21.095 17.4929 39.598 28.0713 30.8058 51.7397 26.6833 36.2353 54.6443 60.6053 33.2866 67.424 42.7551 38.9102 34.0 51.8845 54.8179 70.7107 37.6431 28.1603 62.3939 29.7321 22.0 14.4222 39.6232 53.4135 37.0 56.7979 42.8019 0.0 43.2897 39.8121 36.6742 62.2013 68.0 15.8114 41.7732 35.805 33.2866 31.1448 45.2217 63.9531 3.0 40.4969 65.0692 41.4005 64.846 44.1475 67.6757 49.4975 58.8218 41.1461 21.3776 44.9444 41.2311 11.1803 47.4342 45.0 41.7732 25.4951 31.1448 46.2709 40.8534 19.2354 61.2046 26.8328 59.203 36.8782 63.2535 39.8246 20.8087 60.803 13.4536 35.7771 22.0227 76.844 33.2415 7.0711 39.2173 43.0465 51.0 17.0294 62.6259 59.4054 45.2769 
48.0521 8.2462 28.4253 47.5184 65.2534 22.2036 52.9528 36.2491 55.8032 71.7844 44.911 57.9828 30.4795 51.4198 32.3883 19.8494 36.0555 69.3542 39.6989 36.7967 84.2021 48.8365 55.4437 9.2195 16.2788 31.7648 15.8114 21.587 55.0818 28.8444 28.0179 10.6301 58.8218 74.8465 43.2897 0.0 23.0868 7.2801 55.3263 40.7185 52.0 39.0 40.4969 41.4005 58.4123 36.2353 27.7849 43.7379 35.805 50.1597 22.3607 32.45 15.0 27.0185 73.5935 18.3848 23.7697 22.0227 21.0238 23.7065 45.3982 22.3607 65.9469 35.1141 18.0 52.8394 70.0357 51.3128 42.3792 18.0 36.3593 17.8045 59.6825 45.3982 32.311 60.407 54.4518 52.2398 64.8845 21.3776 52.9245 60.8358 36.4966 10.0 46.9574 83.6002 43.6807 34.5254 40.3113 2.0 
30.2324 31.3209 11.0 49.4065 56.2228 24.2074 55.2178 13.6015 39.5601 61.0082 22.0907 42.9535 46.8402 28.4429 55.3173 35.9026 59.1354 50.6063 55.3624 51.0784 66.6408 26.0768 35.8469 28.0 26.5707 22.8035 28.1603 22.0227 54.1202 46.8722 50.3587 29.0172 35.7351 80.2808 39.8121 23.0868 0.0 24.0 33.0151 28.3019 41.0488 16.1245 19.2094 21.095 41.4367 54.9181 50.5668 38.6264 52.8867 30.0832 42.107 25.4951 9.8995 48.0104 53.6004 40.3113 1.4142 25.807 6.0828 43.1856 47.2017 44.1022 45.607 12.083 24.5967 61.8466 50.2195 29.6985 48.8365 33.3017 47.5079 39.1152 68.884 26.4197 9.434 60.4152 32.0 52.4786 71.4493 22.8035 38.1838 67.8823 33.121 30.0167 24.4131 66.2118 48.7955 57.4891 21.6333 23.7697 
51.8652 10.8167 26.4008 40.3113 59.1354 15.8114 45.7056 35.9026 51.6624 65.9242 46.0435 53.4135 24.6982 52.2398 32.311 13.6015 37.2156 65.8559 33.8378 30.4795 80.0562 50.04 58.6941 4.0 9.0554 37.2022 8.544 15.6525 48.0104 23.7697 26.6833 5.099 59.0339 67.624 36.6742 7.2801 24.0 0.0 57.0088 45.793 46.5296 38.833 39.0 39.3573 54.4518 31.6228 30.4138 37.3631 30.4138 53.1507 18.2483 38.2884 18.3848 31.7648 70.6045 22.8254 25.02 15.2971 23.7697 19.4165 38.2099 20.2237 63.2456 35.3553 11.1803 45.793 67.0075 49.6588 35.1141 25.0799 29.4109 22.8473 52.6972 48.7647 32.3883 53.2353 56.0 45.0999 57.6975 15.2315 57.7062 53.6656 30.0832 6.0828 46.1736 79.3977 36.4005 34.5398 43.6807 9.2195 
17.8885 63.5059 35.1141 74.3303 68.5055 54.4059 79.6304 23.7697 44.7772 69.7711 11.4018 49.2443 79.2465 7.8102 87.6926 68.593 90.802 45.7056 87.3212 82.7103 61.131 7.6158 13.0 61.0082 58.8558 34.2053 60.6712 52.2015 75.9276 79.6304 83.1505 62.0322 12.0416 105.0 62.2013 55.3263 33.0151 57.0088 0.0 29.2062 54.6717 21.0238 26.4008 29.0689 44.2832 87.6926 81.4923 59.8164 85.3288 11.1803 75.1066 36.8782 40.4475 76.896 44.0114 70.6045 32.0 56.3205 34.3657 76.1643 72.4017 77.026 37.3363 22.8035 56.2939 90.3383 42.19 25.0599 76.922 60.0083 78.1089 68.9638 97.0618 15.6205 25.7099 82.2192 1.4142 75.6042 97.6371 53.1601 26.6833 94.6678 57.4543 63.0 19.8494 61.2046 76.0592 89.8053 18.6011 55.5788 
12.2066 47.4342 38.0789 77.666 82.4621 51.7397 83.4865 32.249 62.1289 86.1452 26.9258 66.2722 70.4911 31.7805 70.0357 59.3633 71.1758 68.7314 79.6116 76.0263 85.1587 28.2312 20.5913 49.2443 51.8556 9.2195 52.8015 49.679 82.365 69.3542 67.4463 50.6063 39.8246 108.4066 68.0 40.7185 28.3019 45.793 29.2062 0.0 67.1863 32.0156 39.1152 42.19 63.0079 76.922 61.0737 66.6408 76.1577 18.3848 63.0714 10.0499 27.8029 54.1479 69.1231 50.1597 26.9258 53.0754 24.0832 64.405 75.452 62.6259 61.3922 29.2746 50.9313 89.0955 66.4906 45.3982 76.4853 37.0135 73.7564 48.0937 96.1665 13.6015 29.8329 88.6848 29.4109 80.7775 99.3579 50.3289 12.3693 95.6713 61.4003 50.5371 38.3275 85.0 76.6942 71.8471 12.3693 39.9249 
63.9766 57.3062 30.0666 27.0185 15.2971 31.0644 30.2655 35.4683 13.3417 20.2237 45.793 11.0454 51.3128 46.8615 74.2496 46.669 80.7217 27.1662 54.626 49.6588 36.3593 48.0104 65.192 48.5489 39.4081 63.5059 41.4005 30.8869 24.0416 54.4059 67.1789 48.2597 46.8615 53.3104 15.8114 52.0 41.0488 46.5296 54.6717 67.1863 0.0 36.6742 29.5296 26.4197 16.1245 60.5392 76.0263 13.0 55.9464 60.0333 55.1725 66.3702 48.2597 78.2943 34.0588 69.3542 42.107 32.2025 47.0106 55.2268 26.1725 60.8276 30.4138 38.2753 36.0555 46.0435 31.0 30.4795 34.9285 68.9638 42.5441 69.3181 51.0882 59.5063 37.3631 29.5466 53.2635 25.318 48.2701 31.3847 73.9256 46.5296 18.4391 50.4777 34.8281 35.5106 32.5576 76.3675 56.648 53.8516 
27.313 47.1699 14.3178 53.6004 51.6236 33.7343 59.0339 3.0 30.1496 54.5711 10.0 34.3657 59.2115 14.3178 70.8802 49.0 75.0267 37.6431 66.9104 62.1691 54.1202 13.4164 29.0689 42.7551 39.0128 31.0483 41.0 31.5753 55.8659 60.0083 65.5134 43.566 20.2237 84.5044 41.7732 39.0 16.1245 38.833 21.0238 32.0156 36.6742 0.0 7.2801 10.4403 31.0 68.0294 66.6408 39.598 65.2763 23.6008 56.2228 34.2053 25.807 64.0703 39.3573 56.4358 15.8114 35.6931 20.5183 57.1402 51.614 59.0339 31.305 4.2426 36.1248 69.3181 36.2491 14.7648 55.9017 48.8365 57.28 55.2268 76.0592 22.8473 6.7082 62.2415 19.6977 55.2268 76.844 32.5576 37.3363 73.7835 36.6197 44.911 8.4853 53.8516 55.0727 73.0821 20.3961 39.8121 
34.5398 48.3735 12.6491 48.0208 44.3847 31.0 53.2541 7.0711 23.0217 47.2969 16.4012 27.1662 57.0351 18.868 71.3092 47.5184 76.0263 31.7805 64.1249 59.2115 48.1041 19.105 35.805 42.72 37.4833 37.4833 39.6232 29.0172 49.5782 58.3095 65.4599 43.3244 22.3607 78.6003 35.805 40.4969 19.2094 39.0 26.4008 39.1152 29.5296 7.2801 0.0 3.1623 24.0832 66.1891 68.2642 33.4215 63.0079 30.5287 55.3173 40.6079 29.0689 66.7083 34.4093 58.6003 19.4165 33.0 24.6982 56.0892 46.1411 58.8218 26.4008 10.0499 34.2345 64.622 31.0644 10.8167 51.264 52.4976 53.7587 57.6281 71.1758 30.0832 10.7703 55.9017 25.0 49.2037 71.3442 30.0167 44.5982 68.4763 31.305 44.9444 8.0623 47.7598 50.1597 73.5391 27.6586 41.6173 
37.6962 49.0918 13.0384 45.6508 41.2311 30.1496 50.774 10.0 20.0 44.1475 19.4165 24.0832 56.2228 21.4009 71.5891 47.0744 76.5376 29.5296 63.0079 58.0345 45.6946 21.9317 38.833 42.9535 37.108 40.3113 39.2938 28.2843 46.8615 57.7062 65.5515 43.4626 24.0416 76.0263 33.2866 41.4005 21.095 39.3573 29.0689 42.19 26.4197 10.4403 3.1623 0.0 21.2132 65.4905 69.0652 30.8058 62.1289 33.6155 55.0818 43.4166 30.8058 67.9412 32.6497 59.6657 21.4709 32.1403 26.8328 55.7853 43.8292 58.8727 24.7588 13.0 33.7343 62.6259 29.2062 10.4403 49.3356 54.2033 52.345 58.7963 69.0797 33.2415 13.3417 53.1507 27.6586 46.6154 68.9638 29.2746 47.7598 66.1891 29.1548 45.1885 9.8489 45.31 48.1041 73.8241 30.8058 42.638 
57.0701 65.1153 31.305 43.0116 25.4951 40.8044 46.3897 31.1448 3.1623 25.5539 37.855 5.831 64.4748 36.7696 85.0 57.9828 90.9065 12.083 68.9638 63.8905 25.807 38.8973 56.3028 57.3149 49.2037 61.5224 51.4004 39.8246 40.025 67.082 78.2368 57.3847 34.4093 68.9493 31.1448 58.4123 41.4367 54.4518 44.2832 63.0079 16.1245 31.0 24.0832 21.2132 0.0 73.9256 84.8528 28.1603 69.6419 51.923 66.5733 64.6297 50.5668 85.4283 18.4391 76.6942 42.0595 42.4382 47.4342 66.888 42.0119 71.6101 14.3178 34.1321 45.607 62.0 15.1327 19.3132 50.3587 73.4302 57.0088 76.2168 67.1863 52.7731 34.5254 45.2217 42.9535 41.4367 64.3273 40.6079 67.2681 62.6498 31.6228 59.4643 25.7099 25.2389 48.1664 87.2009 51.1566 60.0 
83.4865 30.6105 54.0093 39.0512 67.2086 35.3553 41.3401 65.0308 70.7743 75.0067 76.4199 70.6612 9.4868 82.1523 22.0 19.105 29.0689 86.0058 9.2195 12.2066 96.8969 80.399 90.2497 27.8568 29.0172 68.0 27.074 37.2156 47.8017 8.0623 16.4924 26.5707 88.0057 52.0865 45.2217 36.2353 54.9181 31.6228 87.6926 76.922 60.5392 68.0294 66.1891 65.4905 73.9256 0.0 32.0156 47.7074 5.0 84.6463 13.8924 68.6003 49.98 40.8534 92.1141 35.5106 56.0892 33.3766 55.3624 12.53 38.2099 16.4012 86.0233 65.192 32.0156 29.6142 88.6002 75.8024 29.2062 47.4236 19.105 37.4433 34.0147 80.3617 62.2013 49.7393 86.5794 44.2041 42.2966 36.2215 89.0505 38.4708 42.4853 26.4008 74.108 96.0417 32.0156 23.0868 75.2861 37.2156 
71.1126 20.0 56.0357 63.3246 87.2353 45.0 67.4685 63.9531 82.0366 94.5145 71.7844 83.6301 34.0147 78.4347 12.0416 31.0161 10.198 96.2601 40.4475 41.0122 110.3902 75.5844 79.3095 27.6586 36.6197 52.0096 34.6699 45.4533 72.1249 30.0 15.5242 27.8029 86.1626 83.1505 63.9531 27.7849 50.5668 30.4138 81.4923 61.0737 76.0263 66.6408 68.2642 69.0652 84.8528 32.0156 0.0 65.3682 35.3553 74.6726 24.3311 51.1566 41.4367 9.8995 100.896 11.0454 51.0784 43.8292 47.4342 25.1794 61.6847 18.1108 93.4077 62.6498 40.0 60.0333 97.3088 79.0759 54.9181 24.3311 45.2769 13.0 65.3758 69.4622 59.9333 75.9276 80.7775 68.6804 73.0616 44.8219 73.2462 69.029 58.3095 25.6125 74.7061 109.7133 57.2713 12.8062 64.6297 26.8328 
65.8027 47.7598 28.6531 15.5242 21.9317 21.587 20.1246 37.5366 25.0799 29.1548 49.5177 23.7697 38.6005 52.2015 62.482 35.0 69.2026 39.8121 41.6293 36.6742 49.2443 52.4976 68.6222 38.6264 29.1548 61.3514 30.8707 22.2036 16.2788 41.8688 55.3173 38.0789 54.1202 45.2217 3.0 43.7379 38.6264 37.3631 59.8164 66.6408 13.0 39.598 33.4215 30.8058 28.1603 47.7074 65.3682 0.0 43.0465 63.0317 43.2782 63.8905 43.566 68.7095 46.5296 59.808 39.9249 22.1359 43.9659 43.1856 14.1421 49.2037 42.0 39.8246 26.2488 34.1321 43.2897 38.0789 22.2036 61.5224 29.5466 60.0833 39.8121 61.4003 38.0132 22.6716 58.4123 15.8114 38.4838 22.3607 75.1665 36.0555 7.2801 40.3113 40.4969 48.3735 20.025 64.5368 57.6888 45.7056 
82.0792 31.1448 51.0882 34.0588 62.2896 32.0156 36.3593 62.2896 66.4831 70.0928 73.9797 66.2118 6.0828 79.511 26.1725 17.088 33.3766 81.7068 5.099 7.2111 92.2822 77.9295 88.5438 26.9258 26.4764 67.4166 24.7386 34.0 42.8019 7.0711 20.025 25.5539 85.0529 48.0 40.4969 35.805 52.8867 30.4138 85.3288 76.1577 55.9464 65.2763 63.0079 62.1289 69.6419 5.0 35.3553 43.0465 0.0 82.8613 14.2127 68.2422 48.7545 43.6807 87.9204 37.5766 54.1202 30.0167 53.8516 12.8062 33.2415 18.3848 82.0061 62.6498 29.1548 25.1794 84.4334 72.3395 24.2074 48.6004 14.1421 39.3573 30.0666 78.7718 59.6825 44.7772 84.1724 39.2046 38.0526 33.0 88.1192 34.1321 38.0789 25.807 71.0 91.4166 27.0185 27.4591 73.736 37.0135 
6.7082 58.0345 35.609 76.4853 74.686 53.7122 82.0731 25.4951 51.8652 76.896 14.3178 56.3028 76.844 16.0 82.0061 65.8027 84.3801 55.0818 85.44 81.1542 71.007 13.1529 5.831 57.0701 56.648 24.5967 58.1893 51.4782 79.3095 76.6551 78.1601 58.2495 22.8035 107.5639 65.0692 50.1597 30.0832 53.1507 11.1803 18.3848 60.0333 23.6008 30.5287 33.6155 51.923 84.6463 74.6726 63.0317 82.8613 0.0 71.3863 26.9258 35.2278 69.1231 54.1479 63.6396 28.7924 55.4707 29.4279 72.5672 74.411 72.4431 47.0 23.3452 54.626 90.9725 52.0096 32.7567 77.666 51.923 77.3692 61.8142 97.9081 5.3852 25.6125 85.703 11.7047 78.492 99.4887 52.3546 16.0312 96.2133 59.4643 58.8558 26.2488 71.0 77.201 84.0238 10.0499 50.04 
69.9214 16.9706 42.7551 39.2173 64.6375 25.9422 43.1741 53.2353 63.5138 72.2011 64.0078 64.2028 10.4403 70.0286 19.2094 8.6023 26.0768 78.5493 18.868 17.72 91.0494 68.0074 76.9025 14.3178 18.0278 54.1202 15.8114 27.313 48.1041 7.2111 12.0416 13.1529 76.4199 59.6825 41.4005 22.3607 42.107 18.2483 75.1066 63.0714 55.1725 56.2228 55.3173 55.0818 66.5733 13.8924 24.3311 43.2782 14.2127 71.3863 0.0 54.7083 36.4005 31.1448 84.119 24.0416 43.1856 24.1868 41.9762 1.4142 37.6962 6.3246 77.3886 53.0377 21.5407 36.4966 80.5295 65.521 30.5941 34.4093 21.0238 25.632 42.45 66.9403 50.04 51.6624 74.0608 44.5982 49.4975 26.4008 75.2396 45.3982 36.7696 12.6491 62.9682 90.2718 32.9848 21.2603 61.8466 23.3238 
21.5407 38.4838 36.3456 73.3553 81.6149 46.6476 79.177 33.541 63.2851 86.093 31.9061 67.1193 62.8013 37.8021 60.4152 51.8556 61.2944 71.8401 72.0069 68.7677 88.3233 34.2053 30.0832 41.4005 45.3431 3.1623 45.9674 44.7772 78.924 61.2944 58.1893 42.8019 46.2277 103.465 64.846 32.45 25.4951 38.2884 36.8782 10.0499 66.3702 34.2053 40.6079 43.4166 64.6297 68.6003 51.1566 63.8905 68.2422 26.9258 54.7083 0.0 21.6333 44.1022 73.1642 40.3113 24.3311 47.7074 19.9249 56.0803 71.1196 53.7122 65.192 30.5941 45.0 83.0963 70.2282 48.7032 71.0282 27.0 67.2086 38.2099 90.1388 21.6333 30.1496 85.0882 36.7967 76.9675 94.0479 45.2769 22.0907 90.2109 57.9396 42.4382 41.7852 88.0568 71.5612 62.1691 18.3848 31.3847 
33.5261 23.0868 19.3132 51.8941 63.0317 25.0599 57.6975 23.4307 48.4665 68.469 30.3645 51.5461 42.9418 37.0 47.2652 31.7648 50.448 60.208 51.9711 48.2597 76.0592 34.2053 40.6079 22.1359 24.0832 19.8494 25.0 23.2594 57.8705 42.1545 43.0116 23.4094 44.7772 81.8352 44.1475 15.0 9.8995 18.3848 40.4475 27.8029 48.2597 25.807 29.0689 30.8058 50.5668 49.98 41.4367 43.566 48.7545 35.2278 36.4005 21.6333 0.0 38.2753 63.4114 30.8707 10.0 26.0768 6.0828 37.6431 49.6588 37.2156 55.4437 21.6333 23.4307 61.6198 60.0 39.598 49.4065 23.4307 46.0109 29.5296 68.6804 30.5941 19.2094 63.9062 39.6232 55.7136 72.4224 23.7065 39.4462 68.6003 37.108 23.7697 34.2053 75.591 49.93 49.366 25.4951 15.1327 
64.9384 21.0238 55.1543 68.7314 90.6201 47.4236 73.3348 61.6117 82.801 97.5756 67.9779 84.8764 41.4367 74.686 21.9317 36.2215 19.2354 96.3328 48.7647 48.6621 111.2115 71.5891 73.3485 30.0832 39.5601 45.3982 37.9473 47.4131 77.2787 37.6563 24.5967 30.6757 82.7647 90.7965 67.6757 27.0185 48.0104 31.7648 76.896 54.1479 78.2943 64.0703 66.7083 67.9412 85.4283 40.8534 9.8995 68.7095 43.6807 69.1231 31.1448 44.1022 38.2753 0.0 100.4092 8.9443 48.2597 46.6154 43.909 32.249 66.9104 25.4951 92.6553 59.9083 42.5441 67.6018 96.8762 77.4661 61.0737 17.2627 52.0384 9.2195 73.3485 63.7887 57.4282 81.6149 76.3217 73.9797 80.6226 46.9574 66.0076 76.531 61.4654 28.4605 72.4224 110.6029 63.1981 22.6716 59.203 25.4951 
60.407 80.9197 45.2548 61.0737 39.2173 58.1808 64.0312 40.8167 21.587 35.8469 42.2019 23.0217 82.6378 38.2099 102.0833 75.591 107.6476 7.0711 87.3613 82.28 17.2627 41.4367 57.0088 73.8173 66.3702 70.0071 68.6003 56.9386 57.2189 85.0882 95.5249 74.0608 32.0624 85.1469 49.4975 73.5935 53.6004 70.6045 44.0114 69.1231 34.0588 39.3573 34.4093 32.6497 18.4391 92.1141 100.896 46.5296 87.9204 54.1479 84.119 73.1642 63.4114 100.4092 0.0 91.9674 53.8238 59.9416 59.0762 84.534 60.208 88.8369 8.0623 43.4166 62.7694 80.0999 3.6056 24.5967 68.7314 86.8332 75.4321 91.2195 85.0059 56.7186 44.9444 61.8142 43.0 59.0339 81.4985 57.8014 70.1783 80.1561 50.0 76.0263 31.3847 17.4642 66.4831 104.3072 56.7539 74.9667 
60.075 12.083 46.7547 60.2993 81.7068 38.4838 65.0692 53.8516 74.027 88.6397 61.0983 76.0263 34.4819 67.7791 20.6155 28.0 21.0238 87.7268 42.5441 41.7612 102.45 64.846 68.2642 21.1896 30.6757 41.0488 29.1204 38.4708 68.7314 31.0161 20.5183 21.8403 75.6439 83.5464 58.8218 18.3848 40.3113 22.8254 70.6045 50.1597 69.3542 56.4358 58.6003 59.6657 76.6942 35.5106 11.0454 59.808 37.5766 63.6396 24.0416 40.3113 30.8707 8.9443 91.9674 0.0 40.7063 37.6962 36.7696 25.2982 58.4209 19.2354 84.2912 52.3546 33.6155 60.4152 88.4138 69.4046 53.0094 13.9284 44.4072 2.2361 66.4831 58.4209 49.7393 73.2462 69.9214 65.4905 73.3485 38.0132 62.3939 69.2315 52.5547 19.6469 64.6607 101.8283 55.0091 22.1359 53.6004 17.0294 
28.8444 32.0156 12.0416 50.8035 57.3149 25.6125 56.6127 13.4536 40.2616 62.0 21.2132 43.7379 48.0833 27.6586 56.0892 37.108 59.7746 51.0 56.648 52.3927 67.1193 25.1794 34.5398 29.0172 27.8568 21.587 29.4109 23.4307 55.4707 48.0521 51.2445 30.0666 35.1141 81.6884 41.1461 23.7697 1.4142 25.02 32.0 26.9258 42.107 15.8114 19.4165 21.4709 42.0595 56.0892 51.0784 39.9249 54.1202 28.7924 43.1856 24.3311 10.0 48.2597 53.8238 40.7063 0.0 27.2029 5.3852 44.2832 48.6004 45.0444 45.8039 11.6619 25.9422 63.2535 50.4777 29.7321 50.2494 33.2415 48.8774 39.4462 70.2922 25.0599 9.2195 61.7738 31.0161 53.8516 72.8629 24.2074 36.7696 69.2965 34.4819 31.0 24.2074 66.7083 50.2096 58.2495 20.2485 24.3516 
