50
0.0 39.85 32.76 51.11 21.59 7.07 35.44 59.46 37.34 34.18 38.83 5.1 26.93 50.21 57.43 14.32 12.37 32.25 24.08 51.09 4.0 33.29 13.0 32.25 52.63 54.45 43.83 18.38 26.48 36.67 33.42 27.46 62.37 28.02 27.02 47.41 26.93 16.76 44.72 26.0 22.56 41.73 33.29 18.0 54.38 12.37 38.42 35.51 48.3 19.72
39.85 0.0 36.89 71.55 43.93 32.89 4.47 32.06 41.4 32.8 11.66 34.79 61.03 24.19 35.36 52.77 35.0 39.45 41.76 21.02 36.06 11.66 33.0 56.32 29.43 27.0 8.06 55.23 13.89 51.0 64.63 15.3 35.13 14.87 55.73 67.08 26.4 23.09 8.25 65.12 17.46 18.79 58.24 38.47 35.17 50.8 22.8 39.41 34.89 48.26
32.76 36.89 0.0 35.11 16.28 31.0 34.83 35.11 5.39 5.0 26.93 31.06 34.99 28.28 30.02 35.81 20.4 3.0 12.04 32.02 32.14 25.24 20.1 23.35 27.51 31.78 34.18 34.66 33.02 14.56 34.79 23.35 37.16 37.44 26.4 30.68 11.4 28.46 35.11 45.97 30.89 23.19 25.32 15.65 26.08 34.67 17.12 3.16 18.6 22.67
51.11 71.55 35.11 0.0 31.14 54.2 68.96 66.0 31.78 39.85 62.03 53.01 30.15 61.52 59.08 42.72 43.19 32.31 31.24 65.92 53.25 59.93 44.55 18.87 59.08 64.2 69.29 38.08 65.0 20.62 23.0 56.94 67.07 69.03 24.7 4.47 45.18 57.31 70.23 44.0 61.85 57.97 17.89 36.77 55.04 43.32 51.92 33.24 48.01 31.38
21.59 43.93 16.28 31.14 0.0 23.32 40.52 50.54 18.87 20.25 37.01 22.36 19.31 42.72 46.04 20.12 12.04 14.21 4.24 45.61 22.85 33.14 13.45 13.04 42.94 46.62 44.01 18.44 34.89 15.13 21.0 28.64 52.84 38.59 12.0 27.02 19.1 26.4 45.01 29.7 31.38 35.9 14.76 5.83 42.2 19.31 30.36 17.8 34.83 6.4
7.07 32.89 31.0 54.2 23.32 0.0 28.46 54.2 36.06 31.4 32.65 2.0 32.7 44.82 52.84 21.1 11.7 31.14 24.7 45.25 3.16 27.02 11.18 35.47 47.71 49.04 37.22 24.74 19.42 37.7 38.59 21.26 57.2 21.0 31.24 50.22 23.09 9.85 38.08 33.02 15.52 36.24 36.8 18.38 50.09 19.1 33.62 34.01 44.6 23.35
35.44 4.47 34.83 68.96 40.52 28.46 0.0 34.53 39.62 31.11 12.17 30.36 57.14 26.02 37.01 48.51 31.06 37.2 38.63 23.54 31.62 10.0 29.07 53.14 31.02 29.27 11.18 51.09 9.43 48.55 61.0 12.08 37.66 10.82 52.17 64.5 23.85 18.68 11.66 60.83 13.0 19.42 55.03 34.93 36.35 46.53 22.36 37.54 35.11 44.55
59.46 32.06 35.11 66.0 50.54 54.2 34.53 0.0 35.69 30.46 23.41 55.44 69.78 9.43 7.62 67.8 48.92 37.95 46.52 11.05 56.85 28.64 47.42 58.24 7.62 5.39 24.02 67.96 41.44 47.68 69.89 33.62 3.16 44.64 61.47 62.03 33.42 45.79 24.0 79.32 42.95 18.03 60.17 47.71 11.18 66.22 21.26 35.17 18.03 56.82
37.34 41.4 5.39 31.78 18.87 36.06 39.62 35.69 0.0 8.6 30.89 36.0 36.24 30.02 29.73 38.95 25.08 5.1 14.76 34.23 37.01 29.83 25.0 22.85 28.28 33.06 38.01 37.2 38.28 12.04 34.89 28.43 37.36 42.72 27.2 27.46 16.64 33.84 38.91 48.27 36.24 26.25 24.7 19.65 25.63 38.01 20.25 2.24 18.03 25.0
34.18 32.8 5.0 39.85 20.25 31.4 31.11 30.46 8.6 0.0 22.36 31.78 39.36 23.35 25.81 38.95 21.93 8.0 16.12 27.02 32.98 21.26 21.19 28.28 22.85 26.93 29.55 38.29 30.41 19.42 39.56 20.25 32.65 34.89 31.02 35.44 9.22 27.29 30.46 49.68 28.79 18.25 30.27 18.44 22.02 37.64 12.17 6.71 14.87 26.63
38.83 11.66 26.93 62.03 37.01 32.65 12.17 23.41 30.89 22.36 0.0 34.21 55.58 14.32 25.02 49.77 30.68 29.73 34.06 13.04 35.61 5.66 28.79 48.37 19.03 18.03 7.28 51.24 18.03 41.44 58.01 11.4 26.57 21.38 49.01 57.58 18.03 23.35 8.25 62.03 19.72 7.28 50.36 32.25 24.19 47.93 11.31 29.07 23.26 42.3
5.1 34.79 31.06 53.01 22.36 2.0 30.36 55.44 36.0 31.78 34.21 0.0 30.87 46.1 53.85 19.1 11.18 31.02 24.04 46.69 1.41 28.6 11.0 34.21 48.83 50.33 38.95 22.8 21.38 37.0 36.89 22.8 58.41 23.0 29.73 49.09 23.77 11.7 39.82 31.02 17.46 37.54 35.47 17.72 51.0 17.12 34.67 34.01 45.31 21.93
26.93 61.03 34.99 30.15 19.31 32.7 57.14 69.78 36.24 39.36 55.58 30.87 0.0 62.03 65.0 14.21 26.08 32.45 23.26 64.85 30.41 51.16 28.07 15.65 62.17 65.92 62.29 9.22 49.82 27.2 7.62 46.01 72.01 52.63 9.22 28.02 38.08 40.02 63.29 14.32 45.89 55.08 14.87 23.35 61.06 15.56 49.65 35.81 53.54 13.34
50.21 24.19 28.28 61.52 42.72 44.82 26.02 9.43 30.02 23.35 14.32 46.1 62.03 0.0 11.18 59.08 40.0 31.26 38.9 5.0 47.51 19.31 38.42 51.62 5.39 4.24 16.49 59.54 32.28 42.0 62.82 24.19 12.53 35.69 54.12 57.31 24.7 36.36 16.76 70.83 33.62 8.6 53.6 39.36 11.66 57.43 12.53 29.02 14.76 48.85
57.43 35.36 30.02 59.08 46.04 52.84 37.01 7.62 29.73 25.81 25.02 53.85 65.0 11.18 0.0 64.38 46.1 32.65 41.88 15.23 55.23 29.43 44.82 52.55 6.0 9.43 27.66 64.03 42.58 41.48 64.47 33.53 8.0 46.27 56.36 55.23 30.61 45.31 27.89 75.43 43.42 18.25 54.42 43.93 4.12 62.94 19.24 29.55 11.7 52.43
14.32 52.77 35.81 42.72 20.12 21.1 48.51 67.8 38.95 38.95 49.77 19.1 14.21 59.08 64.38 0.0 19.24 34.13 24.19 60.9 18.25 44.6 21.02 25.08 60.44 63.25 55.66 5.0 40.05 33.73 21.63 38.9 70.43 42.05 18.25 39.81 34.41 30.07 56.61 12.37 36.06 51.11 25.32 20.52 60.81 2.0 46.62 37.74 53.81 14.56
12.37 35.0 20.4 43.19 12.04 11.7 31.06 48.92 25.08 21.93 30.68 11.18 26.08 40.0 46.1 19.24 0.0 20.02 13.0 41.68 12.04 25.71 2.0 24.84 41.73 44.2 36.88 20.62 24.04 26.0 30.36 20.22 51.66 27.31 21.93 39.05 15.56 14.76 37.85 31.38 20.25 31.91 26.4 6.71 42.8 17.49 27.66 23.19 36.36 13.93
32.25 39.45 3.0 32.31 14.21 31.14 37.2 37.95 5.1 8.0 29.73 31.02 32.45 31.26 32.65 34.13 20.02 0.0 10.0 35.01 32.0 27.78 20.02 20.4 30.36 34.71 37.0 32.65 34.83 11.7 31.95 25.5 39.92 39.2 23.71 27.86 13.45 29.55 37.95 43.86 32.45 26.17 22.36 14.56 28.65 33.12 20.1 3.61 21.1 20.52
24.08 41.76 12.04 31.24 4.24 24.7 38.63 46.52 14.76 16.12 34.06 24.04 23.26 38.9 41.88 24.19 13.0 10.0 0.0 41.98 24.74 30.59 13.89 14.56 38.91 42.72 41.19 22.67 33.84 13.0 24.19 26.57 48.76 37.8 15.3 26.91 16.03 26.17 42.19 33.94 30.61 32.39 16.49 6.32 38.01 23.26 26.68 13.6 30.61 10.63
51.09 21.02 32.02 65.92 45.61 45.25 23.54 11.05 34.23 27.02 13.04 46.69 64.85 5.0 15.23 60.9 41.68 35.01 41.98 0.0 48.1 18.6 39.96 55.23 10.0 6.08 13.0 61.74 30.87 46.1 66.1 24.08 14.14 33.84 57.27 61.66 26.93 36.24 13.04 72.9 32.76 9.85 57.22 41.79 16.4 59.17 15.3 33.06 19.72 51.55
4.0 36.06 32.14 53.25 22.85 3.16 31.62 56.85 37.01 32.98 35.61 1.41 30.41 47.51 55.23 18.25 12.04 32.0 24.74 48.1 0.0 30.0 12.04 34.41 50.22 51.74 40.31 22.14 22.56 37.64 36.62 24.21 59.82 24.02 29.7 49.4 25.08 13.0 41.18 30.0 18.68 38.95 35.61 18.44 52.35 16.28 36.06 35.06 46.62 22.02
33.29 11.66 25.24 59.93 33.14 27.02 10.0 28.64 29.83 21.26 5.66 28.6 51.16 19.31 29.43 44.6 25.71 27.78 30.59 18.6 30.0 0.0 23.77 45.12 23.54 23.26 11.18 46.32 13.15 39.36 54.08 5.83 31.78 17.0 45.1 55.46 14.87 17.69 12.17 56.92 14.32 11.18 47.07 28.0 28.02 42.72 12.65 27.8 25.71 38.01
13.0 33.0 20.1 44.55 13.45 11.18 29.07 47.42 25.0 21.19 28.79 11.0 28.07 38.42 44.82 21.02 2.0 20.02 13.89 39.96 12.04 23.77 0.0 26.4 40.31 42.64 34.93 22.56 22.14 26.83 32.28 18.25 50.21 25.5 23.77 40.36 14.21 13.04 35.9 33.24 18.38 30.23 28.02 7.81 41.62 19.24 26.17 23.02 35.36 15.81
32.25 56.32 23.35 18.87 13.04 35.47 53.14 58.24 22.85 28.28 48.37 34.21 15.65 51.62 52.55 25.08 24.84 20.4 14.56 55.23 34.41 45.12 26.4 0.0 50.7 55.11 55.58 21.02 47.89 12.04 12.21 41.11 60.08 51.62 7.07 15.23 30.41 39.41 56.57 29.73 44.42 46.01 2.0 18.87 48.47 25.32 40.05 23.09 40.85 12.53
52.63 29.43 27.51 59.08 42.94 47.71 31.02 7.62 28.28 22.85 19.03 48.83 62.17 5.39 6.0 60.44 41.73 30.36 38.91 10.0 50.22 23.54 40.31 50.7 0.0 5.39 21.84 60.46 36.67 40.31 62.3 27.86 10.0 40.31 53.85 55.01 26.17 39.81 22.14 71.85 37.64 12.37 52.63 40.22 6.4 58.9 14.21 27.66 11.18 49.24
54.45 27.0 31.78 64.2 46.62 49.04 29.27 5.39 33.06 26.93 18.03 50.33 65.92 4.24 9.43 63.25 44.2 34.71 42.72 6.08 51.74 23.26 42.64 55.11 5.39 0.0 19.03 63.63 36.06 45.1 66.48 28.3 8.54 39.29 57.87 60.07 28.84 40.5 19.1 74.95 37.58 12.81 57.07 43.42 11.4 61.61 16.64 32.25 16.49 52.8
43.83 8.06 34.18 69.29 44.01 37.22 11.18 24.02 38.01 29.55 7.28 38.95 62.29 16.49 27.66 55.66 36.88 37.0 41.19 13.0 40.31 11.18 34.93 55.58 21.84 19.03 0.0 57.49 19.85 48.7 65.01 16.76 27.07 21.95 56.01 64.85 25.18 27.46 1.0 68.01 22.67 12.73 57.56 39.05 27.86 53.76 18.03 36.25 28.6 49.09
18.38 55.23 34.66 38.08 18.44 24.74 51.09 67.96 37.2 38.29 51.24 22.8 9.22 59.54 64.03 5.0 20.62 32.65 22.67 61.74 22.14 46.32 22.56 21.02 60.46 63.63 57.49 0.0 43.05 30.68 16.64 40.79 70.46 45.4 14.0 35.36 34.89 33.06 58.46 11.4 39.05 51.89 21.02 20.25 60.31 6.4 47.01 36.24 53.08 12.21
26.48 13.89 33.02 65.0 34.89 19.42 9.43 41.44 38.28 30.41 18.03 21.38 49.82 32.28 42.58 40.05 24.04 34.83 33.84 30.87 22.56 13.15 22.14 47.89 36.67 36.06 19.85 43.05 0.0 45.28 54.41 10.44 44.6 4.47 45.88 60.61 21.63 10.0 20.52 52.24 4.0 24.33 49.65 29.07 41.11 38.05 25.08 36.06 38.21 37.95
36.67 51.0 14.56 20.62 15.13 37.7 48.55 47.68 12.04 19.42 41.44 37.0 27.2 42.0 41.48 33.73 26.0 11.7 13.0 46.1 37.64 39.36 26.83 12.04 40.31 45.1 48.7 30.68 45.28 0.0 24.21 36.62 49.24 49.5 18.03 16.16 24.7 38.6 49.65 40.71 42.45 37.66 13.6 19.31 37.36 33.38 31.58 13.04 29.83 19.24
33.42 64.63 34.79 23.0 21.0 38.59 61.0 69.89 34.89 39.56 58.01 36.89 7.62 62.82 64.47 21.63 30.36 31.95 24.19 66.1 36.62 54.08 32.28 12.21 62.3 66.48 65.01 16.64 54.41 24.21 0.0 49.37 71.87 57.58 9.0 21.38 40.05 44.94 66.01 21.0 50.6 56.57 10.63 26.17 60.42 22.8 50.8 34.93 52.8 16.49
27.46 15.3 23.35 56.94 28.64 21.26 12.08 33.62 28.43 20.25 11.4 22.8 46.01 24.19 33.53 38.9 20.22 25.5 26.57 24.08 24.21 5.83 18.25 41.11 27.86 28.3 16.76 40.79 10.44 36.62 49.37 0.0 36.72 14.87 40.45 52.48 12.04 12.21 17.72 51.24 10.05 15.65 43.01 23.19 31.58 37.0 15.03 26.25 28.02 33.06
62.37 35.13 37.16 67.07 52.84 57.2 37.66 3.16 37.36 32.65 26.57 58.41 72.01 12.53 8.0 70.43 51.66 39.92 48.76 14.14 59.82 31.78 50.21 60.08 10.0 8.54 27.07 70.46 44.6 49.24 71.87 36.72 0.0 47.8 63.56 63.2 36.12 48.88 27.02 81.84 46.1 21.1 61.98 50.22 12.04 68.88 24.04 37.0 19.42 59.17
28.02 14.87 37.44 69.03 38.59 21.0 10.82 44.64 42.72 34.89 21.38 23.0 52.63 35.69 46.27 42.05 27.31 39.2 37.8 33.84 24.02 17.0 25.5 51.62 40.31 39.29 21.95 45.4 4.47 49.5 57.58 14.87 47.8 0.0 49.24 64.66 26.08 12.65 22.47 54.01 7.21 28.07 53.34 32.76 45.01 40.05 29.27 40.5 42.43 41.23
27.02 55.73 26.4 24.7 12.0 31.24 52.17 61.47 27.2 31.02 49.01 29.73 9.22 54.12 56.36 18.25 21.93 23.71 15.3 57.27 29.7 45.1 23.77 7.07 53.85 57.87 56.01 14.0 45.88 18.03 9.0 40.45 63.56 49.24 0.0 21.59 31.06 36.67 57.01 22.85 42.15 47.68 7.07 17.26 52.35 18.68 41.98 26.93 44.78 8.06
47.41 67.08 30.68 4.47 27.02 50.22 64.5 62.03 27.46 35.44 57.58 49.09 28.02 57.31 55.23 39.81 39.05 27.86 26.91 61.66 49.4 55.46 40.36 15.23 55.01 60.07 64.85 35.36 60.61 16.16 21.38 52.48 63.2 64.66 21.59 0.0 40.71 53.04 65.79 42.19 57.49 53.6 14.56 32.56 51.16 40.26 47.54 28.86 44.01 27.73
26.93 26.4 11.4 45.18 19.1 23.09 23.85 33.42 16.64 9.22 18.03 23.77 38.08 24.7 30.61 34.41 15.56 13.45 16.03 26.93 25.08 14.87 14.21 30.41 26.17 28.84 25.18 34.89 21.63 24.7 40.05 12.04 36.12 26.08 31.06 40.71 0.0 18.11 26.17 46.14 19.7 17.09 32.39 14.87 27.46 32.8 12.21 14.42 21.54 24.74
16.76 23.09 28.46 57.31 26.4 9.85 18.68 45.79 33.84 27.29 23.35 11.7 40.02 36.36 45.31 30.07 14.76 29.55 26.17 36.24 13.0 17.69 13.04 39.41 39.81 40.5 27.46 33.06 10.0 38.6 44.94 12.21 48.88 12.65 36.67 53.04 18.11 0.0 28.3 42.3 6.0 27.78 41.05 20.62 43.01 28.07 26.25 31.62 38.47 28.64
44.72 8.25 35.11 70.23 45.01 38.08 11.66 24.0 38.91 30.46 8.25 39.82 63.29 16.76 27.89 56.61 37.85 37.95 42.19 13.04 41.18 12.17 35.9 56.57 22.14 19.1 1.0 58.46 20.52 49.65 66.01 17.72 27.02 22.47 57.01 65.79 26.17 28.3 0.0 68.96 23.43 13.45 58.55 40.05 28.23 54.71 18.87 37.16 29.21 50.09
26.0 65.12 45.97 44.0 29.7 33.02 60.83 79.32 48.27 49.68 62.03 31.02 14.32 70.83 75.43 12.37 31.38 43.86 33.94 72.9 30.0 56.92 33.24 29.73 71.85 74.95 68.01 11.4 52.24 40.71 21.0 51.24 81.84 54.01 22.85 42.19 46.14 42.3 68.96 0.0 48.26 63.06 29.12 31.62 71.7 14.32 58.31 47.42 64.44 23.35
22.56 17.46 30.89 61.85 31.38 15.52 13.0 42.95 36.24 28.79 19.72 17.46 45.89 33.62 43.42 36.06 20.25 32.45 30.61 32.76 18.68 14.32 18.38 44.42 37.64 37.58 22.67 39.05 4.0 42.45 50.6 10.05 46.1 7.21 42.15 57.49 19.7 6.0 23.43 48.26 0.0 25.3 46.14 25.55 41.59 34.06 25.08 34.0 38.0 34.18
41.73 18.79 23.19 57.97 35.9 36.24 19.42 18.03 26.25 18.25 7.28 37.54 55.08 8.6 18.25 51.11 31.91 26.17 32.39 9.85 38.95 11.18 30.23 46.01 12.37 12.81 12.73 51.89 24.33 37.66 56.57 15.65 21.1 28.07 47.68 53.6 17.09 27.78 13.45 63.06 25.3 0.0 48.01 31.95 17.03 49.4 6.08 24.74 16.12 41.76
33.29 58.24 25.32 17.89 14.76 36.8 55.03 60.17 24.7 30.27 50.36 35.47 14.87 53.6 54.42 25.32 26.4 22.36 16.49 57.22 35.61 47.07 28.02 2.0 52.63 57.07 57.56 21.02 49.65 13.6 10.63 43.01 61.98 53.34 7.07 14.56 32.39 41.05 58.55 29.12 46.14 48.01 0.0 20.59 50.33 25.71 42.05 25.0 42.72 13.6
18.0 38.47 15.65 36.77 5.83 18.38 34.93 47.71 19.65 18.44 32.25 17.72 23.35 39.36 43.93 20.52 6.71 14.56 6.32 41.79 18.44 28.0 7.81 18.87 40.22 43.42 39.05 20.25 29.07 19.31 26.17 23.19 50.22 32.76 17.26 32.56 14.87 20.62 40.05 31.62 25.55 31.95 20.59 0.0 40.31 19.21 26.83 18.03 33.3 10.05
54.38 35.17 26.08 55.04 42.2 50.09 36.35 11.18 25.63 22.02 24.19 51.0 61.06 11.66 4.12 60.81 42.8 28.65 38.01 16.4 52.35 28.02 41.62 48.47 6.4 11.4 27.86 60.31 41.11 37.36 60.42 31.58 12.04 45.01 52.35 51.16 27.46 43.01 28.23 71.7 41.59 17.03 50.33 40.31 0.0 59.41 16.76 25.5 7.62 48.6
12.37 50.8 34.67 43.32 19.31 19.1 46.53 66.22 38.01 37.64 47.93 17.12 15.56 57.43 62.94 2.0 17.49 33.12 23.26 59.17 16.28 42.72 19.24 25.32 58.9 61.61 53.76 6.4 38.05 33.38 22.8 37.0 68.88 40.05 18.68 40.26 32.8 28.07 54.71 14.32 34.06 49.4 25.71 19.21 59.41 0.0 45.0 36.72 52.5 14.14
38.42 22.8 17.12 51.92 30.36 33.62 22.36 21.26 20.25 12.17 11.31 34.67 49.65 12.53 19.24 46.62 27.66 20.1 26.68 15.3 36.06 12.65 26.17 40.05 14.21 16.64 18.03 47.01 25.08 31.58 50.8 15.03 24.04 29.27 41.98 47.54 12.21 26.25 18.87 58.31 25.08 6.08 42.05 26.83 16.76 45.0 0.0 18.68 13.15 36.4
35.51 39.41 3.16 33.24 17.8 34.01 37.54 35.17 2.24 6.71 29.07 34.01 35.81 29.02 29.55 37.74 23.19 3.61 13.6 33.06 35.06 27.8 23.02 23.09 27.66 32.25 36.25 36.24 36.06 13.04 34.93 26.25 37.0 40.5 26.93 28.86 14.42 31.62 37.16 47.42 34.0 24.74 25.0 18.03 25.5 36.72 18.68 0.0 17.89 24.08
48.3 34.89 18.6 48.01 34.83 44.6 35.11 18.03 18.03 14.87 23.26 45.31 53.54 14.76 11.7 53.81 36.36 21.1 30.61 19.72 46.62 25.71 35.36 40.85 11.18 16.49 28.6 53.08 38.21 29.83 52.8 28.02 19.42 42.43 44.78 44.01 21.54 38.47 29.21 64.44 38.0 16.12 42.72 33.3 7.62 52.5 13.15 17.89 0.0 41.23
19.72 48.26 22.67 31.38 6.4 23.35 44.55 56.82 25.0 26.63 42.3 21.93 13.34 48.85 52.43 14.56 13.93 20.52 10.63 51.55 22.02 38.01 15.81 12.53 49.24 52.8 49.09 12.21 37.95 19.24 16.49 33.06 59.17 41.23 8.06 27.73 24.74 28.64 50.09 23.35 34.18 41.76 13.6 10.05 48.6 14.14 36.4 24.08 41.23 0.0
