100
0.0 23.3452 45.7056 85.5102 64.5368 15.8114 106.1744 92.6121 37.3631 76.9675 80.5295 93.0376 14.0357 58.1378 60.208 79.1581 94.2019 8.2462 16.1245 70.7672 28.3196 72.2011 59.2115 31.8904 81.0555 27.7308 6.4031 39.6989 69.3758 78.032 84.5991 82.9759 36.1386 98.6813 39.8246 79.1202 39.5601 73.9256 89.4707 56.3205 85.5862 45.793 86.1626 95.7131 59.4138 75.9276 100.09 52.8015 68.942 91.2853 39.8497 87.9204 47.8853 2.0 36.4005 35.7771 57.6281 97.5756 34.2345 65.8027 91.6624 76.6877 72.2496 68.0147 51.5461 70.1783 20.6155 85.0 44.1022 63.6396 40.5216 15.2971 71.3092 61.0328 47.0106 30.8058 83.7616 27.7849 21.587 40.3113 70.9366 52.4976 76.2955 38.4708 68.2642 29.4109 82.3772 21.0238 26.5707 25.632 73.1642 9.8489 52.2015 81.3204 54.6717 48.8467 27.4591 91.214 4.4721 98.2344 
23.3452 0.0 25.0599 96.2549 56.3028 16.4012 100.5783 107.6476 60.6383 92.2009 95.8019 108.2266 28.4253 74.411 79.8123 84.9294 97.3293 15.1327 15.0 59.5399 49.6488 65.146 68.942 28.0713 72.6154 16.1245 19.6977 59.6406 81.9878 94.921 101.9117 85.1469 50.448 112.0045 62.3939 80.0062 55.2268 69.4262 86.3134 66.6408 94.921 32.249 100.4042 91.444 79.8812 67.2309 98.0051 40.7063 84.2021 106.2544 43.4166 87.2067 33.0151 23.0868 39.2938 21.9317 78.8923 112.3299 57.0 67.1193 95.7549 88.1022 63.1585 56.4358 53.4603 61.4654 43.9318 77.2528 66.2118 74.2496 54.8179 38.0132 83.7257 47.4342 32.45 52.8015 101.1781 18.0278 2.2361 58.0517 70.0643 41.6293 87.2353 61.8142 73.9797 51.4782 99.7647 5.3852 32.2025 42.5206 76.6551 14.0 46.6905 82.0 47.5395 31.8277 28.1603 92.0054 27.074 112.361 
45.7056 25.0599 0.0 97.4526 41.1096 32.0156 84.3801 113.2784 81.0247 98.8585 102.3035 114.0219 44.4072 83.5284 92.7038 81.4923 90.1388 38.3275 31.0 40.6079 66.9104 50.04 71.4213 28.8444 55.3263 20.3961 40.1995 74.3303 86.3134 103.4698 110.6797 77.8332 60.3738 115.3646 80.7527 71.7844 65.7419 56.5685 73.3348 70.0357 94.6256 17.088 105.4182 77.0065 93.984 50.1597 85.3756 24.1868 91.4002 111.866 44.5982 76.6877 15.2971 46.0977 41.2311 15.2643 94.255 117.4138 79.9062 60.8358 89.6939 90.6091 46.0977 37.4833 50.2195 45.0111 65.0692 60.2993 83.5464 77.0779 64.0078 61.0 87.6926 27.4591 15.5242 70.7107 110.1136 21.8403 27.2947 70.3847 61.0328 26.4764 89.2749 83.0241 71.5612 69.5845 108.7244 25.0 39.8121 56.3205 71.5542 37.9473 36.7696 73.3757 35.4401 11.0 33.541 82.7103 50.01 116.6748 
85.5102 96.2549 97.4526 0.0 67.7422 80.4114 69.4622 23.0 76.6551 21.2603 21.095 24.0 72.0347 33.5261 45.793 21.587 32.28 89.2861 81.7068 76.9415 65.192 64.4748 27.313 70.4911 70.214 82.8553 82.7103 54.9181 17.1172 29.4109 32.6956 34.1321 49.4975 19.2354 67.72 38.833 47.0425 56.648 54.0833 29.7321 6.0828 81.3941 16.4924 60.0083 50.774 70.0071 53.7587 77.8974 24.1868 22.0227 53.8516 45.0111 84.1724 87.4757 57.8014 83.2346 56.0803 24.5153 89.822 40.8167 27.8927 9.0 70.6824 77.5242 47.4236 69.3181 79.1012 68.884 63.5689 22.1359 45.2769 87.0057 15.1327 82.201 83.4865 66.6108 33.1059 80.6226 96.3846 49.163 45.6946 75.0733 9.2195 81.0432 27.2029 67.4759 32.6497 90.8735 64.0781 60.407 31.3847 91.4822 63.0317 39.4588 66.0681 89.1403 68.4251 40.1995 86.8332 22.1359 
64.5368 56.3028 41.1096 67.7422 0.0 49.4065 44.3847 88.2383 87.2067 76.922 79.6994 89.1572 53.9073 68.0661 82.0975 47.634 51.6236 61.2944 49.6488 10.0499 69.7782 9.0554 48.0521 32.6497 16.6433 40.7185 58.258 70.6045 62.6418 83.9524 90.7083 40.0 52.8867 86.954 82.6378 33.6006 57.2713 15.8114 32.249 48.5077 63.2456 25.1794 80.2309 36.0555 85.3756 11.4018 44.2832 17.0 71.3863 86.9253 31.9531 36.4005 26.0 66.0681 32.6497 34.4819 87.9659 91.236 92.6553 26.9258 52.2015 63.561 7.8102 9.8489 26.0 5.6569 76.0263 21.0238 82.8613 52.8867 53.9351 77.1557 63.2456 16.1245 26.0192 73.8241 90.471 39.3573 57.9396 63.561 23.3452 15.1327 61.7414 90.824 40.7063 73.3485 89.2693 52.3927 40.8044 56.7979 37.0135 62.434 13.0384 34.6699 9.8995 30.1496 37.4833 42.9535 68.6804 89.4707 
15.8114 16.4012 32.0156 80.4114 49.4065 0.0 92.1358 91.2634 49.0102 75.8024 79.404 91.8368 13.0 58.0517 64.0703 70.4557 84.0238 12.083 1.4142 55.1543 35.4401 57.4543 53.1413 17.0 66.0303 12.3693 9.434 44.2945 65.7647 78.5684 85.5862 72.1734 34.0588 95.7706 49.0306 67.6018 38.8973 60.0083 76.2168 50.6952 79.404 30.0167 84.0595 82.0792 64.4981 60.803 87.3613 37.0135 67.8012 89.8721 29.0172 75.71 32.2025 17.0294 25.0 20.2485 63.9766 95.9635 48.7647 54.3323 82.0244 72.0902 57.0088 52.345 40.1123 55.0 33.2415 70.1783 52.2015 58.3095 38.4187 30.4631 67.5352 45.2217 31.305 39.0512 84.8646 12.083 16.1245 42.0119 58.4637 36.7967 71.3092 51.0882 59.4138 37.855 83.4506 11.3137 16.4924 26.6271 63.0 13.6015 37.5899 69.7209 39.6611 33.5261 14.1421 79.7621 20.2485 96.0417 
106.1744 100.5783 84.3801 69.4622 44.3847 92.1358 0.0 92.3472 121.0165 87.8009 89.0505 93.3435 93.7443 88.5494 104.2017 49.7293 38.0132 104.2161 92.6121 44.0114 103.9471 35.4401 66.7308 75.1532 29.0689 84.7585 100.2397 100.4241 75.2728 96.3016 101.2028 36.6879 84.22 86.0058 114.3372 34.8855 86.6833 32.249 18.6011 69.1158 63.3877 69.4262 85.8429 11.4018 108.706 34.2345 16.0312 61.0 86.0349 91.444 67.8012 25.632 69.8713 107.912 70.4557 78.848 112.8716 93.0484 129.5569 44.6878 42.0119 71.0634 38.3275 47.0425 56.7274 39.6232 113.5694 24.0832 112.8007 68.4471 83.0963 116.8289 74.6324 57.0789 70.0357 107.5174 101.415 83.2166 102.1421 92.6175 37.4833 59.439 69.1231 125.2078 52.7731 107.4895 100.6628 96.4624 80.1561 92.0217 44.7214 105.603 54.626 33.1059 53.1413 73.437 78.7718 29.2746 109.9318 90.0056 
92.6121 107.6476 113.2784 23.0 88.2383 91.2634 92.3472 0.0 74.0608 15.6525 12.083 1.0 80.6226 34.5398 39.0128 44.2832 54.7449 98.0051 92.6553 97.8621 67.4463 86.0233 42.2019 84.8528 92.4175 96.3328 91.3017 55.5428 27.0185 17.0294 14.7648 57.0789 57.4543 10.8167 65.123 61.5224 53.2353 78.5875 77.0584 43.2782 29.0172 98.4073 8.0623 83.006 43.1856 91.7606 76.531 96.2549 23.7065 1.4142 68.6804 68.0074 101.4002 94.4299 72.1388 98.3107 48.3735 5.099 88.1419 61.6847 50.4876 24.6982 92.0272 98.0867 65.192 90.4765 81.2527 91.4112 60.0333 36.6197 53.0 90.2497 25.807 101.5972 100.6032 67.4685 15.6525 94.1754 107.3359 52.5547 67.4463 93.4933 26.5707 78.0064 47.7598 68.6586 16.1555 102.4158 76.0592 67.082 53.3667 100.2397 81.6333 62.2896 85.0882 106.2121 81.4678 63.1269 92.8493 7.2801 
37.3631 60.6383 81.0247 76.6551 87.2067 49.0102 121.0165 74.0608 0.0 60.1332 63.0317 74.108 37.2156 43.1741 35.2278 80.2621 97.4166 45.607 50.04 95.8541 17.4929 92.4392 57.9828 58.6941 101.8725 61.0328 41.4367 22.3607 59.7746 57.1402 61.8142 89.202 36.7967 83.0542 9.0554 87.8635 34.8281 90.802 102.5524 54.9181 79.3788 76.2955 70.1142 109.6586 31.7805 97.6166 110.5351 81.0432 53.6004 73.0274 55.5698 97.7446 79.0759 37.9473 54.5619 68.2642 27.5136 79.1012 14.1421 76.3806 93.6483 68.0074 94.8262 93.7763 65.0 92.5905 16.7631 104.561 14.0357 59.4811 38.2884 24.6982 61.6847 89.56 78.0897 13.6015 60.8276 60.1332 58.9406 29.6816 83.5464 79.6994 68.6222 4.4721 71.6101 13.8924 59.6825 57.7062 47.4342 30.4138 79.0253 47.1275 74.2496 90.0278 77.8781 81.4985 52.6308 98.4073 34.176 81.0062 
76.9675 92.2009 98.8585 21.2603 76.922 75.8024 87.8009 15.6525 60.1332 0.0 3.6056 16.1245 65.0 18.9737 26.2488 38.0789 52.3259 82.365 77.201 86.8332 52.1728 75.9539 29.1548 70.1783 83.2947 81.3204 75.6637 40.4475 14.3178 8.544 14.0357 51.1957 41.8808 23.0217 51.0882 54.3323 37.5899 69.2604 70.859 29.5296 26.6271 84.5991 10.0 77.4661 31.0161 81.8841 72.7324 83.1865 8.0623 14.3178 54.4059 62.3699 87.6641 78.7909 57.6281 83.7377 36.4005 20.6155 74.027 51.4782 47.8539 16.7631 81.5843 86.6833 52.3927 79.8311 66.0984 83.0241 46.2709 24.0416 37.4433 74.9533 14.0357 89.1572 86.8217 52.469 14.0 79.196 91.8368 37.0 58.1378 80.4984 18.6815 64.2806 38.0526 53.6004 13.0384 87.0057 60.8769 51.4296 45.0444 84.5991 68.942 55.5788 72.6154 92.358 66.468 58.8218 77.2528 21.587 
80.5295 95.8019 102.3035 21.095 79.6994 79.404 89.0505 12.083 63.0317 3.6056 0.0 12.53 68.6003 22.4722 28.6356 39.4588 52.9245 85.9593 80.8022 89.56 55.5428 78.4474 32.2025 73.6614 85.5862 84.8646 79.2591 43.7379 17.088 8.4853 12.1655 52.6118 45.4863 20.025 54.0093 56.0803 41.1825 71.5681 72.4431 32.7567 26.8328 87.9204 7.2801 78.9177 33.2415 84.3445 73.7631 86.3539 11.6619 10.7703 57.8014 63.7887 90.9725 82.3468 61.0737 87.2067 38.6005 17.088 77.0 53.9351 48.4665 18.1108 84.1724 89.493 55.4617 82.4621 69.4262 85.1469 49.0918 26.9258 41.0488 78.339 16.4924 92.1954 90.1388 55.7315 12.3693 82.7345 95.4411 40.4969 60.407 83.6481 20.0998 67.1193 40.3113 56.8859 11.7047 90.6035 64.4438 55.0091 47.0106 88.193 72.0139 57.2189 75.6439 95.6922 70.0071 59.9083 80.7775 18.2483 
93.0376 108.2266 114.0219 24.0 89.1572 91.8368 93.3435 1.0 74.108 16.1245 12.53 0.0 81.1234 34.9285 39.0 45.2769 55.7315 98.4886 93.2309 98.7927 67.72 86.977 43.0116 85.5628 93.3916 97.0 91.7878 55.7853 27.8029 17.0 14.3178 58.0775 57.9828 11.4018 65.192 62.514 53.7122 79.555 78.0577 44.0454 30.0167 99.2018 8.9443 84.006 43.1045 92.72 77.5242 97.0979 24.1868 2.2361 69.4262 69.0072 102.2008 94.8472 72.8629 99.0353 48.2597 5.0 88.2043 62.6259 51.4782 25.632 92.9731 99.0051 66.0379 91.4166 81.4923 92.3959 60.075 37.4433 53.535 90.5207 26.6271 102.4744 101.4002 67.6831 15.2315 94.8472 107.8981 52.9245 68.4105 94.3398 27.5136 78.0256 48.7032 68.884 15.8114 103.0049 76.6942 67.5352 54.3415 100.7224 82.4924 63.2851 85.9593 107.0047 82.134 64.1249 93.2309 7.6158 
14.0357 28.4253 44.4072 72.0347 53.9073 13.0 93.7443 80.6226 37.2156 65.0 68.6003 81.1234 0.0 46.6154 51.4004 65.123 80.2309 17.4642 14.3178 61.2944 22.561 60.8276 45.3982 22.3607 70.0071 24.0832 10.7703 31.3847 56.3028 67.0075 73.8783 69.1231 23.2594 86.0058 36.3456 65.4599 27.4591 61.6117 76.5376 42.5793 71.8471 39.2938 73.7902 83.006 51.6236 65.1153 86.8159 44.7772 56.9386 79.2591 26.4008 74.4648 41.9762 16.0312 23.3238 31.0644 50.9902 85.4751 39.3573 52.2015 77.6466 63.3246 61.7171 58.8303 38.0789 59.5483 22.8473 73.5935 39.2938 50.01 27.7308 23.3452 58.1893 53.3104 41.0 26.3059 73.1095 23.0 27.5862 29.6985 57.6975 43.8292 62.8172 39.8121 54.231 25.1794 71.7008 23.8537 13.6015 14.1421 59.2284 19.6977 41.0366 67.6757 44.0454 44.2832 16.6433 77.4919 16.7631 85.8662 
58.1378 74.411 83.5284 33.5261 68.0661 58.0517 88.5494 34.5398 43.1741 18.9737 22.4722 34.9285 46.6154 0.0 15.6525 41.1096 57.9828 63.8122 59.4643 78.1025 33.3766 69.2604 22.1359 54.7083 77.7817 64.8151 57.1402 22.0 17.0 20.5183 27.5862 52.6972 24.0416 41.5933 34.2053 53.6656 19.2094 64.1327 70.2638 20.3961 36.6742 70.7743 28.6356 77.3886 20.2485 75.2396 75.1665 70.8802 11.1803 33.2415 40.4969 63.1348 73.9256 59.9333 42.9535 68.2642 24.8395 39.5601 56.5685 46.3249 53.7587 25.0799 74.027 77.3175 42.107 72.0069 47.3814 78.6448 30.0832 20.2485 19.8494 56.0892 18.7883 77.8781 73.0068 34.0147 26.9072 62.8013 73.8783 18.0278 53.8516 68.4105 25.9422 47.5395 35.7771 35.0571 25.4951 69.3542 44.2041 32.7567 43.8292 66.0379 57.8705 55.4707 61.8142 78.2943 50.2195 61.6117 58.3095 40.5216 
60.208 79.8123 92.7038 45.793 82.0975 64.0703 104.2017 39.0128 35.2278 26.2488 28.6356 39.0 51.4004 15.6525 0.0 56.4004 73.0 67.1789 65.4599 92.0489 32.2025 84.0119 37.6962 64.5136 92.7631 72.8972 60.8769 20.5183 31.1127 22.0 26.6833 68.2642 32.573 48.5077 26.4764 69.3181 27.2029 79.3095 85.9069 35.7351 50.0 81.7435 35.9026 93.0376 5.0 89.9444 90.7359 83.0241 21.6333 38.0526 52.469 78.7718 84.8999 61.7171 54.1295 77.6209 10.2956 44.0 49.366 61.6847 68.6804 38.4187 88.459 91.0 56.1427 86.3713 44.7214 93.8616 21.2132 35.8469 29.6142 54.1202 32.5576 90.5539 83.9345 30.8869 25.7099 71.1126 78.8733 22.3607 69.2604 80.7527 39.6989 39.0512 51.4296 32.249 24.5153 75.213 52.9245 37.4433 59.4811 69.2965 71.0634 71.1196 75.06 88.8876 59.2368 77.1038 59.203 46.0977 
79.1581 84.9294 81.4923 21.587 47.634 70.4557 49.7293 44.2832 80.2621 38.0789 39.4588 45.2769 65.123 41.1096 56.4004 0.0 17.2047 81.0555 71.5681 56.3028 65.3911 43.4166 22.3607 57.28 48.7032 69.9214 75.0 57.9828 25.9422 46.5725 51.6236 13.1529 46.1736 40.4969 72.111 17.2627 46.0977 35.3412 33.0606 25.4951 16.1555 64.6607 37.0135 39.4588 61.2209 48.7545 34.9285 59.8164 36.6742 43.1856 41.5933 24.3311 67.1193 81.1542 45.7056 68.542 65.9469 46.0977 91.7061 21.2603 13.4164 21.3776 49.7393 57.2014 31.9531 48.5489 78.1089 47.2969 69.2026 21.2603 43.0813 84.4038 25.0799 62.9365 66.5733 67.9779 51.788 67.72 85.5102 50.6063 24.6982 57.0088 19.4165 84.7231 11.0454 68.4471 50.9902 79.6241 54.1479 56.7539 10.6301 83.0963 45.2217 18.0278 47.634 72.111 56.8859 21.0238 81.4985 43.6807 
94.2019 97.3293 90.1388 32.28 51.6236 84.0238 38.0132 54.7449 97.4166 52.3259 52.9245 55.7315 80.2309 57.9828 73.0 17.2047 0.0 95.2575 85.0059 58.258 82.2922 44.8219 39.4462 69.2604 46.8615 81.6149 89.56 75.1665 42.0119 60.8358 64.846 12.3693 62.7694 48.0 89.3085 18.3848 63.0635 36.4005 25.9422 42.5441 26.2488 73.0548 48.7647 30.0832 77.8974 48.7955 22.0 66.7083 52.4309 53.9351 55.0818 17.2047 75.0267 96.1769 59.0339 78.8543 82.7587 55.1453 108.6738 30.2655 4.4721 35.8469 51.0882 60.0 44.0114 50.6063 94.7048 43.8292 86.4002 38.4187 59.9333 100.5783 40.8044 67.7422 74.6726 85.0 65.192 79.511 98.1835 67.7422 29.1548 64.0781 34.1321 101.8725 26.5707 85.4225 64.622 92.1954 68.2642 73.0548 21.095 97.1854 53.4509 17.0 54.7814 79.8499 70.0 10.2956 96.8814 52.0384 
8.2462 15.1327 38.3275 89.2861 61.2944 12.083 104.2161 98.0051 45.607 82.365 85.9593 98.4886 17.4642 63.8122 67.1789 81.0555 95.2575 0.0 11.6619 66.6033 35.805 69.4622 62.3699 29.0689 77.9359 22.0227 6.7082 46.6905 73.736 84.0536 90.802 83.6002 40.7185 103.4698 47.8539 79.2465 44.7772 72.0902 88.2553 59.6657 88.8426 40.4599 91.236 94.1541 66.7083 72.6705 99.3277 48.0833 74.3034 96.6488 40.1995 87.5557 42.2019 8.0 36.3456 30.0 65.215 102.8834 42.0476 65.9242 93.0484 80.6536 68.8186 63.7024 51.6236 66.8506 28.8617 82.1523 51.9711 67.1863 45.1885 23.0217 75.6108 55.9732 41.4005 38.5876 90.0 22.6274 13.3417 46.4004 70.342 48.1664 80.0812 46.6905 70.0286 37.2156 88.6002 13.3417 27.0185 31.0644 74.1687 2.2361 49.6488 81.3941 51.6236 42.5441 25.9615 91.4112 12.0 103.3151 
16.1245 15.0 31.0 81.7068 49.6488 1.4142 92.6121 92.6553 50.04 77.201 80.8022 93.2309 14.3178 59.4643 65.4599 71.5681 85.0059 11.6619 0.0 55.1725 36.6879 57.8014 54.4243 17.4642 66.2873 11.7047 9.8489 45.6508 67.1193 79.9812 87.0 73.1095 35.4683 97.1288 50.2195 68.469 40.3113 60.5392 76.844 52.0 80.6536 29.6816 85.44 82.6378 65.8635 61.0328 88.0568 36.8782 69.2026 91.2634 30.0666 76.4853 31.7648 17.2047 26.0192 19.6977 65.307 97.3499 49.4773 55.2268 83.0542 73.4098 57.2014 52.3259 41.0488 55.2178 34.1321 70.4911 53.4509 59.6154 39.8246 31.0161 68.884 45.0 30.8869 40.2616 86.2786 11.6619 14.7648 43.4166 59.2284 36.7696 72.6154 52.0384 60.531 39.0512 84.8646 9.8995 17.72 28.0179 64.0078 13.0 38.0132 70.5762 39.9625 32.8938 15.0333 80.6226 20.5913 97.4166 
70.7672 59.5399 40.6079 76.9415 10.0499 55.1543 44.0114 97.8621 95.8541 86.8332 89.56 98.7927 61.2944 78.1025 92.0489 56.3028 58.258 66.6033 55.1725 0.0 78.5493 13.4536 58.0517 39.2046 15.0333 45.0 64.3817 80.05 72.5328 93.9415 100.6628 47.3814 62.3699 96.1769 91.7061 41.0366 66.9104 21.9317 35.8469 58.5491 72.2011 27.2947 89.8888 37.855 95.2575 10.4403 47.4342 18.868 81.3941 96.566 41.2311 41.8808 26.9258 72.1388 41.4367 37.7359 97.7394 100.7224 100.4988 36.2491 59.4138 73.1642 7.2111 3.1623 36.0139 7.8102 83.863 20.025 92.1792 62.8172 63.6396 84.2021 73.0821 13.1529 27.313 82.6378 100.439 44.0454 61.4003 73.1642 31.6228 18.4391 71.3092 99.3177 50.1597 82.0792 99.2472 56.3028 48.7647 65.5515 45.793 67.4759 21.8403 41.7253 18.0278 29.8329 44.6542 48.8262 75.0733 98.8433 
28.3196 49.6488 66.9104 65.192 69.7782 35.4401 103.9471 67.4463 17.4929 52.1728 55.5428 67.72 22.561 33.3766 32.2025 65.3911 82.2922 35.805 36.6879 78.5493 0.0 74.9466 43.0813 42.2966 84.3801 46.5296 30.0167 12.083 48.0937 51.6236 57.6975 73.2462 20.0 74.9667 14.0 71.4003 19.3132 73.4098 85.5862 39.9249 66.9104 60.208 61.9839 92.6337 31.1127 80.1311 94.0213 64.3273 44.5533 66.2193 38.0789 81.2158 63.1269 29.6985 37.1618 53.0848 29.4109 72.5328 26.4197 59.4643 78.7909 56.2228 77.3692 76.5506 47.634 75.1332 14.0357 87.0919 16.7631 45.607 22.3607 22.8035 50.0899 72.7805 62.1289 4.1231 56.7979 45.2769 48.3735 16.0312 66.468 62.8172 56.4358 21.4009 55.9464 3.6056 55.4617 45.6946 30.5941 13.0 62.9682 37.8021 56.8595 73.6003 60.5392 66.0 36.2215 82.3772 27.0185 73.7564 
72.2011 65.146 50.04 64.4748 9.0554 57.4543 35.4401 86.0233 92.4392 75.9539 78.4474 86.977 60.8276 69.2604 84.0119 43.4166 44.8219 69.4622 57.8014 13.4536 74.9466 0.0 48.0104 40.4969 9.434 49.3964 66.0303 74.4648 61.6604 83.4865 89.9444 33.9706 56.8595 83.672 87.2067 27.6586 60.7454 8.4853 23.5372 49.0408 59.4811 34.2345 78.1601 27.0185 87.6641 6.0 35.5106 26.0192 71.1758 84.7703 36.8917 28.6531 35.0143 73.8173 38.4187 43.4166 90.7083 88.6002 98.8585 24.5153 45.9674 61.4003 6.4031 15.2643 28.4605 5.831 82.3286 12.8062 86.9253 52.2398 57.2451 84.1724 61.9839 24.0416 35.0571 78.8923 89.8053 47.927 66.7308 67.0671 18.7883 24.1868 59.4811 96.2549 38.3275 78.5493 88.6848 61.0983 47.3814 62.1289 33.1059 70.7107 20.0 28.2843 17.8885 39.0512 44.8219 35.5106 76.2168 86.539 
59.2115 68.942 71.4213 27.313 48.0521 53.1413 66.7308 42.2019 57.9828 29.1548 32.2025 43.0116 45.3982 22.1359 37.6962 22.3607 39.4462 62.3699 54.4243 58.0517 43.0813 48.0104 0.0 43.6005 56.1427 55.7584 55.9017 35.805 15.2643 35.9026 42.72 31.8277 24.3311 44.0454 50.0 31.9061 23.7697 42.2966 48.3011 3.1623 26.4764 56.2228 34.2053 55.4707 42.0476 54.0093 54.037 54.2033 23.3452 40.8044 27.0185 41.6173 59.203 61.2046 30.8058 56.7274 46.1411 46.0977 69.3542 24.3311 35.7771 19.4165 53.2353 57.7235 23.2594 51.3517 56.0446 56.7186 47.4236 5.6569 20.8806 62.8013 16.4012 60.0083 58.4123 45.618 42.45 53.535 69.0797 28.3019 31.7805 51.4782 18.3576 62.434 14.2127 46.0977 41.2311 63.561 36.7696 35.2278 22.2036 64.5368 39.8121 33.8378 43.4626 64.0312 41.1825 41.0122 61.0082 45.2548 
31.8904 28.0713 28.8444 70.4911 32.6497 17.0 75.1532 84.8528 58.6941 70.1783 73.6614 85.5628 22.3607 54.7083 64.5136 57.28 69.2604 29.0689 17.4642 39.2046 42.2966 40.4969 43.6005 0.0 49.2037 12.6491 25.6125 47.3814 58.0517 74.6324 81.8413 57.0789 31.9531 87.6185 56.2228 52.0096 37.3363 43.0813 59.4811 41.8688 68.4251 18.0 77.1038 65.192 66.2193 44.0454 70.8308 22.4722 62.6259 83.4386 16.6433 59.5399 21.0238 33.4215 12.8062 13.6015 67.082 89.1403 61.7171 39.0512 67.7422 63.0079 40.3609 36.6197 25.4951 38.2884 45.1885 53.2541 58.0 49.2037 35.3412 45.0 59.5483 31.0161 20.025 46.3897 81.2712 10.4403 29.0 42.45 42.2966 21.4709 61.8547 61.6847 46.4866 45.5412 79.8812 23.0 12.0416 30.0 48.6621 30.4631 20.5913 54.037 22.8035 24.5153 6.0828 64.0703 36.0694 88.6172 
81.0555 72.6154 55.3263 70.214 16.6433 66.0303 29.0689 92.4175 101.8725 83.2947 85.5862 93.3916 70.0071 77.7817 92.7631 48.7032 46.8615 77.9359 66.2873 15.0333 84.3801 9.434 56.1427 49.2037 0.0 57.2451 74.8131 83.7735 69.1158 91.0879 97.3293 37.5899 66.2118 89.1964 96.6023 31.7805 70.0071 14.0357 22.2036 57.4282 64.846 40.8044 84.7231 23.0868 96.5401 5.3852 33.1059 32.28 79.0 91.2195 46.3249 29.7321 41.0 82.6196 47.8017 50.6952 99.7246 94.6414 108.2312 32.0 48.8262 68.0661 9.4868 18.0 37.6962 11.1803 91.6788 5.0 96.2549 60.0 66.4831 93.3381 69.2604 28.0179 41.2311 88.3233 97.2522 55.9464 74.3236 76.3217 25.1794 31.0161 66.0984 105.6882 45.2769 87.983 96.1873 68.8767 56.6392 71.5612 39.0512 79.0759 29.0 31.7648 26.4008 44.4072 53.8145 36.7967 85.1469 92.3472 
27.7308 16.1245 20.3961 82.8553 40.7185 12.3693 84.7585 96.3328 61.0328 81.3204 84.8646 97.0 24.0832 64.8151 72.8972 69.9214 81.6149 22.0227 11.7047 45.0 46.5296 49.3964 55.7584 12.6491 57.2451 0.0 21.5407 54.0833 69.814 85.1469 92.3147 69.3542 41.0488 99.6243 60.407 64.0703 46.3249 53.3667 70.214 53.8238 80.9568 18.4391 88.7299 75.4321 73.9256 51.8845 81.8841 26.2488 73.5527 94.921 29.0689 71.1126 20.2485 28.6531 25.0599 8.0623 74.0 100.7671 61.131 51.3517 80.2309 75.1665 47.8853 42.0119 38.0789 46.0652 45.5412 61.7414 63.1506 61.2944 45.0 42.72 71.4003 33.9706 19.4165 50.3587 91.6788 2.2361 17.4642 50.5371 54.0093 26.6271 74.0945 63.2851 59.1354 49.2544 90.2718 11.7047 20.6155 36.0555 61.1882 22.6274 30.5941 66.0303 31.6228 21.1896 14.8661 76.0066 32.2025 100.4241 
6.4031 19.6977 40.1995 82.7103 58.258 9.434 100.2397 91.3017 41.4367 75.6637 79.2591 91.7878 10.7703 57.1402 60.8769 75.0 89.56 6.7082 9.8489 64.3817 30.0167 66.0303 55.9017 25.6125 74.8131 21.5407 0.0 40.4599 67.0671 77.4209 84.2021 78.0897 34.0147 96.7729 42.72 73.9797 38.0789 68.0 83.7735 53.1507 82.3772 39.4462 84.5281 89.8999 60.6053 69.6563 94.578 46.4004 67.6018 89.9444 34.7131 82.5651 41.5933 7.8102 31.0483 29.5466 59.3633 96.1769 39.8121 60.6383 87.2067 74.0405 65.9469 61.6198 46.3249 63.8905 25.02 78.8162 46.5188 60.6383 38.4838 21.1896 68.9493 54.6443 40.7063 33.1059 83.4086 21.4709 18.3576 39.8246 65.4599 46.0977 73.4983 43.0465 64.0078 31.7805 82.0061 16.2788 21.3776 24.4131 68.469 8.9443 46.0435 76.1577 48.4149 42.72 21.4709 86.122 10.8167 96.6075 
39.6989 59.6406 74.3303 54.9181 70.6045 44.2945 100.4241 55.5428 22.3607 40.4475 43.7379 55.7853 31.3847 22.0 20.5183 57.9828 75.1665 46.6905 45.6508 80.05 12.083 74.4648 35.805 47.3814 83.7735 54.0833 40.4599 0.0 37.855 39.5601 45.618 67.3573 17.72 63.3877 14.2127 66.4831 13.8924 71.5891 81.8352 32.8024 57.28 65.2763 50.3587 89.0225 20.2485 80.0562 89.0955 68.0294 33.0606 54.3415 38.833 76.3806 68.3593 41.2311 39.2046 59.6657 19.9249 60.6383 34.9285 55.8032 71.3442 46.0977 77.7946 78.4474 46.0977 75.5844 25.7099 85.8662 12.53 37.1214 17.4929 34.7851 39.8121 76.1643 67.3647 12.0416 44.7214 52.4976 58.6003 7.8102 63.2456 66.1211 46.5725 26.8328 49.679 13.1529 43.382 55.2268 35.3553 18.0278 57.3149 48.7955 58.2495 68.593 62.1691 71.8471 41.5933 76.5768 38.833 61.9839 
69.3758 81.9878 86.3134 17.1172 62.6418 65.7647 75.2728 27.0185 59.7746 14.3178 17.088 27.8029 56.3028 17.0 31.1127 25.9422 42.0119 73.736 67.1193 72.5328 48.0937 61.6604 15.2643 58.0517 69.1158 69.814 67.0671 37.855 0.0 22.0 28.2843 38.6264 33.2415 30.0167 50.9215 41.0 30.2655 55.0818 57.7235 16.2788 19.6977 71.4003 19.105 64.56 36.0694 67.6018 60.8358 69.4622 10.7703 25.6125 41.7253 49.6488 74.4043 71.3092 45.2769 71.4213 41.1096 31.1127 72.7805 37.2156 37.6431 8.2462 67.2681 72.4224 38.4708 65.5134 62.0322 69.0072 47.0106 9.8489 28.8617 70.0643 2.0 75.1532 73.6003 49.4975 28.1603 67.624 81.8841 32.0624 44.0114 66.7308 8.9443 64.195 24.0208 50.3587 27.074 76.6616 49.93 43.9318 31.4006 75.9605 55.0091 42.45 58.6003 79.2023 55.0 46.9574 70.406 30.6105 
78.032 94.921 103.4698 29.4109 83.9524 78.5684 96.3016 17.0294 57.1402 8.544 8.4853 17.0 67.0075 20.5183 22.0 46.5725 60.8358 84.0536 79.9812 93.9415 51.6236 83.4865 35.9026 74.6324 91.0879 85.1469 77.4209 39.5601 22.0 0.0 7.2111 59.6657 44.5533 26.9258 48.2597 62.6498 39.6989 77.0584 79.2465 35.7351 34.9857 89.9444 15.2643 85.9069 26.1725 89.4539 81.2712 89.1572 12.6491 16.1245 59.5399 70.8308 93.0591 79.7559 62.434 88.2326 31.4006 22.0 71.2531 59.1354 56.3649 25.2982 88.955 93.6216 58.8218 87.1321 65.146 91.0055 43.1045 31.257 40.3113 74.3303 22.0907 95.5196 92.1792 51.2445 6.7082 83.0963 94.3663 37.7359 66.0076 86.539 27.2029 61.0328 46.0109 52.4976 5.3852 89.8721 64.5368 53.0094 53.2353 86.267 75.2728 63.9531 79.0569 97.6166 70.4344 67.3573 77.8267 24.1868 
84.5991 101.9117 110.6797 32.6956 90.7083 85.5862 101.2028 14.7648 61.8142 14.0357 12.1655 14.3178 73.8783 27.5862 26.6833 51.6236 64.846 90.802 87.0 100.6628 57.6975 89.9444 42.72 81.8413 97.3293 92.3147 84.2021 45.618 28.2843 7.2111 0.0 64.7765 51.6236 25.5539 53.1507 68.1836 46.6905 83.2947 84.5931 42.72 38.6264 97.1288 16.6433 91.0824 30.1496 95.8853 85.8662 96.2549 19.6977 14.4222 66.7308 75.9539 100.2397 86.2844 69.6419 95.4411 35.0143 18.9737 75.9539 65.4905 60.407 30.2655 95.5249 100.4241 65.7875 93.7443 70.9366 97.0464 47.8539 37.855 47.4236 80.2309 28.0713 102.528 99.363 57.0088 1.0 90.2718 101.3163 44.4072 72.1734 93.6216 32.249 65.4905 52.0865 58.3095 2.2361 96.8969 71.7008 59.8164 59.0085 93.0054 82.28 69.3542 86.0349 104.8094 77.6209 72.0347 84.22 21.9317 
82.9759 85.1469 77.8332 34.1321 40.0 72.1734 36.6879 57.0789 89.202 51.1957 52.6118 58.0775 69.1231 52.6972 68.2642 13.1529 12.3693 83.6002 73.1095 47.3814 73.2462 33.9706 31.8277 57.0789 37.5899 69.3542 78.0897 67.3573 38.6264 59.6657 64.7765 0.0 53.3385 52.3927 81.5659 6.4031 54.4059 25.4951 20.0 34.6554 28.2843 60.7454 50.01 26.3059 72.9452 38.6005 22.4722 54.5619 49.3964 56.0357 43.4166 11.1803 62.7694 84.9294 47.2652 66.4906 77.4209 58.5491 99.6444 18.0278 12.2066 34.5254 40.3609 48.8365 32.0624 39.598 84.9706 35.4683 79.2086 32.45 51.0392 90.2497 37.9473 56.0357 62.3939 76.2758 64.9384 67.2681 86.0523 59.6657 17.0 51.8941 32.5576 93.6002 17.6918 76.5506 64.1327 80.0562 56.7186 63.0714 10.2956 85.4751 41.1096 5.831 42.5441 67.624 58.0775 9.2195 85.8662 55.9017 
36.1386 50.448 60.3738 49.4975 52.8867 34.0588 84.22 57.4543 36.7967 41.8808 45.4863 57.9828 23.2594 24.0416 32.573 46.1736 62.7694 40.7185 35.4683 62.3699 20.0 56.8595 24.3311 31.9531 66.2118 41.0488 34.0147 17.72 33.2415 44.5533 51.6236 53.3385 0.0 62.7694 30.5287 51.4004 5.3852 54.3783 65.7647 21.2132 50.01 49.2443 50.5371 72.8629 34.5254 62.3939 74.027 51.0882 33.8378 56.0803 21.2132 61.2209 52.3927 38.0789 22.0227 45.1885 36.0139 62.2656 46.3249 39.598 59.4643 40.6079 60.0833 60.8276 28.6531 57.8705 31.9531 68.4763 30.0832 28.0 4.4721 38.4708 35.171 59.0 51.4198 23.3452 50.9313 39.1152 50.0 11.0 46.7547 49.0102 40.3113 41.0122 36.2491 23.4307 49.5177 45.3431 20.5913 11.0 43.0465 42.9535 40.6079 53.6004 44.5533 56.3205 26.8328 62.434 37.3363 62.6099 
98.6813 112.0045 115.3646 19.2354 86.954 95.7706 86.0058 10.8167 83.0542 23.0217 20.025 11.4018 86.0058 41.5933 48.5077 40.4969 48.0 103.4698 97.1288 96.1769 74.9667 83.672 44.0454 87.6185 89.1964 99.6243 96.7729 63.3877 30.0167 26.9258 25.5539 52.3927 62.7694 0.0 74.027 57.5674 59.1354 75.7694 72.0069 45.8039 24.3516 99.7246 13.0384 77.4145 52.9528 89.1572 70.0 96.6747 30.4138 11.1803 71.0634 62.8013 102.5914 100.5684 74.8131 100.7671 58.2495 8.0623 97.0052 60.0333 44.0454 24.7588 89.8999 96.7471 65.8559 88.5494 88.955 87.6413 69.1158 38.4187 58.3095 97.6729 28.3019 101.2571 101.8627 75.4255 26.4197 97.4166 111.8928 59.439 64.8845 93.8616 26.1725 87.1436 46.3249 76.531 26.8328 106.6771 79.925 73.0548 50.5668 105.7024 81.8352 57.9741 85.0 107.5174 84.8764 57.2189 99.3277 4.4721 
39.8246 62.3939 80.7527 67.72 82.6378 49.0306 114.3372 65.123 9.0554 51.0882 54.0093 65.192 36.3456 34.2053 26.4764 72.111 89.3085 47.8539 50.2195 91.7061 14.0 87.2067 50.0 56.2228 96.6023 60.407 42.72 14.2127 50.9215 48.2597 53.1507 81.5659 30.5287 74.027 0.0 80.6102 27.6586 84.9058 95.7758 47.0106 70.5762 74.1687 61.0737 102.9417 23.4094 92.6121 103.2473 78.0897 44.5533 64.0703 50.6952 90.5097 77.1038 40.8167 50.2892 67.0671 19.7231 70.1783 23.0217 69.6563 85.44 59.1354 90.0777 89.8443 59.1692 87.8465 20.5183 98.9798 5.3852 51.1077 31.241 29.7321 52.811 86.4928 76.1052 10.0499 52.1728 59.2115 60.9262 21.9317 77.0065 76.4853 59.808 13.3417 63.8905 11.1803 50.9902 58.8218 44.4072 26.4764 71.5052 49.6488 69.8928 82.7345 73.6817 80.0 50.1597 90.7855 37.4433 72.0278 
79.1202 80.0062 71.7844 38.833 33.6006 67.6018 34.8855 61.5224 87.8635 54.3323 56.0803 62.514 65.4599 53.6656 69.3181 17.2627 18.3848 79.2465 68.469 41.0366 71.4003 27.6586 31.9061 52.0096 31.7805 64.0703 73.9797 66.4831 41.0 62.6498 68.1836 6.4031 51.4004 57.5674 80.6102 0.0 53.0754 19.2094 16.7631 34.4093 33.2415 54.7083 54.1479 23.7697 73.8241 32.45 22.6716 48.3322 51.6624 60.407 39.2938 9.8995 56.648 81.0432 42.9535 60.8276 78.032 63.3482 97.6524 13.3417 18.6011 38.0132 34.0588 42.45 27.6586 33.2415 82.4924 30.0832 78.6448 33.6155 49.5782 87.2353 40.6079 49.6488 56.3028 74.6525 68.2642 62.0322 81.0062 58.6941 10.7703 45.6946 36.0139 92.1954 17.8885 74.8131 67.3647 75.0067 52.6308 60.5392 9.8489 81.0494 35.171 2.2361 36.4005 61.4654 53.4603 12.1655 82.2192 60.8769 
39.5601 55.2268 65.7419 47.0425 57.2713 38.8973 86.6833 53.2353 34.8281 37.5899 41.1825 53.7122 27.4591 19.2094 27.2029 46.0977 63.0635 44.7772 40.3113 66.9104 19.3132 60.7454 23.7697 37.3363 70.0071 46.3249 38.0789 13.8924 30.2655 39.6989 46.6905 54.4059 5.3852 59.1354 27.6586 53.0754 0.0 57.7062 68.1175 20.6155 48.1664 54.5711 46.6154 75.2861 29.2746 66.4078 75.743 56.2228 29.5296 51.8845 26.0192 62.9682 57.7235 41.4367 27.1662 50.5668 31.0161 58.1378 45.618 42.0119 59.5063 38.0526 64.2884 65.4905 32.311 62.0967 32.5576 72.0139 26.4197 26.4764 3.6056 40.0125 32.249 64.0312 56.7539 21.9545 45.9674 44.4185 54.6717 6.3246 49.4065 54.0833 38.0 39.2046 36.8917 22.3607 44.5533 50.2096 25.9422 13.9284 44.2041 47.0106 45.2769 55.2268 49.2544 61.6847 32.2025 63.6003 40.2616 58.6941 
73.9256 69.4262 56.5685 56.648 15.8114 60.0083 32.249 78.5875 90.802 69.2604 71.5681 79.555 61.6117 64.1327 79.3095 35.3412 36.4005 72.0902 60.5392 21.9317 73.4098 8.4853 42.2966 43.0813 14.0357 53.3667 68.0 71.5891 55.0818 77.0584 83.2947 25.4951 54.3783 75.7694 84.9058 19.2094 57.7062 0.0 17.0294 43.7379 51.4782 40.05 70.8308 22.1359 83.2406 13.4164 29.0 32.3883 65.0077 77.3692 36.0694 20.6155 41.3038 75.6637 38.4187 48.2597 86.6487 80.9568 98.3107 18.0278 37.4833 54.1295 14.8661 23.6008 25.807 14.2127 82.0366 14.5602 84.119 46.0109 54.1202 84.8116 55.2268 31.7805 41.1947 77.201 83.2166 51.6624 70.8308 63.9531 11.1803 30.1496 52.1728 94.8103 31.257 77.0065 82.1523 65.0 48.0104 60.959 25.2982 73.5391 22.8035 19.799 22.0907 45.7056 46.5296 27.2947 77.6981 78.7718 
89.4707 86.3134 73.3348 54.0833 32.249 76.2168 18.6011 77.0584 102.5524 70.859 72.4431 78.0577 76.5376 70.2638 85.9069 33.0606 25.9422 88.2553 76.844 35.8469 85.5862 23.5372 48.3011 59.4811 22.2036 70.214 83.7735 81.8352 57.7235 79.2465 84.5931 20.0 65.7647 72.0069 95.7758 16.7631 68.1175 17.0294 0.0 50.6063 48.1664 57.0088 70.0071 7.2111 90.3383 25.4951 12.0416 49.163 68.4105 76.0263 50.2494 9.2195 58.1378 91.2853 53.2353 65.2763 94.414 78.4092 111.3957 26.1725 28.7924 54.3323 28.7924 38.2753 38.833 29.1204 95.6033 18.3848 94.2019 50.3289 64.5368 99.3227 57.2713 47.5395 58.0775 89.0955 84.7172 68.4471 87.6641 74.027 19.2094 47.0425 52.345 106.7755 34.5398 89.1067 83.863 81.7863 63.0635 73.8783 26.5707 89.8109 39.6232 15.2971 39.1152 62.3939 62.3939 15.6525 93.0215 75.6637 
56.3205 66.6408 70.0357 29.7321 48.5077 50.6952 69.1158 43.2782 54.9181 29.5296 32.7567 44.0454 42.5793 20.3961 35.7351 25.4951 42.5441 59.6657 52.0 58.5491 39.9249 49.0408 3.1623 41.8688 57.4282 53.8238 53.1507 32.8024 16.2788 35.7351 42.72 34.6554 21.2132 45.8039 47.0106 34.4093 20.6155 43.7379 50.6063 0.0 29.2746 55.2178 35.3836 57.8014 39.9249 55.0364 56.7274 53.6656 23.0868 41.8688 25.4558 44.2041 58.2495 58.3095 29.0689 55.1725 43.8292 47.3814 66.2118 25.9615 38.9102 21.4709 54.037 58.0517 23.0868 52.0865 52.8867 58.2495 44.5533 7.6158 17.72 59.6825 17.6918 59.808 57.4282 42.4853 42.3792 51.614 66.7083 25.2389 33.5261 50.9902 20.6155 59.3633 16.9706 42.9535 41.1096 61.2699 34.4384 32.1403 24.8395 61.8466 39.5601 36.4005 43.3244 63.0079 39.1152 43.8634 58.0345 46.7547 
85.5862 94.921 94.6256 6.0828 63.2456 79.404 63.3877 29.0172 79.3788 26.6271 26.8328 30.0167 71.8471 36.6742 50.0 16.1555 26.2488 88.8426 80.6536 72.2011 66.9104 59.4811 26.4764 68.4251 64.846 80.9568 82.3772 57.28 19.6977 34.9857 38.6264 28.2843 50.01 24.3516 70.5762 33.2415 48.1664 51.4782 48.1664 29.2746 0.0 78.2432 22.561 54.0 55.0 64.8845 47.676 74.2496 28.4253 28.0713 51.8941 39.0512 80.9197 87.5728 55.9464 80.7775 60.2163 30.2655 92.1792 36.4005 21.8403 11.6619 65.7647 72.9452 44.4072 64.4981 80.6226 63.3246 66.7083 22.0227 46.0109 88.1419 17.8885 78.1025 80.2808 68.6586 39.0 78.721 95.1893 50.9902 40.7063 71.4213 10.7703 83.8153 23.3452 69.4262 38.4838 89.5377 62.9365 61.0082 26.4197 91.0055 59.4138 33.7343 62.2415 85.9127 66.8506 34.1321 87.2067 27.6586 
45.793 32.249 17.088 81.3941 25.1794 30.0167 69.4262 98.4073 76.2955 84.5991 87.9204 99.2018 39.2938 70.7743 81.7435 64.6607 73.0548 40.4599 29.6816 27.2947 60.208 34.2345 56.2228 18.0 40.8044 18.4391 39.4462 65.2763 71.4003 89.9444 97.1288 60.7454 49.2443 99.7246 74.1687 54.7083 54.5711 40.05 57.0088 55.2178 78.2432 0.0 90.4268 61.2046 83.7437 35.4401 69.029 8.544 77.5242 97.0052 30.4138 59.8415 3.1623 46.8722 27.8568 10.6301 84.8528 102.3035 78.1857 43.8292 72.6154 75.0067 31.3209 24.1868 33.9706 29.8329 61.9839 45.607 76.0 61.8466 52.2015 60.3738 72.6223 15.5563 2.2361 64.2806 96.6488 18.0278 34.1321 60.0167 43.9659 10.0499 73.5527 79.0759 55.0 63.3877 95.2943 29.2062 30.0167 48.0 54.5894 41.0366 19.6977 56.3205 18.4391 7.8102 24.0208 65.7343 50.2494 101.3163 
86.1626 100.4042 105.4182 16.4924 80.2309 84.0595 85.8429 8.0623 70.1142 10.0 7.2801 8.9443 73.7902 28.6356 35.9026 37.0135 48.7647 91.236 85.44 89.8888 61.9839 78.1601 34.2053 77.1038 84.7231 88.7299 84.5281 50.3587 19.105 15.2643 16.6433 50.01 50.5371 13.0384 61.0737 54.1479 46.6154 70.8308 70.0071 35.3836 22.561 90.4268 0.0 76.1643 40.5216 83.9345 70.214 88.2043 17.4642 6.7082 60.8276 61.0737 93.4077 88.0227 64.3506 90.5097 45.8803 12.0416 84.0238 53.7587 44.3847 16.7631 84.119 90.0777 57.1402 82.5409 75.9539 83.863 56.2228 28.6007 46.0652 84.7231 17.8045 93.5361 92.6175 62.3939 17.2047 86.5563 100.1699 46.5725 59.6657 85.44 18.6815 74.2428 39.8497 63.5059 17.0294 95.1315 68.6003 60.5392 45.7056 93.4719 73.5731 55.0364 77.026 98.2344 73.8783 56.5685 86.6487 12.083 
95.7131 91.444 77.0065 60.0083 36.0555 82.0792 11.4018 83.006 109.6586 77.4661 78.9177 84.006 83.006 77.3886 93.0376 39.4588 30.0832 94.1541 82.6378 37.855 92.6337 27.0185 55.4707 65.192 23.0868 75.4321 89.8999 89.0225 64.56 85.9069 91.0824 26.3059 72.8629 77.4145 102.9417 23.7697 75.2861 22.1359 7.2111 57.8014 54.0 61.2046 76.1643 0.0 97.4936 27.4591 10.6301 53.0377 75.2861 82.0244 56.8595 15.1327 62.0322 97.4936 59.6825 70.0357 101.5972 84.0952 118.3427 33.3017 33.541 60.8276 31.257 40.6079 45.607 32.0624 102.45 18.3848 101.4002 57.3847 71.7008 105.9481 64.0312 50.3587 62.0725 96.1769 91.2414 73.7631 92.8924 81.2158 26.1725 51.1566 58.8558 113.864 41.6293 96.1665 90.4268 87.0919 69.4622 80.8084 33.6155 95.6347 44.9222 22.1359 43.9318 66.0076 68.4471 20.2237 99.363 81.2219 
59.4138 79.8812 93.984 50.774 85.3756 64.4981 108.706 43.1856 31.7805 31.0161 33.2415 43.1045 51.6236 20.2485 5.0 61.2209 77.8974 66.7083 65.8635 95.2575 31.1127 87.6641 42.0476 66.2193 96.5401 73.9256 60.6053 20.2485 36.0694 26.1725 30.1496 72.9452 34.5254 52.9528 23.4094 73.8241 29.2746 83.2406 90.3383 39.9249 55.0 83.7437 40.5216 97.4936 0.0 93.5575 95.4149 85.4751 26.6271 42.2966 55.0818 83.3547 86.885 60.8112 56.4358 79.0569 5.3852 48.0937 45.8912 65.7875 73.5935 43.4166 91.9239 94.0851 59.5399 89.8053 42.72 97.8008 18.0278 40.4969 32.0624 52.1536 37.5366 93.1933 85.9069 29.2062 29.1548 72.2357 78.8162 23.7697 73.3894 83.2947 44.6878 35.3553 55.9464 30.6105 28.0713 75.4718 54.4059 38.0132 64.0078 68.7677 74.0068 75.6637 78.0064 90.7083 60.7289 81.8413 58.0517 50.3587 
75.9276 67.2309 50.1597 70.0071 11.4018 60.803 34.2345 91.7606 97.6166 81.8841 84.3445 92.72 65.1153 75.2396 89.9444 48.7545 48.7955 72.6705 61.0328 10.4403 80.1311 6.0 54.0093 44.0454 5.3852 51.8845 69.6563 80.0562 67.6018 89.4539 95.8853 38.6005 62.3939 89.1572 92.6121 32.45 66.4078 13.4164 25.4951 55.0364 64.8845 35.4401 83.9345 27.4591 93.5575 0.0 37.0 26.9258 77.1622 90.5207 42.0595 32.0156 35.6931 77.4661 43.2666 45.31 96.5401 94.2444 103.6002 30.4138 50.3289 67.1863 4.1231 13.1529 34.2053 5.831 87.0057 10.198 92.477 58.2151 62.9365 88.4138 67.897 23.0217 35.9026 84.119 95.7549 50.6063 68.942 72.7324 24.3516 25.632 65.2534 101.3558 44.1475 83.7257 94.6414 63.5059 51.8556 67.2309 38.6264 73.7835 24.0832 32.8024 21.2603 39.2046 48.7955 39.0512 80.0562 92.1141 
100.09 98.0051 85.3756 53.7587 44.2832 87.3613 16.0312 76.531 110.5351 72.7324 73.7631 77.5242 86.8159 75.1665 90.7359 34.9285 22.0 99.3277 88.0568 47.4342 94.0213 35.5106 54.037 70.8308 33.1059 81.8841 94.578 89.0955 60.8358 81.2712 85.8662 22.4722 74.027 70.0 103.2473 22.6716 75.743 29.0 12.0416 56.7274 47.676 69.029 70.214 10.6301 95.4149 37.0 0.0 61.2046 71.5891 75.6637 60.4152 12.8062 70.1783 101.951 63.6946 77.1622 99.8649 77.1038 120.2082 34.9857 26.0768 55.9732 40.5216 50.0 48.7545 41.0 104.8475 28.6531 101.1781 54.9181 72.2496 109.1788 60.0083 59.439 70.1142 97.3088 86.1278 80.0625 99.2975 81.3204 29.1548 59.0762 54.0833 114.8651 39.8246 97.4526 85.44 93.3809 73.5391 82.9277 31.8904 100.9604 51.3517 20.5183 51.0392 74.4312 73.3757 13.9284 103.4698 74.027 
52.8015 40.7063 24.1868 77.8974 17.0 37.0135 61.0 96.2549 81.0432 83.1865 86.3539 97.0979 44.7772 70.8802 83.0241 59.8164 66.7083 48.0833 36.8782 18.868 64.3273 26.0192 54.2033 22.4722 32.28 26.2488 46.4004 68.0294 69.4622 89.1572 96.2549 54.5619 51.0882 96.6747 78.0897 48.3322 56.2228 32.3883 49.163 53.6656 74.2496 8.544 88.2043 53.0377 85.4751 26.9258 61.2046 0.0 76.5572 94.8736 30.5941 52.6308 9.0 54.037 29.0689 18.868 87.0919 99.8649 84.0952 38.6005 66.6483 72.2011 22.8035 15.8114 31.0644 21.3776 67.624 37.108 79.404 59.6825 53.4603 66.888 70.4911 8.544 9.0554 68.4471 95.8541 25.4558 42.5441 62.0725 37.5766 2.8284 70.6045 84.119 50.9117 67.6831 94.541 37.4433 33.7343 51.6236 49.4065 48.8365 14.8661 49.7695 12.2066 13.3417 28.4605 58.8218 57.2014 98.6002 
68.942 84.2021 91.4002 24.1868 71.3863 67.8012 86.0349 23.7065 53.6004 8.0623 11.6619 24.1868 56.9386 11.1803 21.6333 36.6742 52.4309 74.3034 69.2026 81.3941 44.5533 71.1758 23.3452 62.6259 79.0 73.5527 67.6018 33.0606 10.7703 12.6491 19.6977 49.3964 33.8378 30.4138 44.5533 51.6624 29.5296 65.0077 68.4105 23.0868 28.4253 77.5242 17.4642 75.2861 26.6271 77.1622 71.5891 76.5572 0.0 22.3607 47.1699 60.407 80.6226 70.7743 50.2195 76.2168 31.9061 28.6356 67.2681 47.0 48.0104 16.9706 76.531 81.0247 46.1736 74.6726 58.5491 79.1581 40.025 19.0 29.4109 67.2681 11.6619 82.8734 79.7559 45.0999 19.3132 71.4493 83.8153 29.1204 54.0833 73.9256 18.4391 57.8705 34.3657 46.1736 18.0278 79.0253 53.0377 43.382 41.9762 76.5376 62.6259 53.1601 66.4078 85.235 58.7282 57.6975 69.2892 29.4109 
91.2853 106.2544 111.866 22.0227 86.9253 89.8721 91.444 1.4142 73.0274 14.3178 10.7703 2.2361 79.2591 33.2415 38.0526 43.1856 53.9351 96.6488 91.2634 96.566 66.2193 84.7703 40.8044 83.4386 91.2195 94.921 89.9444 54.3415 25.6125 16.1245 14.4222 56.0357 56.0803 11.1803 64.0703 60.407 51.8845 77.3692 76.0263 41.8688 28.0713 97.0052 6.7082 82.0244 42.2966 90.5207 75.6637 94.8736 22.3607 0.0 67.2681 67.0 100.0 93.1075 70.7248 96.8969 47.5184 6.3246 87.0919 60.407 49.6488 23.4094 90.7579 96.7729 63.8122 89.1964 80.05 90.2552 59.0085 35.2278 51.6236 89.0225 24.4131 100.2397 99.2018 66.2873 15.2643 92.7631 105.9481 51.264 66.2193 92.1141 25.2982 77.0 46.4866 67.4685 15.6525 101.0198 74.6525 65.7419 52.1728 98.8838 80.2621 61.2046 83.7257 104.8094 80.0562 62.2013 91.5478 8.0623 
39.8497 43.4166 44.5982 53.8516 31.9531 29.0172 67.8012 68.6804 55.5698 54.4059 57.8014 69.4262 26.4008 40.4969 52.469 41.5933 55.0818 40.1995 30.0666 41.2311 38.0789 36.8917 27.0185 16.6433 46.3249 29.0689 34.7131 38.833 41.7253 59.5399 66.7308 43.4166 21.2132 71.0634 50.6952 39.2938 26.0192 36.0694 50.2494 25.4558 51.8941 30.4138 60.8276 56.8595 55.0818 42.0595 60.4152 30.5941 47.1699 67.2681 0.0 48.1041 33.541 41.7612 4.1231 29.7321 57.0351 72.8354 62.2896 25.9615 53.0094 46.4004 39.3954 39.6232 11.7047 37.1618 45.9674 49.2037 50.9608 32.6497 23.0217 49.0918 43.1393 38.1182 32.6497 42.0595 66.242 26.8328 43.9318 32.1403 31.305 28.2843 45.2217 59.3633 30.5941 41.6773 64.8845 38.0789 13.3417 25.2389 34.0147 42.107 19.4165 41.4849 23.3452 38.0789 15.2971 51.4198 43.0813 72.1803 
