50
0.0 25.4951 14.1421 38.2884 41.4367 21.3776 19.4165 37.5766 26.1725 30.0 10.4403 32.311 10.4403 27.313 31.4006 10.198 39.9249 17.0294 27.313 25.4951 19.105 13.1529 43.566 18.6815 12.2066 33.6155 32.1403 29.1548 25.0799 2.8284 48.0104 36.3593 52.0096 26.5707 39.2046 34.4093 27.7308 33.5261 27.2029 39.9625 33.0151 16.4924 27.0 13.9284 22.4722 30.3645 45.2217 9.434 42.0476 35.609 
25.4951 0.0 35.3553 18.1108 16.2788 15.1327 15.5242 24.0416 8.0623 13.9284 29.0 21.9545 26.0192 18.4391 26.9072 29.6985 14.5602 12.1655 22.0907 16.9706 9.8489 25.0799 18.4391 19.3132 22.2036 18.9737 33.4215 16.1245 17.6918 24.6982 23.3452 11.3137 27.6586 2.8284 21.9317 17.2627 23.0868 9.0554 4.2426 23.0868 8.9443 9.8995 11.7047 18.868 23.3452 6.3246 20.5183 18.2483 23.0217 12.083 
14.1421 35.3553 0.0 50.774 49.6488 25.0799 23.2594 51.264 38.2753 42.9418 6.4031 46.1736 24.0208 41.1096 45.5412 5.6569 48.6004 29.9666 27.1662 39.2173 26.4008 27.0 53.7587 32.7567 13.8924 47.0106 46.0109 42.5441 38.8973 12.6491 58.6941 46.669 62.9682 35.4683 42.2019 47.4131 27.074 41.6173 35.609 53.2259 43.9318 25.4558 32.2025 17.4929 21.095 38.6005 55.8659 23.0868 45.607 46.8615 
38.2884 18.1108 50.774 0.0 20.5183 33.2415 33.541 10.2956 12.53 8.6023 44.7772 13.0384 33.8378 14.5602 20.0998 45.2769 18.4391 21.2603 40.0 15.2315 27.6586 31.3847 13.4164 22.8254 39.0 8.0 28.1603 10.7703 16.1555 38.6005 14.0357 11.6619 16.2788 20.0 35.8469 5.099 41.0 20.2485 21.0238 6.4031 10.198 26.5707 29.0689 36.0555 41.4367 20.3961 12.3693 29.0 35.3553 7.6158 
41.4367 16.2788 49.6488 20.5183 0.0 25.4558 26.9072 30.4795 20.3961 23.2594 43.2666 31.3847 42.19 30.0832 38.0132 44.1022 2.2361 28.0179 28.6531 29.4109 23.3238 41.0122 9.2195 34.2345 35.805 26.6271 45.6946 26.4008 30.3645 40.3113 14.0 9.434 18.1108 14.8661 18.0 23.6008 29.5296 8.0623 14.3178 26.9072 13.0 25.0799 18.4391 32.2025 32.8024 11.1803 12.1655 34.5254 16.2788 13.6015 
21.3776 15.1327 25.0799 33.2415 25.4558 0.0 2.0 38.3275 22.0907 28.1603 18.9737 35.171 27.7849 30.6757 38.4838 19.9249 24.8395 19.7231 8.0623 28.7924 6.3246 28.6007 31.3847 27.2029 11.4018 33.2415 43.2666 29.6142 29.1548 19.105 36.7151 25.0799 41.1825 13.6015 18.0 32.0156 8.9443 17.8045 13.0 38.0 23.7697 9.434 7.2111 8.0623 8.2462 15.2643 34.0 20.0 21.095 26.9258 
19.4165 15.5242 23.2594 33.541 26.9072 2.0 0.0 38.1182 22.0 28.0179 17.088 34.7131 26.0768 30.0832 37.6962 18.0278 26.1725 18.7883 9.2195 28.1603 6.0 27.0185 32.45 26.0768 9.4868 33.0606 42.19 29.2746 28.4605 17.1172 37.7359 25.9422 42.19 14.3178 20.0 32.0156 10.0 19.105 13.8924 38.0526 24.3516 8.544 8.9443 6.0828 8.0 16.4012 34.9857 18.4391 23.0868 27.5136 
37.5766 24.0416 51.264 10.2956 30.4795 38.3275 38.1182 0.0 16.2788 10.198 45.8803 5.6569 30.6105 10.2956 11.4018 46.1736 28.3196 21.587 45.8912 12.083 32.1403 27.6586 23.7065 19.4165 41.4367 5.099 19.105 9.0554 12.53 38.6264 23.7697 21.2132 25.0799 26.5707 44.4185 7.2111 46.8722 28.8444 27.8568 5.0 18.6011 30.0 35.7351 39.1152 46.0977 28.178 22.4722 28.2312 44.4072 16.9706 
26.1725 8.0623 38.2753 12.53 20.3961 22.0907 22.0 16.2788 0.0 6.0828 32.249 13.8924 23.4094 10.6301 19.105 32.7567 18.2483 9.434 29.6142 9.434 16.0 21.587 18.6815 14.0 26.5707 11.1803 26.0768 8.0623 10.2956 26.2488 22.3607 12.0416 26.0768 10.8167 29.7321 10.0499 30.5941 15.2643 12.2066 16.1245 8.0623 14.3178 19.6977 23.7697 30.0 13.4536 19.6977 17.2047 30.4795 9.8489 
30.0 13.9284 42.9418 8.6023 23.2594 28.1603 28.0179 10.198 6.0828 0.0 37.1618 8.4853 25.2389 7.0711 14.7648 37.5766 21.0238 13.0384 35.6931 7.0711 22.0227 22.8254 19.0263 14.3178 32.0156 5.099 22.4722 3.1623 8.0623 30.5287 21.3776 13.9284 24.3516 16.5529 35.0 4.4721 36.6742 19.799 17.8885 10.4403 10.2956 20.0998 25.632 29.4279 36.0139 18.6011 19.105 20.6155 35.3836 10.198 
10.4403 29.0 6.4031 44.7772 43.2666 18.9737 17.088 45.8803 32.249 37.1618 0.0 41.0 20.8806 35.9026 41.0488 1.0 42.2019 24.3516 22.0227 33.9559 20.0 23.5372 47.3814 28.0713 7.6158 41.4367 42.4264 37.0 33.7343 8.0623 52.345 40.3113 56.6392 29.0689 36.4966 41.6293 22.0907 35.2278 29.2062 47.5395 37.6431 19.105 26.0 11.1803 16.1245 32.2025 49.5177 18.1108 39.8121 40.6079 
32.311 21.9545 46.1736 13.0384 31.3847 35.171 34.7131 5.6569 13.8924 8.4853 41.0 0.0 25.0 5.099 7.0711 41.2311 29.1548 17.0294 43.0116 7.0711 28.8617 22.0227 25.9615 13.8924 37.054 5.099 15.1327 5.831 7.2801 33.5261 27.074 21.9545 29.0689 24.6982 43.4166 8.2462 43.9659 28.2843 26.0768 9.8489 18.6011 26.3059 33.541 35.0143 42.5793 27.0185 25.318 23.0868 43.8634 17.8885 
10.4403 26.0192 24.0208 33.8378 42.19 27.7849 26.0768 30.6105 23.4094 25.2389 20.8806 25.0 0.0 20.5183 22.4722 20.6155 40.3113 14.3178 35.0 19.105 23.4094 3.1623 42.0595 11.3137 21.4009 27.5862 22.0 23.4307 18.3848 13.0 45.6946 35.171 49.1935 28.0179 44.2719 29.2062 35.609 35.0 29.0689 33.9411 31.3209 19.9249 31.6228 21.9317 31.1127 32.0156 43.0813 8.2462 46.5725 33.2415 
27.313 18.4391 41.1096 14.5602 30.0832 30.6757 30.0832 10.2956 10.6301 7.0711 35.9026 5.099 20.5183 0.0 8.4853 36.1386 27.8568 12.0 38.6264 2.0 24.3516 17.6918 26.0768 9.2195 32.0156 7.2111 15.6525 4.0 2.2361 28.4605 28.1603 20.8806 30.8058 21.2603 40.3113 9.4868 39.5601 25.807 22.6716 13.4536 17.088 21.587 29.6816 30.0666 37.855 24.0832 26.0192 18.0278 41.1096 17.2627 
31.4006 26.9072 45.5412 20.0998 38.0132 38.4838 37.6962 11.4018 19.105 14.7648 41.0488 7.0711 22.4722 8.4853 0.0 41.1096 35.7771 18.9737 46.5188 10.0 32.2025 19.3132 32.9848 13.0 38.3275 12.1655 8.0623 11.6619 9.434 33.1361 34.1321 28.6356 36.0139 29.7321 48.7955 15.2971 47.4236 34.2053 31.1448 16.2788 25.0599 29.1548 38.0132 36.8782 45.2217 32.5576 32.3883 23.0 49.5782 24.6982 
10.198 29.6985 5.6569 45.2769 44.1022 19.9249 18.0278 46.1736 32.7567 37.5766 1.0 41.2311 20.6155 36.1386 41.1096 0.0 43.0116 24.6982 23.0217 34.2053 20.8087 23.3452 48.1041 28.1603 8.544 41.7852 42.2966 37.3363 33.9559 8.0 53.0377 41.0122 57.3149 29.8329 37.4833 42.0476 23.0868 36.0555 30.0 47.927 38.2884 19.799 26.9258 12.083 17.1172 33.0151 50.2096 18.2483 40.7922 41.2311 
39.9249 14.5602 48.6004 18.4391 2.2361 24.8395 26.1725 28.3196 18.2483 21.0238 42.2019 29.1548 40.3113 27.8568 35.7771 43.0116 0.0 26.0768 28.6356 27.2029 22.2036 39.0512 8.0 32.1403 34.8281 24.4131 43.4626 24.1661 28.1603 38.9102 13.1529 7.2111 17.4642 13.4164 19.105 21.4009 29.5466 7.0711 13.0384 24.8395 10.7703 23.7065 18.0278 31.241 32.45 10.0 11.0 32.7567 17.72 11.4018 
17.0294 12.1655 29.9666 21.2603 28.0179 19.7231 18.7883 21.587 9.434 13.0384 24.3516 17.0294 14.3178 12.0 18.9737 24.6982 26.0768 0.0 27.7849 10.0 13.6015 13.0 27.8568 7.8102 20.025 17.088 23.6008 12.6491 10.0499 17.4929 31.7648 20.8806 35.5106 14.5602 32.7567 17.4929 28.6531 21.2132 15.8114 23.2594 17.088 10.2956 20.6155 18.1108 26.2488 18.4391 29.0689 7.8102 34.4384 19.2354 
27.313 22.0907 27.1662 40.0 28.6531 8.0623 9.2195 45.8912 29.6142 35.6931 22.0227 43.0116 35.0 38.6264 46.5188 23.0217 28.6356 27.7849 0.0 36.7696 14.3178 36.1248 36.0555 35.2278 15.5242 40.7922 51.3128 37.3631 37.1618 24.6982 41.4367 30.5941 45.8803 20.0 15.6525 39.3192 1.0 22.1359 19.0263 45.1774 30.0666 17.4929 11.1803 13.4164 6.0828 20.3961 38.8973 27.5862 19.2354 33.1361 
25.4951 16.9706 39.2173 15.2315 29.4109 28.7924 28.1603 12.083 9.434 7.0711 33.9559 7.0711 19.105 2.0 10.0 34.2053 27.2029 10.0 36.7696 0.0 22.4722 16.4012 26.0 7.8102 30.0167 8.4853 16.6433 4.4721 1.0 26.5707 28.4429 20.3961 31.3209 19.799 38.8973 10.2956 37.6962 24.6982 21.2132 14.8661 16.4924 19.6469 28.0179 28.0713 35.9026 22.8035 26.1725 16.1555 39.8246 17.0294 
19.105 9.8489 26.4008 27.6586 23.3238 6.3246 6.0 32.1403 16.0 22.0227 20.0 28.8617 23.4094 24.3516 32.2025 20.8087 22.2036 13.6015 14.3178 22.4722 0.0 23.7065 27.6586 21.2603 12.7279 27.074 37.2022 23.3452 22.8473 17.4642 32.8024 20.8087 37.2022 9.2195 20.8806 26.0192 15.2315 15.2643 9.2195 32.0624 18.7883 3.6056 8.2462 9.2195 14.0 12.2066 30.0 15.2315 23.3452 21.9317 
13.1529 25.0799 27.0 31.3847 41.0122 28.6007 27.0185 27.6586 21.587 22.8254 23.5372 22.0227 3.1623 17.6918 19.3132 23.3452 39.0512 13.0 36.1248 16.4012 23.7065 0.0 40.2616 8.6023 23.3238 24.8395 19.0263 20.8087 15.6205 15.5242 43.6578 33.541 47.0106 27.2947 44.3847 26.6271 36.7967 34.1321 28.4429 31.1448 29.6142 20.1246 31.7805 23.4307 32.6497 31.257 41.1096 8.6023 46.4866 31.3209 
43.566 18.4391 53.7587 13.4164 9.2195 31.3847 32.45 23.7065 18.6815 19.0263 47.3814 25.9615 42.0595 26.0768 32.9848 48.1041 8.0 27.8568 36.0555 26.0 27.6586 40.2616 0.0 32.3883 40.3609 20.8806 41.0 22.0907 27.0 43.0116 5.3852 7.2111 9.8489 18.4391 27.074 17.72 37.0 13.9284 18.6011 19.4165 10.7703 28.3196 25.0799 36.8782 39.3573 16.1245 3.0 35.3412 25.4951 9.0554 
18.6815 19.3132 32.7567 22.8254 34.2345 27.2029 26.0768 19.4165 14.0 14.3178 28.0713 13.8924 11.3137 9.2195 13.0 28.1603 32.1403 7.8102 35.2278 7.8102 21.2603 8.6023 32.3883 0.0 25.4951 16.2788 16.1245 12.2066 7.0711 20.2237 35.4401 26.0192 38.6264 21.9317 40.4969 18.0278 36.0555 28.1603 23.2594 22.6274 22.0227 17.8045 28.4253 24.3516 33.1059 25.632 32.9848 10.0 42.0595 23.3452 
12.2066 22.2036 13.8924 39.0 35.805 11.4018 9.4868 41.4367 26.5707 32.0156 7.6158 37.054 21.4009 32.0156 38.3275 8.544 34.8281 20.025 15.5242 30.0167 12.7279 23.3238 40.3609 25.4951 0.0 36.6742 41.1096 32.3883 30.0 9.434 45.4533 33.4215 49.8197 21.9317 29.1548 36.4005 15.8114 27.8029 21.9317 42.45 31.0644 12.53 18.3848 3.6056 10.2956 24.8395 42.638 15.8114 32.3883 34.1321 
33.6155 18.9737 47.0106 8.0 26.6271 33.2415 33.0606 5.099 11.1803 5.099 41.4367 5.099 27.5862 7.2111 12.1655 41.7852 24.4131 17.088 40.7922 8.4853 27.074 24.8395 20.8806 16.2788 36.6742 0.0 20.2237 4.4721 9.2195 34.4384 22.0227 17.2047 24.1868 21.5407 39.6611 3.1623 41.7732 24.2074 22.8473 6.4031 14.1421 25.02 30.6757 34.2345 41.0488 23.3238 20.2237 24.1868 39.8246 13.0384 
32.1403 33.4215 46.0109 28.1603 45.6946 43.2666 42.19 19.105 26.0768 22.4722 42.4264 15.1327 22.0 15.6525 8.0623 42.2966 43.4626 23.6008 51.3128 16.6433 37.2022 19.0263 41.0 16.1245 41.1096 20.2237 0.0 19.3132 15.8114 34.3657 42.19 36.4005 44.0 36.2353 55.3173 23.3452 52.1536 41.3401 37.6431 24.0832 32.6956 33.8378 43.8634 40.3113 49.1935 39.4081 40.4475 25.2982 56.4004 32.573 
29.1548 16.1245 42.5441 10.7703 26.4008 29.6142 29.2746 9.0554 8.0623 3.1623 37.0 5.831 23.4307 4.0 11.6619 37.3363 24.1661 12.6491 37.3631 4.4721 23.3452 20.8087 22.0907 12.2066 32.3883 4.4721 19.3132 0.0 5.3852 29.9666 24.1868 17.088 26.9258 18.868 37.6431 5.831 38.3275 22.6716 20.2485 10.8167 13.4164 21.0238 27.7308 30.0666 37.2156 21.2603 22.0227 19.7231 38.1838 13.3417 
25.0799 17.6918 38.8973 16.1555 30.3645 29.1548 28.4605 12.53 10.2956 8.0623 33.7343 7.2801 18.3848 2.2361 9.434 33.9559 28.1603 10.0499 37.1618 1.0 22.8473 15.6205 27.0 7.0711 30.0 9.2195 15.8114 5.3852 0.0 26.2488 29.4279 21.3776 32.28 20.5183 39.6232 11.1803 38.0789 25.5539 21.9317 15.5563 17.4642 19.9249 28.6007 28.1603 36.1386 23.6008 27.1662 15.8114 40.6079 18.0278 
2.8284 24.6982 12.6491 38.6005 40.3113 19.105 17.1172 38.6264 26.2488 30.5287 8.0623 33.5261 13.0 28.4605 33.1361 8.0 38.9102 17.4929 24.6982 26.5707 17.4642 15.5242 43.0116 20.2237 9.434 34.4384 34.3657 29.9666 26.2488 0.0 47.634 35.805 51.7397 25.4951 37.054 34.9857 25.0799 32.311 26.0 40.7063 32.6497 15.2315 25.0799 11.4018 19.7231 29.1548 44.8219 10.4403 40.0 35.3836 
48.0104 23.3452 58.6941 14.0357 14.0 36.7151 37.7359 23.7697 22.3607 21.3776 52.345 27.074 45.6946 28.1603 34.1321 53.0377 13.1529 31.7648 41.4367 28.4429 32.8024 43.6578 5.3852 35.4401 45.4533 22.0227 42.19 24.1868 29.4279 47.634 0.0 12.0416 4.4721 23.6008 32.0 19.0 42.3792 19.3132 23.8537 18.9737 15.0 33.2415 30.4631 42.0119 44.7214 21.4709 2.8284 39.4462 30.1496 12.53 
36.3593 11.3137 46.669 11.6619 9.434 25.0799 25.9422 21.2132 12.0416 13.9284 40.3113 21.9545 35.171 20.8806 28.6356 41.0122 7.2111 20.8806 30.5941 20.3961 20.8087 33.541 7.2111 26.0192 33.4215 17.2047 36.4005 17.088 21.3776 35.805 12.0416 0.0 16.4012 11.6619 24.3516 14.2127 31.5753 9.0554 12.083 18.0278 4.0 21.2132 19.4165 30.0 33.2415 10.198 9.2195 28.2312 23.7065 4.2426 
52.0096 27.6586 62.9682 16.2788 18.1108 41.1825 42.19 25.0799 26.0768 24.3516 56.6392 29.0689 49.1935 30.8058 36.0139 57.3149 17.4642 35.5106 45.8803 31.3209 37.2022 47.0106 9.8489 38.6264 49.8197 24.1868 44.0 26.9258 32.28 51.7397 4.4721 16.4012 0.0 28.0179 36.0555 21.3776 46.8188 23.7697 28.3019 20.0998 19.105 37.5366 34.9285 46.4004 49.1935 25.9422 7.2111 43.2666 34.0147 16.4012 
26.5707 2.8284 35.4683 20.0 14.8661 13.6015 14.3178 26.5707 10.8167 16.5529 29.0689 24.6982 28.0179 21.2603 29.7321 29.8329 13.4164 14.5602 20.0 19.799 9.2195 27.2947 18.4391 21.9317 21.9317 21.5407 36.2353 18.868 20.5183 25.4951 23.6008 11.6619 28.0179 0.0 19.105 19.6469 21.0 7.0711 1.4142 25.318 10.198 10.2956 9.2195 18.4391 21.8403 4.0 20.8087 20.025 20.2485 13.3417 
39.2046 21.9317 42.2019 35.8469 18.0 18.0 20.0 44.4185 29.7321 35.0 36.4966 43.4166 44.2719 40.3113 48.7955 37.4833 19.105 32.7567 15.6525 38.8973 20.8806 44.3847 27.074 40.4969 29.1548 39.6611 55.3173 37.6431 39.6232 37.054 32.0 24.3516 36.0555 19.105 0.0 37.2156 16.1245 15.6525 17.6918 42.0476 25.9422 24.3516 12.6491 26.0192 21.5407 16.4012 30.0666 36.0555 3.6056 28.2312 
34.4093 17.2627 47.4131 5.099 23.6008 32.0156 32.0156 7.2111 10.0499 4.4721 41.6293 8.2462 29.2062 9.4868 15.2971 42.0476 21.4009 17.4929 39.3192 10.2956 26.0192 26.6271 17.72 18.0278 36.4005 3.1623 23.3452 5.831 11.1803 34.9857 19.0 14.2127 21.3776 19.6469 37.2156 0.0 40.3113 21.6333 20.8806 6.0828 11.4018 24.3311 28.8617 33.7343 40.0125 21.0238 17.1172 25.0 37.2022 10.0 
27.7308 23.0868 27.074 41.0 29.5296 8.9443 10.0 46.8722 30.5941 36.6742 22.0907 43.9659 35.609 39.5601 47.4236 23.0868 29.5466 28.6531 1.0 37.6962 15.2315 36.7967 37.0 36.0555 15.8114 41.7732 52.1536 38.3275 38.0789 25.0799 42.3792 31.5753 46.8188 21.0 16.1245 40.3113 0.0 23.0868 20.025 46.1736 31.0644 18.3576 12.1655 13.8924 6.0 21.3776 39.8497 28.2843 19.7231 34.1321 
33.5261 9.0554 41.6173 20.2485 8.0623 17.8045 19.105 28.8444 15.2643 19.799 35.2278 28.2843 35.0 25.807 34.2053 36.0555 7.0711 21.2132 22.1359 24.6982 15.2643 34.1321 13.9284 28.1603 27.8029 24.2074 41.3401 22.6716 25.5539 32.311 19.3132 9.0554 23.7697 7.0711 15.6525 21.6333 23.0868 0.0 6.3246 26.4008 10.2956 17.088 11.1803 24.2074 25.5539 3.1623 16.7631 27.074 15.6205 12.6491 
27.2029 4.2426 35.609 21.0238 14.3178 13.0 13.8924 27.8568 12.2066 17.8885 29.2062 26.0768 29.0689 22.6716 31.1448 30.0 13.0384 15.8114 19.0263 21.2132 9.2195 28.4429 18.6011 23.2594 21.9317 22.8473 37.6431 20.2485 21.9317 26.0 23.8537 12.083 28.3019 1.4142 17.6918 20.8806 20.025 6.3246 0.0 26.4764 11.0454 10.7703 8.0623 18.3848 21.1896 3.1623 21.095 21.0 18.868 14.1421 
39.9625 23.0868 53.2259 6.4031 26.9072 38.0 38.0526 5.0 16.1245 10.4403 47.5395 9.8489 33.9411 13.4536 16.2788 47.927 24.8395 23.2594 45.1774 14.8661 32.0624 31.1448 19.4165 22.6274 42.45 6.4031 24.0832 10.8167 15.5563 40.7063 18.9737 18.0278 20.0998 25.318 42.0476 6.0828 46.1736 26.4008 26.4764 0.0 16.1555 30.4138 34.5254 39.8121 46.0435 26.2488 17.8885 30.5287 41.6773 13.8924 
33.0151 8.9443 43.9318 10.198 13.0 23.7697 24.3516 18.6011 8.0623 10.2956 37.6431 18.6011 31.3209 17.088 25.0599 38.2884 10.7703 17.088 30.0666 16.4924 18.7883 29.6142 10.7703 22.0227 31.0644 14.1421 32.6956 13.4164 17.4642 32.6497 15.0 4.0 19.105 10.198 25.9422 11.4018 31.0644 10.2956 11.0454 16.1555 0.0 18.6011 19.0 27.7849 32.0156 10.198 12.2066 24.5967 25.807 3.1623 
16.4924 9.8995 25.4558 26.5707 25.0799 9.434 8.544 30.0 14.3178 20.0998 19.105 26.3059 19.9249 21.587 29.1548 19.799 23.7065 10.2956 17.4929 19.6469 3.6056 20.1246 28.3196 17.8045 12.53 25.02 33.8378 21.0238 19.9249 15.2315 33.2415 21.2132 37.5366 10.2956 24.3516 24.3311 18.3576 17.088 10.7703 30.4138 18.6011 0.0 11.7047 9.4868 16.2788 13.9284 30.4138 11.7047 26.6833 21.6333 
27.0 11.7047 32.2025 29.0689 18.4391 7.2111 8.9443 35.7351 19.6977 25.632 26.0 33.541 31.6228 29.6816 38.0132 26.9258 18.0278 20.6155 11.1803 28.0179 8.2462 31.7805 25.0799 28.4253 18.3848 30.6757 43.8634 27.7308 28.6007 25.0799 30.4631 19.4165 34.9285 9.2195 12.6491 28.8617 12.1655 11.1803 8.0623 34.5254 19.0 11.7047 0.0 14.8661 14.4222 9.2195 27.8568 23.4094 15.1327 22.0227 
13.9284 18.868 17.4929 36.0555 32.2025 8.0623 6.0828 39.1152 23.7697 29.4279 11.1803 35.0143 21.9317 30.0666 36.8782 12.083 31.241 18.1108 13.4164 28.0713 9.2195 23.4307 36.8782 24.3516 3.6056 34.2345 40.3113 30.0666 28.1603 11.4018 42.0119 30.0 46.4004 18.4391 26.0192 33.7343 13.8924 24.2074 18.3848 39.8121 27.7849 9.4868 14.8661 0.0 9.2195 21.2603 39.2046 15.2643 29.1548 30.8869 
22.4722 23.3452 21.095 41.4367 32.8024 8.2462 8.0 46.0977 30.0 36.0139 16.1245 42.5793 31.1127 37.855 45.2217 17.1172 32.45 26.2488 6.0828 35.9026 14.0 32.6497 39.3573 33.1059 10.2956 41.0488 49.1935 37.2156 36.1386 19.7231 44.7214 33.2415 49.1935 21.8403 21.5407 40.0125 6.0 25.5539 21.1896 46.0435 32.0156 16.2788 14.4222 9.2195 0.0 23.2594 42.0476 24.4131 25.0799 35.171 
30.3645 6.3246 38.6005 20.3961 11.1803 15.2643 16.4012 28.178 13.4536 18.6011 32.2025 27.0185 32.0156 24.0832 32.5576 33.0151 10.0 18.4391 20.3961 22.8035 12.2066 31.257 16.1245 25.632 24.8395 23.3238 39.4081 21.2603 23.6008 29.1548 21.4709 10.198 25.9422 4.0 16.4012 21.0238 21.3776 3.1623 3.1623 26.2488 10.198 13.9284 9.2195 21.2603 23.2594 0.0 18.7883 24.0208 17.0294 13.0384 
45.2217 20.5183 55.8659 12.3693 12.1655 34.0 34.9857 22.4722 19.6977 19.105 49.5177 25.318 43.0813 26.0192 32.3883 50.2096 11.0 29.0689 38.8973 26.1725 30.0 41.1096 3.0 32.9848 42.638 20.2237 40.4475 22.0227 27.1662 44.8219 2.8284 9.2195 7.2111 20.8087 30.0666 17.1172 39.8497 16.7631 21.095 17.8885 12.2066 30.4138 27.8568 39.2046 42.0476 18.7883 0.0 36.7151 28.4429 9.8489 
9.434 18.2483 23.0868 29.0 34.5254 20.0 18.4391 28.2312 17.2047 20.6155 18.1108 23.0868 8.2462 18.0278 23.0 18.2483 32.7567 7.8102 27.5862 16.1555 15.2315 8.6023 35.3412 10.0 15.8114 24.1868 25.2982 19.7231 15.8114 10.4403 39.4462 28.2312 43.2666 20.025 36.0555 25.0 28.2843 27.074 21.0 30.5287 24.5967 11.7047 23.4094 15.2643 24.4131 24.0208 36.7151 0.0 38.3275 26.9258 
42.0476 23.0217 45.607 35.3553 16.2788 21.095 23.0868 44.4072 30.4795 35.3836 39.8121 43.8634 46.5725 41.1096 49.5782 40.7922 17.72 34.4384 19.2354 39.8246 23.3452 46.4866 25.4951 42.0595 32.3883 39.8246 56.4004 38.1838 40.6079 40.0 30.1496 23.7065 34.0147 20.2485 3.6056 37.2022 19.7231 15.6205 18.868 41.6773 25.807 26.6833 15.1327 29.1548 25.0799 17.0294 28.4429 38.3275 0.0 27.7849 
35.609 12.083 46.8615 7.6158 13.6015 26.9258 27.5136 16.9706 9.8489 10.198 40.6079 17.8885 33.2415 17.2627 24.6982 41.2311 11.4018 19.2354 33.1361 17.0294 21.9317 31.3209 9.0554 23.3452 34.1321 13.0384 32.573 13.3417 18.0278 35.3836 12.53 4.2426 16.4012 13.3417 28.2312 10.0 34.1321 12.6491 14.1421 13.8924 3.1623 21.6333 22.0227 30.8869 35.171 13.0384 9.8489 26.9258 27.7849 0.0 
