20
0.0 31.06 19.7 17.03 12.04 21.1 17.12 16.55 23.77 19.21 7.21 18.44 18.03 12.37 11.66 27.73 20.25 18.97 20.62 19.65
31.06 0.0 12.04 20.12 25.5 15.81 24.0 14.87 11.4 14.14 23.85 13.0 25.02 24.41 19.42 5.1 12.21 20.02 10.77 21.1
19.7 12.04 0.0 9.06 17.46 6.71 18.36 3.16 5.39 9.22 12.65 5.66 19.72 12.53 8.25 8.06 1.41 15.62 5.39 17.03
17.03 20.12 9.06 0.0 20.62 5.0 23.43 8.25 9.22 16.76 12.08 13.34 24.84 5.39 9.9 15.26 8.25 21.95 14.04 23.32
12.04 25.5 17.46 20.62 0.0 22.36 5.1 14.87 22.8 11.4 9.43 13.0 6.0 18.6 10.82 24.0 18.68 7.81 15.03 8.06
21.1 15.81 6.71 5.0 22.36 0.0 24.21 7.81 4.47 15.81 15.13 12.21 25.61 10.3 11.7 10.77 5.39 21.93 12.08 23.35
17.12 24.0 18.36 23.43 5.1 24.21 0.0 16.4 23.71 10.2 13.6 13.0 1.41 22.36 13.6 23.54 19.72 4.12 14.56 3.61
16.55 14.87 3.16 8.25 14.87 7.81 16.4 0.0 8.06 8.54 9.49 5.1 17.8 10.44 5.1 11.18 4.0 14.21 6.08 15.62
23.77 11.4 5.39 9.22 22.8 4.47 23.71 8.06 0.0 14.21 17.12 10.82 25.06 14.21 13.0 6.32 4.12 20.81 9.9 22.2
19.21 14.14 9.22 16.76 11.4 15.81 10.2 8.54 14.21 0.0 12.53 3.61 11.4 18.0 9.22 13.34 10.63 6.71 4.47 8.06
7.21 23.85 12.65 12.08 9.43 15.13 13.6 9.49 17.12 12.53 0.0 11.31 14.87 9.22 4.47 20.62 13.34 14.0 13.45 15.03
18.44 13.0 5.66 13.34 13.0 12.21 13.0 5.1 10.82 3.61 11.31 0.0 14.32 15.13 7.21 11.0 7.07 10.0 2.24 11.4
18.03 25.02 19.72 24.84 6.0 25.61 1.41 17.8 25.06 11.4 14.87 14.32 0.0 23.71 15.0 24.74 21.1 5.0 15.81 4.12
12.37 24.41 12.53 5.39 18.6 10.3 22.36 10.44 14.21 18.0 9.22 15.13 23.71 0.0 9.22 19.85 12.21 21.84 16.49 23.09
11.66 19.42 8.25 9.9 10.82 11.7 13.6 5.1 13.0 9.22 4.47 7.21 15.0 9.22 0.0 16.16 9.06 12.65 9.22 13.93
27.73 5.1 8.06 15.26 24.0 10.77 23.54 11.18 6.32 13.34 20.62 11.0 24.74 19.85 16.16 0.0 7.81 19.92 9.06 21.19
20.25 12.21 1.41 8.25 18.68 5.39 19.72 4.0 4.12 10.63 13.34 7.07 21.1 12.21 9.06 7.81 0.0 17.03 6.71 18.44
18.97 20.02 15.62 21.95 7.81 21.93 4.12 14.21 20.81 6.71 14.0 10.0 5.0 21.84 12.65 19.92 17.03 0.0 11.18 1.41
20.62 10.77 5.39 14.04 15.03 12.08 14.56 6.08 9.9 4.47 13.45 2.24 15.81 16.49 9.22 9.06 6.71 11.18 0.0 12.53
19.65 21.1 17.03 23.32 8.06 23.35 3.61 15.62 22.2 8.06 15.03 11.4 4.12 23.09 13.93 21.19 18.44 1.41 12.53 0.0
