100
0.0 82.9759 72.0069 40.6079 22.8035 20.0 79.1581 31.0483 39.6232 24.1868 43.1045 29.0 64.8845 60.208 65.0692 61.0 16.2788 74.7329 10.0499 66.4906 28.0713 56.0803 11.0454 37.108 11.0454 59.0339 16.2788 59.2368 44.1022 59.439 71.0634 53.6004 56.7186 51.923 52.3927 46.6154 36.7696 67.3573 73.736 3.6056 52.345 74.0 23.6008 57.0088 19.9249 94.0319 57.7062 37.2156 75.6108 67.1789 25.318 53.9351 57.8705 65.4599 10.2956 63.3877 65.3911 40.2616 57.3149 42.5206 75.6439 47.0106 77.2528 89.1964 41.6773 68.352 82.0975 36.7151 48.7545 71.0634 48.1664 19.8494 51.1077 46.3249 20.0 48.1664 22.3607 30.0 67.9412 22.2036 52.3927 63.9531 14.2127 30.3645 27.1662 48.7647 41.7612 51.0392 62.9682 45.8912 27.0185 45.0 73.6817 5.099 7.2801 52.3927 33.541 17.2627 44.1814 25.5539 
82.9759 0.0 66.4831 65.192 104.0433 86.6083 63.1585 74.9466 93.4077 67.082 60.407 89.3197 27.2947 59.0762 19.3132 74.2428 85.0882 23.5372 74.9533 77.7817 62.6817 29.1548 74.2496 56.921 92.2009 65.192 86.4523 41.0122 66.7533 50.1597 37.4833 47.0744 63.3877 49.163 36.2491 81.7435 46.4004 19.2354 28.6356 86.5563 69.029 30.8058 84.5813 69.4622 66.888 27.7308 36.1248 56.356 90.6091 17.088 101.2126 45.1221 45.0111 42.7551 93.086 56.7186 37.4833 50.1199 57.0789 40.4599 35.3412 40.3113 27.5136 12.3693 85.9069 30.0167 9.434 50.0899 43.1741 62.3618 52.2015 63.1269 89.56 46.6154 71.5891 59.3043 93.9415 94.1541 15.2643 99.1262 42.4264 52.7731 81.6884 59.5063 103.4456 76.3217 47.8853 32.6497 52.6118 48.4665 91.7878 63.6396 45.1221 85.5862 89.6437 43.6807 72.1249 73.2462 61.0328 59.3633 
72.0069 66.4831 0.0 89.0056 80.7775 88.955 9.2195 42.5793 50.2494 48.1664 86.954 54.4243 75.0 98.2344 52.3546 15.6205 60.8276 80.2621 71.8471 14.7648 75.7694 65.192 72.0069 37.3631 73.6817 101.8332 61.9839 28.6007 28.0713 19.799 89.0225 83.7377 99.0454 26.6271 70.7248 33.6155 53.3385 49.6588 83.7616 74.027 20.6155 85.703 54.5711 103.465 53.4603 52.469 35.0 77.8974 25.02 53.6656 72.111 82.2192 25.4951 24.1661 77.4145 12.0416 29.5466 73.7835 16.5529 55.0 32.1403 68.884 85.235 61.2944 41.1825 80.8022 73.736 44.2832 35.609 4.1231 83.8153 61.131 37.5366 76.4003 52.0096 24.5153 64.846 58.6941 57.2451 72.1249 32.5576 15.0 81.8841 44.1475 73.736 27.7308 72.6705 60.8112 15.6205 78.0064 58.5235 27.0185 96.5401 77.026 74.2428 79.3977 39.3192 77.1298 88.3233 51.923 
40.6079 65.192 89.0056 0.0 62.0081 29.4109 92.8493 60.6053 76.0592 48.2701 5.0 66.2118 38.9487 20.0998 54.231 84.2021 54.4243 47.2017 31.0483 90.0 15.0 36.8782 30.0832 53.0094 51.3517 18.4391 55.0273 64.56 66.7083 70.3847 37.6431 19.8494 16.1245 62.6498 29.1204 76.5768 35.8469 58.1378 43.9318 43.2897 74.8131 43.1393 59.9333 17.0 42.8019 86.7006 59.439 11.4018 102.1763 55.4437 65.9242 21.4009 65.7875 71.5681 49.0408 77.3886 68.4471 17.0294 72.4707 35.9026 76.531 26.1725 47.4236 75.6902 74.6324 39.2046 59.9416 44.7772 54.4243 86.3308 13.6015 32.0156 83.4086 18.6815 48.2597 65.7343 62.3618 68.7095 53.9351 62.8013 58.1893 75.7694 29.0689 47.5079 67.7422 75.6637 19.0 36.0555 74.8465 16.7631 65.5515 65.6049 37.1214 39.0512 47.2652 21.9545 60.959 23.3452 5.0 39.6232 
22.8035 104.0433 80.7775 62.0081 0.0 35.4401 89.1852 38.6264 35.3553 39.0512 65.0692 27.074 87.4643 82.0061 85.4283 66.9104 21.095 97.3088 32.7567 71.4493 50.636 78.2624 33.7343 52.2015 12.083 80.1561 19.7231 75.213 53.4883 72.9452 93.8616 76.2955 78.0577 66.5733 75.0267 49.163 57.6888 87.2067 96.4624 19.4165 60.1664 96.7678 26.2488 77.5242 37.5366 112.0446 75.1665 59.8415 77.1038 87.6185 10.4403 76.6877 72.9452 80.455 13.0384 74.8465 81.6088 63.0635 68.942 63.8122 91.8368 69.6419 99.96 109.1238 42.0119 91.0824 103.9423 55.1725 65.9469 80.9568 70.7107 41.5933 50.1597 69.1231 34.0588 59.9333 16.1245 24.0832 88.8144 9.0 69.029 76.4853 33.1361 46.7547 10.2956 53.7587 64.56 72.9452 75.5844 68.6586 23.0217 55.5428 96.3379 23.0217 15.5242 75.1864 42.1545 39.1152 66.0303 44.8219 
20.0 86.6083 88.955 29.4109 35.4401 0.0 95.2575 50.1597 59.5483 41.0 33.6155 48.9183 63.7024 49.2443 71.1196 79.404 36.2353 73.1095 17.1172 85.0706 24.0832 57.6281 17.0294 52.0865 27.4591 46.2709 36.1248 71.7008 61.8466 74.0068 65.8635 47.5079 44.5533 66.0303 51.6236 66.1891 44.2719 74.2496 70.8025 20.5183 70.342 70.4557 43.6005 43.0116 35.5106 102.6937 68.6586 32.0156 94.9368 72.9452 42.0595 48.5489 71.2531 78.5175 23.7065 79.1581 77.2787 37.4833 73.2462 48.3322 87.0976 46.7547 74.4043 95.0158 61.5873 65.6049 83.5464 48.3735 60.6712 87.4643 41.1825 29.1548 71.0211 42.638 37.9473 64.4981 41.2311 49.5177 72.7186 38.9487 64.6297 79.0063 7.0711 45.0999 43.382 67.7791 39.598 54.0833 78.0064 41.4005 46.669 62.1691 66.3099 15.5563 23.6008 48.0104 52.2015 13.9284 34.176 38.0132 
79.1581 63.1585 9.2195 92.8493 89.1852 95.2575 0.0 50.6952 59.3633 55.0364 90.377 63.1585 74.9667 100.4042 51.225 24.8395 68.884 79.2023 78.1601 23.6008 80.3617 65.9469 78.2304 43.1856 81.5843 104.4462 70.0928 29.4109 35.9026 22.4722 89.1067 85.703 101.7104 30.3645 72.2011 42.72 57.0088 48.0104 83.0963 81.3941 29.1548 85.1469 62.9365 106.4707 60.0083 46.0 35.609 81.5414 32.0156 52.2015 80.7775 84.0536 27.2947 23.3452 85.1587 16.1245 28.3196 76.922 22.0227 57.7062 27.8568 71.0211 84.2021 56.5155 50.2494 80.6598 71.1196 48.7647 38.4838 8.2462 86.4523 66.7533 46.7547 78.8923 59.2115 31.0161 73.3894 67.5426 55.8032 80.6536 34.8855 17.088 88.2043 50.1597 82.4621 36.7151 75.591 62.2013 18.0278 80.6226 67.2309 34.3657 96.8762 84.0952 81.8841 81.2712 47.2969 82.8734 91.7061 57.5587 
31.0483 74.9466 42.5793 60.6053 38.6264 50.1597 50.6952 0.0 19.0263 12.53 60.7454 15.0 67.0671 76.4788 55.6597 30.1496 18.2483 76.0066 34.1321 35.5106 45.607 56.0089 34.6699 18.0278 31.1448 77.6981 19.4165 39.0512 14.8661 35.0 78.0897 64.846 74.9466 29.7321 56.7186 16.4012 34.2345 56.0803 77.1038 32.3883 22.0907 78.2304 12.53 77.4209 17.8045 76.6942 40.8167 51.9711 44.7772 57.8705 31.0644 64.195 36.0694 43.1856 35.0143 36.2491 45.3431 51.0784 30.4138 40.05 55.1543 52.1728 80.025 76.9415 14.3178 72.2496 77.666 26.0768 32.2025 42.45 61.7414 28.6007 22.8035 56.3028 12.8062 21.6333 23.3238 20.0 60.1664 30.4138 34.1321 38.0789 43.382 17.0294 33.0151 17.72 51.264 50.01 37.2156 57.0088 18.3848 17.0 83.4326 36.1386 32.0156 61.6847 3.6056 41.4005 62.1289 22.4722 
39.6232 93.4077 50.2494 76.0592 35.3553 59.5483 59.3633 19.0263 0.0 30.4138 76.9675 10.6301 86.0233 93.4077 74.2159 34.8855 23.3452 95.0211 46.4004 38.2753 61.2699 75.0 47.2017 36.6742 34.0 93.9415 23.4307 55.4707 28.3019 49.4065 96.7471 82.7103 91.2853 46.0652 75.4255 16.6433 53.0848 74.3303 96.0469 39.2046 31.1448 97.1288 16.4012 93.0591 34.4819 92.6499 58.3095 68.7095 42.0119 76.4003 25.0799 82.2253 51.9711 58.2495 38.4708 48.0833 61.4003 68.6804 43.2782 59.0085 70.4557 70.7107 99.0051 94.541 9.2195 91.1373 96.5091 45.0999 50.2892 51.614 79.0569 44.9444 15.0333 74.2159 28.4605 36.3593 20.2485 11.4018 78.8543 26.4764 51.6236 50.9902 53.7401 36.0 26.0 22.8035 69.1231 69.0 50.3289 74.7262 13.4164 31.3847 101.789 44.0454 36.8917 79.8311 21.3776 54.4059 78.2943 40.6079 
24.1868 67.082 48.1664 48.2701 39.0512 41.0 55.0364 12.53 30.4138 0.0 48.2597 23.1948 56.0803 63.9531 47.8853 38.6264 18.4391 65.3758 24.0416 44.3847 33.3017 45.2769 24.3516 13.4164 28.6531 65.192 19.8494 36.3593 20.8806 35.4401 66.3702 52.4976 62.434 28.2312 45.0999 28.3196 23.0868 49.0918 66.0303 26.6833 29.4109 67.0 17.72 65.0 5.831 73.0 36.1248 39.4462 55.2268 50.1199 34.4093 51.923 34.4384 42.0476 31.3847 39.2046 42.72 38.6264 33.1361 29.2746 53.0 40.3113 69.1158 70.8025 26.8328 61.0 68.6222 17.0 26.9072 47.0 49.2443 16.2788 35.2278 43.9659 5.0 24.0208 26.9258 27.6586 51.8941 32.6497 30.0 39.8121 33.9559 7.8102 36.6197 28.0179 38.8973 39.3192 38.833 44.5982 25.0 21.2132 71.3863 29.0689 27.8568 49.4773 12.7279 30.4138 49.6488 10.198 
43.1045 60.407 86.954 5.0 65.0692 33.6155 90.377 60.7454 76.9675 48.2597 0.0 67.4166 34.0 17.1172 50.04 82.9759 56.0446 42.2019 33.2415 88.7299 15.8114 32.3883 32.249 51.7397 54.037 17.0 56.7539 61.6847 65.7647 67.9779 32.8024 14.8661 14.3178 60.4152 24.5153 76.4003 33.6155 54.0093 38.9487 46.0109 73.6614 38.1838 61.0983 16.9706 43.0465 82.3893 56.3205 9.2195 101.1781 51.1566 68.3593 16.4012 63.1585 68.6222 52.0384 75.1798 65.2534 13.6015 70.4911 32.8938 72.9932 22.0 42.45 71.0634 74.9466 34.2053 55.0091 43.0116 51.8941 84.119 8.6023 32.249 83.4865 14.1421 48.7647 64.2028 64.3273 70.214 49.4975 65.2763 55.5428 73.3485 32.5576 46.6905 70.2567 75.0733 15.2971 32.0156 72.45 12.1655 67.0522 64.4438 32.6956 42.0476 50.01 17.0 60.803 26.0 1.4142 39.0512 
29.0 89.3197 54.4243 66.2118 27.074 48.9183 63.1585 15.0 10.6301 23.1948 67.4166 0.0 79.2275 84.119 70.0071 40.025 12.7279 88.5664 36.0555 44.4072 51.6236 68.469 36.8917 32.6497 23.7697 84.309 12.8062 54.037 28.6007 49.5782 89.0898 74.1485 81.7068 44.6878 68.0 22.0907 46.2709 70.6824 89.1403 28.6007 34.0147 90.05 6.3246 83.1925 26.0768 91.6788 55.7584 59.4811 50.3587 72.2357 17.72 73.8241 50.9902 57.9828 28.2312 49.93 60.3075 60.0167 44.4072 52.469 70.0357 63.0317 92.2659 91.7878 15.0333 84.0536 91.4822 39.5601 47.0106 55.0364 70.0928 35.9026 23.7697 65.7647 20.025 36.1248 11.0 5.0 74.3303 18.1108 49.0918 52.2015 43.1393 30.0832 19.3132 26.9258 60.6712 62.514 51.4004 66.0984 4.1231 31.241 93.6483 33.4215 26.4197 71.5681 18.4391 44.1022 68.7095 33.0151 
64.8845 27.2947 75.0 38.9487 87.4643 63.7024 74.9667 67.0671 86.0233 56.0803 34.0 79.2275 0.0 32.0156 24.4131 77.3886 71.5891 9.8489 55.4707 82.2982 39.8246 11.1803 54.5894 50.8035 75.3923 38.0132 72.7805 46.4004 64.2884 55.4707 14.1421 19.9249 36.1248 50.5371 12.53 78.6448 33.0151 28.3019 10.0499 68.4471 69.6419 11.4018 73.437 42.19 53.6004 52.6118 40.0 31.8277 95.7131 24.1868 87.0919 18.0278 49.6488 51.6624 75.1532 63.2456 46.669 26.2488 60.9016 27.0185 50.4777 17.8885 13.0384 39.0128 80.5047 5.831 21.0238 41.3038 41.6293 71.218 25.4951 46.1736 86.6833 21.2603 59.4138 58.8727 80.8084 83.4865 21.0238 84.4808 43.4166 60.0 60.0 50.04 89.2861 74.7262 24.2074 17.1172 59.4054 22.8035 80.6226 61.6847 22.0227 66.242 72.0902 17.0 65.2763 51.614 34.4384 46.2709 
60.208 59.0762 98.2344 20.0998 82.0061 49.2443 100.4042 76.4788 93.4077 63.9531 17.1172 84.119 32.0156 0.0 54.1202 96.2601 73.0068 36.8782 50.3587 101.8627 32.7567 36.0555 49.366 65.437 71.1126 6.3246 73.7564 71.0211 79.8123 78.6003 23.7697 14.7648 5.6569 71.7008 28.6356 91.586 46.0109 58.2409 32.28 63.0714 87.2067 30.6757 77.7946 11.1803 59.0931 84.4808 65.0 24.6982 114.7693 54.5711 85.4751 16.5529 73.2393 77.5242 69.0 86.2148 73.3553 25.807 82.2192 43.2782 79.4796 29.4109 35.1141 71.0 90.7855 29.2746 51.6236 55.9732 62.6259 95.0 15.0 48.4665 98.9798 21.9317 65.0 77.1038 81.3941 87.0919 51.9711 82.3893 65.8027 83.8153 49.163 61.2944 87.367 89.627 26.2488 38.4708 83.006 20.5183 83.9345 78.1025 19.8494 59.0 67.0671 19.2354 76.1577 43.0465 16.0312 54.2033 
65.0692 19.3132 52.3546 54.231 85.4283 71.1196 51.225 55.6597 74.2159 47.8853 50.04 70.0071 24.4131 54.1202 0.0 57.4891 66.0379 28.0179 57.8014 61.6847 48.1041 18.2483 57.2014 37.6431 73.7564 59.439 67.4166 24.3516 48.0937 33.8378 38.4187 39.8121 57.0701 31.1448 26.1725 63.1269 28.3196 4.1231 31.8904 68.593 51.2445 33.9706 65.307 62.8013 48.0104 32.5576 18.4391 43.7379 74.9466 2.2361 82.1523 37.855 28.1603 28.3019 74.9667 41.2311 23.0217 37.4833 40.2616 23.0217 26.0768 28.0713 33.0151 24.2074 66.9104 29.8329 23.0217 30.8869 24.1868 48.3735 43.1045 45.3431 71.0634 36.0 52.4786 41.0122 74.793 74.8465 5.099 80.1561 24.0208 37.5766 65.5134 40.2492 84.3801 58.0 35.3553 18.2483 37.1618 38.0 72.4983 45.0444 46.4004 68.1175 71.4493 35.5106 52.8867 57.3062 51.0098 40.6079 
61.0 74.2428 15.6205 84.2021 66.9104 79.404 24.8395 30.1496 34.8855 38.6264 82.9759 40.025 77.3886 96.2601 57.4891 0.0 48.0 84.1546 62.6259 5.831 69.8928 66.6483 62.9682 31.241 61.0 99.0051 49.0102 33.3766 17.8885 24.0832 90.824 82.4621 96.1769 26.9258 70.7248 18.3848 50.2494 55.7315 86.9253 62.514 9.434 88.6397 41.1096 99.905 44.3847 64.846 39.0512 73.7564 18.6011 59.2284 57.7235 81.2158 29.4279 32.0624 65.0308 18.2483 37.0 70.7107 17.2627 53.6004 42.9535 67.8012 88.955 71.2531 26.0 83.1925 80.2309 40.3113 35.7771 17.8045 81.3449 53.7122 21.9317 74.411 41.4849 19.2094 50.8035 43.9659 62.5859 58.0517 34.176 22.2036 72.4224 36.8917 59.203 13.1529 70.0357 61.4003 22.0907 75.743 44.1475 18.6011 97.7548 66.0984 62.1289 78.4092 27.4591 68.942 84.386 44.9444 
16.2788 85.0882 60.8276 54.4243 21.095 36.2353 68.884 18.2483 23.3452 18.4391 56.0446 12.7279 71.5891 73.0068 66.0379 48.0 0.0 81.2527 23.7065 53.0848 40.2616 61.4003 24.5967 31.241 13.0 72.7324 1.4142 54.2033 32.9848 51.8845 80.1561 64.1249 70.214 45.4863 59.6825 31.7805 39.5601 67.424 81.2158 16.1245 40.3113 81.8841 7.6158 71.3092 18.3848 91.2853 54.4518 48.6621 60.8769 68.2642 16.1245 64.0312 51.8652 59.3633 17.1172 54.0833 60.6053 50.04 48.1041 45.8803 70.8025 54.4518 84.5281 89.202 26.0 75.9539 86.0058 35.2278 45.2548 60.6383 59.5399 26.0192 35.3412 56.0089 13.6015 39.0 9.2195 14.3178 69.8355 14.2127 48.1664 55.5428 30.4138 26.2488 18.3576 35.0571 51.0 55.6597 54.626 56.0803 11.1803 34.7851 84.0238 20.8087 14.5602 62.0 21.587 31.7648 57.28 26.0 
74.7329 23.5372 80.2621 47.2017 97.3088 73.1095 79.2023 76.0066 95.0211 65.3758 42.2019 88.5664 9.8489 36.8782 28.0179 84.1546 81.2527 0.0 65.2993 88.7694 49.4065 20.0998 64.4127 59.2115 85.235 43.1741 82.4621 51.8845 72.1803 61.2699 14.0357 27.4591 41.7612 57.2451 22.3607 86.8332 42.2966 31.241 5.099 78.2943 76.922 7.2801 82.8734 47.8017 63.1506 50.9215 45.618 41.1096 102.1567 27.0185 96.8401 25.807 55.4617 56.3028 85.0 68.884 51.0392 35.805 67.2309 36.1248 53.0377 27.7308 5.0 35.9026 89.1403 8.0623 15.0 50.01 48.7647 76.3217 33.6006 55.9732 94.8947 30.4795 68.884 66.2193 90.471 92.9139 23.4307 94.255 49.98 65.3682 69.6348 59.0339 99.0404 82.5651 33.8378 26.0768 64.8845 31.8277 90.0944 69.4262 21.587 76.0592 81.939 25.4951 74.027 61.2944 42.4382 55.7315 
10.0499 74.9533 71.8471 31.0483 32.7567 17.1172 78.1601 34.1321 46.4004 24.0416 33.2415 36.0555 55.4707 50.3587 57.8014 62.6259 23.7065 65.2993 0.0 68.352 18.0278 47.2017 1.0 35.0143 21.095 49.4773 24.1661 55.3173 44.9222 57.0789 61.131 43.566 47.0744 49.163 42.9418 50.4777 29.6816 60.4649 64.0781 13.3417 53.4509 64.2573 30.0 47.7598 18.4391 88.1192 52.811 27.1662 78.7147 59.8164 35.1283 43.9318 54.5894 61.9839 19.9249 62.0725 61.131 30.3645 56.1427 34.8281 71.1688 37.5899 67.624 82.0061 46.7547 58.6941 73.4098 32.0156 44.3847 70.3491 38.1182 13.0 56.0803 36.4005 21.4709 47.3814 31.3209 38.0132 60.208 32.0624 48.2701 62.0081 10.0499 28.0179 37.054 51.4296 31.9531 42.5206 61.0082 35.9026 34.8855 45.1221 63.6396 10.8167 17.2627 42.45 35.7771 8.0623 34.3657 21.2132 
66.4906 77.7817 14.7648 90.0 71.4493 85.0706 23.6008 35.5106 38.2753 44.3847 88.7299 44.4072 82.2982 101.8627 61.6847 5.831 53.0848 88.7694 68.352 0.0 75.7166 71.6938 68.7095 37.0135 66.0681 104.69 54.037 37.3631 23.7065 27.8927 95.8801 87.9659 101.8627 31.7648 76.0263 22.3607 55.8659 59.6657 91.7061 67.897 15.2643 93.4719 46.0 105.6456 50.1597 66.4906 43.3244 79.511 13.4164 63.3246 61.9839 86.6833 33.5261 35.1283 70.1783 21.095 40.3113 76.3806 21.5407 59.0339 45.1774 73.2462 93.6216 74.0068 29.8329 88.1192 84.1724 45.9674 40.8167 18.0278 86.977 59.5399 24.1868 79.9812 47.1275 24.7588 55.3263 48.0521 66.7608 62.514 38.9102 25.0799 78.1089 42.72 63.3482 18.0278 75.6637 66.5733 25.1794 81.3449 48.5077 24.4131 102.9272 71.5891 67.3647 83.8689 32.9848 74.7329 90.1388 50.774 
28.0713 62.6817 75.7694 15.0 50.636 24.0832 80.3617 45.607 61.2699 33.3017 15.8114 51.6236 39.8246 32.7567 48.1041 69.8928 40.2616 49.4065 18.0278 75.7166 0.0 33.6006 17.0294 38.9487 39.1152 32.6956 41.0 53.3385 52.2015 57.9741 43.6578 25.7099 30.0832 50.0 27.5862 61.6198 24.0832 51.5461 47.5079 31.257 60.4649 47.4131 45.31 31.9061 27.8029 80.3617 49.0102 9.2195 87.6185 49.7695 53.0377 26.2488 53.9351 60.407 37.6563 64.5136 58.0345 13.6015 59.2368 26.3059 67.0671 22.6716 51.1077 71.5542 59.6406 42.19 59.4643 31.6228 42.5793 73.3894 20.0998 17.0294 68.4105 19.2354 33.2866 51.8845 48.6621 54.4059 49.1935 50.01 46.5296 63.3246 20.2485 33.0151 55.0091 60.8769 15.6205 30.4138 62.3618 18.3848 51.2445 51.3128 45.7056 27.8927 35.2278 25.0799 46.0109 12.083 17.088 25.0 
56.0803 29.1548 65.192 36.8782 78.2624 57.6281 65.9469 56.0089 75.0 45.2769 32.3883 68.469 11.1803 36.0555 18.2483 66.6483 61.4003 20.0998 47.2017 71.6938 33.6006 0.0 46.4004 39.6232 66.1891 41.2311 62.6418 36.7696 53.1601 45.4533 24.1868 21.587 38.833 39.9625 8.0 67.4685 22.2036 22.3607 21.2132 59.6825 58.6941 22.561 62.8013 44.5533 43.1741 50.0899 30.4138 27.313 85.0882 19.0263 77.1622 19.6469 39.6989 42.638 66.3702 53.2635 38.0132 21.0238 50.4777 16.0312 43.4626 11.1803 24.0208 38.8973 69.3542 16.7631 26.2488 30.1496 30.8869 61.5549 25.0 36.6742 75.505 18.2483 48.8365 47.927 70.6045 72.8354 17.1172 74.6726 33.0151 50.2494 53.0377 39.0 79.3788 63.6003 18.7883 6.0 49.5782 20.2237 70.0357 50.5964 31.4006 58.0086 63.1348 17.2627 54.1479 44.5533 33.2415 35.6931 
11.0454 74.2496 72.0069 30.0832 33.7343 17.0294 78.2304 34.6699 47.2017 24.3516 32.249 36.8917 54.5894 49.366 57.2014 62.9682 24.5967 64.4127 1.0 68.7095 17.0294 46.4004 0.0 35.0571 22.0907 48.5077 25.0799 55.109 45.2217 57.0351 60.1664 42.5793 46.0977 49.0918 42.0595 51.0392 29.1548 59.9083 63.1585 14.3178 53.7587 63.3246 30.8058 46.8188 18.6815 87.6584 52.4976 26.1725 79.177 59.203 36.1248 42.9535 54.4518 61.8142 20.8806 62.1289 60.8769 29.4109 56.2228 34.2053 70.8802 36.7151 66.7083 81.4002 47.4236 57.7754 72.6223 31.7805 44.1475 70.4557 37.1214 12.6491 56.7274 35.4401 21.9545 47.5184 32.28 38.9102 59.5483 33.0606 48.0521 62.0 10.0 28.0713 38.0526 51.8845 31.0161 41.7732 61.0 34.9285 35.7771 45.3542 62.6498 11.6619 18.2483 41.4849 36.2353 7.2111 33.3766 21.095 
37.108 56.921 37.3631 53.0094 52.2015 52.0865 43.1856 18.0278 36.6742 13.4164 51.7397 32.6497 50.8035 65.437 37.6431 31.241 31.241 59.2115 35.0143 37.0135 38.9487 39.6232 35.0571 0.0 42.0595 67.897 32.6497 23.0217 14.4222 22.3607 62.9365 52.1536 65.0692 14.8661 41.7852 27.8927 19.7231 38.0789 60.8276 39.8497 21.9317 62.1691 28.6007 68.6804 17.2627 60.1082 23.4307 42.5206 49.4975 39.8497 46.6905 51.1077 21.0238 28.6356 44.7772 27.074 29.4109 39.6989 21.2132 24.3516 39.6611 38.0132 63.5059 59.1692 30.0 56.2939 59.8415 9.8489 14.4222 35.5106 50.448 23.7697 35.9026 43.8292 18.3576 13.0 38.9487 37.5899 42.2019 45.2769 16.9706 27.074 45.0444 7.0 48.8365 24.5967 39.2046 33.7343 26.0768 45.0 35.5106 12.7279 69.0797 41.7732 41.2311 48.3735 15.2971 39.8121 53.1507 14.5602 
11.0454 92.2009 73.6817 51.3517 12.083 27.4591 81.5843 31.1448 34.0 28.6531 54.037 23.7697 75.3923 71.1126 73.7564 61.0 13.0 85.235 21.095 66.0681 39.1152 66.1891 22.0907 42.0595 0.0 69.7209 12.0416 65.0 45.7056 63.6946 82.0 64.6297 67.4759 56.7979 62.9682 44.5533 45.8039 75.6902 84.4334 8.0623 53.2353 84.7703 20.2237 67.4685 26.2488 101.2126 64.405 48.2597 73.5459 75.9276 14.8661 64.9384 63.0635 70.6612 4.4721 66.4831 71.3442 51.1957 60.4401 51.8652 81.6333 57.5847 87.9204 97.6217 38.3275 79.0569 91.9239 43.9318 55.2178 73.3485 59.2115 29.5296 47.4342 57.2713 23.7065 51.2445 14.2127 23.0217 77.0065 11.7047 58.5235 67.6757 23.4094 36.0555 16.4924 48.0416 52.6308 60.9016 66.7308 56.8859 20.5913 47.2969 84.7172 12.6491 4.1231 63.3482 34.3657 28.0713 55.0818 33.2415 
59.0339 65.192 101.8332 18.4391 80.1561 46.2709 104.4462 77.6981 93.9415 65.192 17.0 84.309 38.0132 6.3246 59.439 99.0051 72.7324 43.1741 49.4773 104.69 32.6956 41.2311 48.5077 67.897 69.7209 0.0 73.3757 75.1798 82.134 82.3772 30.0832 19.6469 2.8284 75.213 33.5261 93.2309 48.9183 63.561 38.6005 61.6604 89.8053 37.0 78.0 5.0 60.0333 90.2718 69.3181 25.807 117.3882 60.0167 84.3445 21.587 77.1751 81.8413 67.2681 89.8721 77.8781 28.3196 85.6037 46.8722 84.4334 33.541 41.4367 77.026 91.9239 35.5106 57.8705 58.7282 66.2873 98.737 18.0278 49.2443 100.4042 25.5539 65.7647 79.9812 80.7775 86.977 57.5587 81.2158 69.6419 87.6641 47.0425 63.2535 86.1452 91.6788 29.2062 43.0813 86.8217 23.8537 83.8153 80.6226 25.807 57.3149 65.6201 24.0416 77.666 41.7732 15.6525 55.8032 
16.2788 86.4523 61.9839 55.0273 19.7231 36.1248 70.0928 19.4165 23.4307 19.8494 56.7539 12.8062 72.7805 73.7564 67.4166 49.0102 1.4142 82.4621 24.1661 54.037 41.0 62.6418 25.0799 32.6497 12.0416 73.3757 0.0 55.6058 34.2053 53.2353 81.2219 65.0692 70.8802 46.8722 60.8276 32.5576 40.8534 68.8186 82.3772 15.8114 41.4367 83.0241 8.2462 71.8679 19.6977 92.6984 55.8659 49.4975 61.6117 69.6419 14.7648 65.0077 53.2541 60.7454 16.2788 55.3624 62.0081 51.0098 49.3964 47.1699 72.2011 55.5788 85.703 90.6035 26.5707 77.1038 87.3212 36.6197 46.669 61.8466 60.407 27.074 35.8469 57.0 15.0 40.3113 8.0623 13.8924 71.1969 12.8062 49.5782 56.8595 30.4795 27.6586 17.0 36.0139 52.0096 56.921 55.9464 57.0351 10.8167 36.0555 85.0059 20.6155 13.9284 63.0079 22.8035 32.2025 57.9741 27.313 
59.2368 41.0122 28.6007 64.56 75.213 71.7008 29.4109 39.0512 55.4707 36.3593 61.6847 54.037 46.4004 71.0211 24.3516 33.3766 54.2033 51.8845 55.3173 37.3631 53.3385 36.7696 55.109 23.0217 65.0 75.1798 55.6058 0.0 27.313 9.4868 60.4401 56.3028 72.4707 9.434 42.8019 41.7612 29.2746 22.3607 55.2268 62.2415 28.1603 57.1402 50.9117 77.3886 39.3954 37.6431 6.4031 53.1601 50.5964 25.9615 69.3542 54.6443 4.0 7.0711 67.5352 17.0 6.4031 48.1041 16.1245 28.7924 16.6433 41.6773 56.8243 39.5601 47.0106 52.2015 46.8722 23.3452 11.0454 24.8395 57.2451 42.5793 49.2443 49.6488 41.3401 19.3132 61.5549 59.0339 29.4109 68.1175 7.0711 13.6015 64.9384 29.0689 71.4493 35.9026 46.6154 32.8024 13.0384 51.4296 57.3847 24.1661 68.0147 63.5689 63.9531 51.8652 35.609 58.2151 62.9682 34.2053 
44.1022 66.7533 28.0713 66.7083 53.4883 61.8466 35.9026 14.8661 28.3019 20.8806 65.7647 28.6007 64.2884 79.8123 48.0937 17.8885 32.9848 72.1803 44.9222 23.7065 52.2015 53.1601 45.2217 14.4222 45.7056 82.134 34.2053 27.313 0.0 21.2603 76.896 66.5733 79.3095 18.0278 55.9464 15.0333 34.1321 47.5184 74.2159 46.0 8.544 75.6902 27.313 82.7345 26.5707 64.3506 30.8058 56.5685 35.4683 50.1597 45.6508 65.5134 23.7065 30.0 49.366 21.4709 33.121 54.037 15.8114 38.4838 42.2019 52.3546 76.6877 66.7308 19.6977 69.9214 71.0282 24.1868 24.0 27.6586 64.8151 35.8469 23.0 58.2495 24.1868 8.0623 38.0132 33.4215 53.0377 45.1885 24.3311 23.6008 54.8179 19.2094 47.5079 10.4403 53.6004 47.4342 22.8035 59.4054 32.45 3.1623 83.2586 49.163 46.1736 62.7694 11.4018 51.0784 67.1789 27.2029 
59.439 50.1597 19.799 70.3847 72.9452 74.0068 22.4722 35.0 49.4065 35.4401 67.9779 49.5782 55.4707 78.6003 33.8378 24.0832 51.8845 61.2699 57.0789 27.8927 57.9741 45.4533 57.0351 22.3607 63.6946 82.3772 53.2353 9.4868 21.2603 0.0 69.4046 64.0312 79.6116 8.0623 50.9313 34.4384 34.5398 31.7805 64.4981 62.0967 19.9249 66.3702 47.4342 84.22 39.6232 43.4166 15.6525 59.0931 41.1096 35.4401 66.0303 62.482 5.831 8.9443 66.7308 7.8102 13.1529 54.5894 7.0711 35.5106 21.095 49.2037 66.1891 47.676 40.4969 61.2944 56.2939 26.4764 16.1245 16.4012 64.3506 45.0444 41.4367 56.8595 40.1622 13.4536 58.2495 54.4885 38.8973 65.192 12.8062 5.3852 67.0298 29.2746 68.0074 28.2312 53.3385 41.0122 4.4721 58.5235 53.2635 18.3848 76.8375 64.1327 63.2456 59.6657 31.4006 61.131 69.3181 36.0 
71.0634 37.4833 89.0225 37.6431 93.8616 65.8635 89.1067 78.0897 96.7471 66.3702 32.8024 89.0898 14.1421 23.7697 38.4187 90.824 80.1561 14.0357 61.131 95.8801 43.6578 24.1868 60.1664 62.9365 82.0 30.0832 81.2219 60.4401 76.896 69.4046 0.0 18.3576 29.0689 64.1405 21.3776 90.802 43.9318 42.2019 9.0 74.4648 82.7647 7.0711 83.0241 34.9285 63.0317 64.56 54.037 34.5398 109.2749 38.0132 94.8947 17.4642 63.6003 65.7951 81.0432 77.201 60.8112 30.8058 74.6257 38.6005 64.405 26.0768 11.4018 49.8197 91.9837 8.6023 29.0172 53.1601 55.0727 85.276 24.6982 54.1479 98.7623 24.7386 69.0652 72.0139 89.2749 93.0054 34.6699 92.0706 57.1402 74.027 63.561 61.1882 97.0155 87.3155 29.4279 29.5466 73.4098 25.2982 90.0 74.4648 8.0623 71.4703 78.339 18.6815 76.6877 55.7136 32.6497 56.2228 
53.6004 47.0744 83.7377 19.8494 76.2955 47.5079 85.703 64.846 82.7103 52.4976 14.8661 74.1485 19.9249 14.7648 39.8121 82.4621 64.1249 27.4591 43.566 87.9659 25.7099 21.587 42.5793 52.1536 64.6297 19.6469 65.0692 56.3028 66.5733 64.0312 18.3576 0.0 17.2627 57.3149 13.9284 79.1581 32.45 43.9318 24.0832 56.8859 73.6003 23.3452 67.897 23.0868 48.2701 71.0282 50.2494 16.4924 101.0445 40.4475 78.1025 2.0 58.6003 62.7694 63.3482 71.7008 58.5918 14.1421 67.897 29.0 64.846 14.8661 27.5862 58.4209 79.1202 19.4165 40.8534 42.4382 48.1664 80.4301 6.4031 38.3275 86.8159 8.544 54.3415 63.2535 73.0274 77.6466 38.1182 75.1665 51.225 69.2026 45.31 48.7545 80.1561 76.6616 13.6015 23.7065 68.4105 8.0623 74.5453 64.6375 20.0998 53.6004 60.8276 4.4721 64.0781 37.6431 15.0 42.3792 
56.7186 63.3877 99.0454 16.1245 78.0577 44.5533 101.7104 74.9466 91.2853 62.434 14.3178 81.7068 36.1248 5.6569 57.0701 96.1769 70.214 41.7612 47.0744 101.8627 30.0832 38.833 46.0977 65.0692 67.4759 2.8284 70.8802 72.4707 79.3095 79.6116 29.0689 17.2627 0.0 72.4224 31.0483 90.4434 46.0977 61.1882 37.3363 59.4138 86.977 35.8469 75.3923 6.0828 57.3062 88.1419 66.6408 23.0217 114.56 57.7062 82.0366 19.2354 74.4312 79.1581 65.123 87.0919 75.2396 25.4951 82.801 44.1022 81.9085 30.8707 40.3113 75.1066 89.1852 33.9559 56.2939 55.9017 63.5138 95.9635 15.2643 46.5296 97.6371 22.8254 63.0635 77.1557 78.339 84.4334 55.3263 78.9177 66.888 84.9058 45.0 60.4401 83.863 88.8651 26.4008 40.4969 84.0595 21.095 81.2712 77.7946 25.4951 55.1453 63.3877 21.587 74.8866 39.4588 13.0 53.0094 
51.923 49.163 26.6271 62.6498 66.5733 66.0303 30.3645 29.7321 46.0652 28.2312 60.4152 44.6878 50.5371 71.7008 31.1448 26.9258 45.4863 57.2451 49.163 31.7648 50.0 39.9625 49.0918 14.8661 56.7979 75.213 46.8722 9.434 18.0278 8.0623 64.1405 57.3149 72.4224 0.0 44.6878 32.7567 26.8328 30.0167 60.0083 54.7083 20.0998 61.7414 41.7732 76.8505 32.0156 47.0106 13.0384 51.4296 45.1774 33.0606 60.3075 55.8659 6.4031 13.8924 59.6154 14.7648 15.6205 47.1699 10.6301 28.4253 25.4951 42.45 62.0322 48.7032 37.6962 56.356 54.1479 18.4391 9.2195 23.7065 57.2014 37.0135 40.4475 49.8197 33.1059 10.198 52.4976 49.679 36.2215 59.203 7.2801 13.3417 59.0762 21.587 62.3699 27.1662 46.0435 35.0 12.3693 51.4004 48.1041 14.8661 71.2811 56.5155 56.0803 53.0377 26.2488 53.0848 61.7738 28.0179 
52.3927 36.2491 70.7248 29.1204 75.0267 51.6236 72.2011 56.7186 75.4255 45.0999 24.5153 68.0 12.53 28.6356 26.1725 70.7248 59.6825 22.3607 42.9418 76.0263 27.5862 8.0 42.0595 41.7852 62.9682 33.5261 60.8276 42.8019 55.9464 50.9313 21.3776 13.9284 31.0483 44.6878 0.0 69.5701 22.561 30.2655 21.587 55.9464 62.2656 22.2036 62.0322 36.6742 42.0476 58.0775 36.6197 20.2485 89.3085 27.0185 74.9533 12.083 45.3431 49.0918 62.6498 58.6941 44.7772 14.2127 55.3173 17.4642 50.9215 5.3852 25.0 46.5725 70.6116 16.2788 32.0156 31.9531 35.4683 67.2681 17.0 33.9559 77.4919 10.4403 48.0104 51.6236 68.884 72.0625 25.0799 72.2772 38.1838 55.9732 47.634 39.8121 77.1298 66.3099 12.0416 10.0 55.2268 12.3693 69.1158 53.6656 27.313 53.7122 59.6154 9.4868 55.3173 39.2046 25.318 35.0143 
46.6154 81.7435 33.6155 76.5768 49.163 66.1891 42.72 16.4012 16.6433 28.3196 76.4003 22.0907 78.6448 91.586 63.1269 18.3848 31.7805 86.8332 50.4777 22.3607 61.6198 67.4685 51.0392 27.8927 44.5533 93.2309 32.5576 41.7612 15.0333 34.4384 90.802 79.1581 90.4434 32.7567 69.5701 0.0 47.1699 62.514 88.6454 47.4342 15.0 90.0278 24.3311 93.2363 33.9411 77.8267 45.7056 67.424 29.1204 65.192 39.6232 78.2943 37.9473 43.382 48.8365 32.0156 47.1699 65.8635 27.7849 52.2015 55.4707 65.5515 91.2414 81.3204 7.6158 84.1724 86.0523 37.6431 39.0128 35.0 76.6616 44.5982 8.0623 70.6612 29.2062 22.561 33.0606 25.7099 68.0661 40.1995 39.3192 35.2278 59.5399 30.4138 41.0 6.4031 65.7647 61.6117 34.6699 71.5891 26.1725 18.1108 96.7988 51.6236 46.3249 75.6439 15.6205 57.8014 77.801 37.4433 
36.7696 46.4004 53.3385 35.8469 57.6888 44.2719 57.0088 34.2345 53.0848 23.0868 33.6155 46.2709 33.0151 46.0109 28.3196 50.2494 39.5601 42.2966 29.6816 55.8659 24.0832 22.2036 29.1548 19.7231 45.8039 48.9183 40.8534 29.2746 34.1321 34.5398 43.9318 32.45 46.0977 26.8328 22.561 47.1699 0.0 30.8058 43.0 40.3113 41.2311 44.0454 40.6079 50.2195 21.1896 58.6003 25.02 24.5967 68.7677 30.4138 55.5428 31.3847 30.0832 36.3456 46.7547 41.5933 34.0 20.6155 36.8917 6.3246 43.2897 18.3848 46.0435 52.4976 48.0521 38.0526 46.5188 10.0 18.6815 50.5371 31.1127 17.0294 55.0273 24.2074 26.6833 31.1127 48.7032 50.636 31.241 53.2259 22.561 39.9249 38.0789 17.2627 57.7754 44.2945 19.799 16.2788 39.0 25.4951 47.8539 32.2025 49.6488 39.8246 43.2782 28.6531 32.7567 30.3645 34.9857 13.6015 
67.3573 19.2354 49.6588 58.1378 87.2067 74.2496 48.0104 56.0803 74.3303 49.0918 54.0093 70.6824 28.3019 58.2409 4.1231 55.7315 67.424 31.241 60.4649 59.6657 51.5461 22.3607 59.9083 38.0789 75.6902 63.561 68.8186 22.3607 47.5184 31.7805 42.2019 43.9318 61.1882 30.0167 30.2655 62.514 30.8058 0.0 35.3553 70.8378 50.01 37.4833 66.242 66.9104 49.679 28.8617 17.0 47.5184 72.8011 4.2426 83.4865 41.9762 26.3059 25.4951 77.1038 38.8973 20.1246 41.3038 38.4708 25.9422 22.2036 32.0156 36.2353 21.9317 66.7083 33.6006 24.5153 32.2025 24.0416 45.618 47.1699 47.8017 70.3491 40.0125 53.8238 40.1123 76.0066 75.5844 7.8102 81.6088 23.1948 35.1141 68.4763 41.3401 85.703 57.1402 39.2046 22.0907 34.7851 42.0119 73.3553 44.4072 50.2195 70.6045 73.5527 39.6232 53.1413 60.3738 55.0 42.45 
73.736 28.6356 83.7616 43.9318 96.4624 70.8025 83.0963 77.1038 96.0469 66.0303 38.9487 89.1403 10.0499 32.28 31.8904 86.9253 81.2158 5.099 64.0781 91.7061 47.5079 21.2132 63.1585 60.8276 84.4334 38.6005 82.3772 55.2268 74.2159 64.4981 9.0 24.0832 37.3363 60.0083 21.587 88.6454 43.0 35.3553 0.0 77.2528 79.3788 2.2361 83.2947 43.3244 63.3877 55.9732 48.8774 38.833 105.119 31.1127 96.5401 22.6274 58.6686 60.0 83.9345 72.2011 54.8179 34.0 70.214 37.054 57.3847 26.9258 3.6056 41.0 90.5539 5.3852 20.025 51.3517 51.264 79.8812 30.4138 55.5428 96.6902 28.3019 69.2604 68.6222 90.4268 93.3435 27.5862 93.8616 52.8015 68.7968 67.7422 60.075 98.7168 84.6463 32.2025 27.1662 68.2642 29.4109 90.4489 71.5681 16.4924 74.7329 80.9938 22.8035 75.326 59.5399 39.0512 56.1427 
3.6056 86.5563 74.027 43.2897 19.4165 20.5183 81.3941 32.3883 39.2046 26.6833 46.0109 28.6007 68.4471 63.0714 68.593 62.514 16.1245 78.2943 13.3417 67.897 31.257 59.6825 14.3178 39.8497 8.0623 61.6604 15.8114 62.2415 46.0 62.0967 74.4648 56.8859 59.4138 54.7083 55.9464 47.4342 40.3113 70.8378 77.2528 0.0 54.0833 77.4919 23.7065 59.439 22.8473 97.3499 60.9016 40.4475 76.5376 70.7107 22.8035 57.2713 60.7454 68.352 6.7082 65.7647 68.4471 43.6807 59.6825 46.0977 78.721 50.5668 80.7775 92.6984 42.0476 71.8679 85.703 39.9625 51.8845 73.2462 51.3517 23.4307 51.4296 49.7293 22.2036 50.4876 20.8087 29.0 71.5052 19.6469 55.4617 66.4906 15.6525 33.2415 24.5153 50.01 45.2217 54.6443 65.5134 49.2443 26.1725 47.0956 76.9415 5.0 4.0 55.7853 35.1283 20.025 47.0425 28.8444 
52.345 69.029 20.6155 74.8131 60.1664 70.342 29.1548 22.0907 31.1448 29.4109 73.6614 34.0147 69.6419 87.2067 51.2445 9.434 40.3113 76.922 53.4509 15.2643 60.4649 58.6941 53.7587 21.9317 53.2353 89.8053 41.4367 28.1603 8.544 19.9249 82.7647 73.6003 86.977 20.0998 62.2656 15.0 41.2311 50.01 79.3788 54.0833 0.0 80.9938 33.9559 90.6091 35.1141 63.0714 33.0151 64.4438 27.5862 53.1507 51.6236 72.4224 24.1868 28.7924 57.0789 17.0294 32.9848 61.5549 13.0 44.9444 40.7185 59.0762 81.6088 67.4685 21.9317 75.3923 74.2428 31.241 28.1603 21.0238 72.2496 44.2945 21.5407 65.437 32.5576 10.7703 44.2719 38.4708 56.3205 51.5461 27.2947 20.2485 63.3246 27.4591 53.3104 8.6023 60.959 53.2259 19.7231 66.7083 38.0789 9.2195 89.4707 57.4282 54.0093 69.6348 19.0 59.6154 75.0733 35.5106 
74.0 30.8058 85.703 43.1393 96.7678 70.4557 85.1469 78.2304 97.1288 67.0 38.1838 90.05 11.4018 30.6757 33.9706 88.6397 81.8841 7.2801 64.2573 93.4719 47.4131 22.561 63.3246 62.1691 84.7703 37.0 83.0241 57.1402 75.6902 66.3702 7.0711 23.3452 35.8469 61.7414 22.2036 90.0278 44.0454 37.4833 2.2361 77.4919 80.9938 0.0 84.1487 41.7852 64.195 58.1893 50.774 38.5876 106.8878 33.2415 97.0824 22.0227 60.5392 62.0081 84.1546 74.0945 56.8507 34.0147 72.0069 38.2099 59.5483 27.4591 4.4721 43.1741 91.7878 6.0 22.0907 52.6118 52.9245 81.8413 29.7321 56.0892 98.0612 28.178 70.1142 70.2282 91.0824 94.1913 29.7321 94.3663 54.5619 70.7248 67.6018 61.2046 99.2472 86.1278 32.311 28.4429 70.1783 29.1548 91.2688 73.0821 14.3178 74.8465 81.2712 22.4722 76.531 59.4811 38.2099 57.0351 
23.6008 84.5813 54.5711 59.9333 26.2488 43.6005 62.9365 12.53 16.4012 17.72 61.0983 6.3246 73.437 77.7946 65.307 41.1096 7.6158 82.8734 30.0 46.0 45.31 62.8013 30.8058 28.6007 20.2237 78.0 8.2462 50.9117 27.313 47.4342 83.0241 67.897 75.3923 41.7732 62.0322 24.3311 40.6079 66.242 83.2947 23.7065 33.9559 84.1487 0.0 76.922 20.0 88.459 52.0096 53.1601 53.3667 67.5426 18.6011 67.6018 48.1664 55.4437 24.5153 48.7545 57.28 53.7587 42.9418 46.8722 67.2681 57.0 86.4696 87.6641 18.3848 78.1601 86.3308 34.5398 43.0116 54.7083 63.7887 29.6142 27.7308 59.5399 14.0357 34.1321 10.8167 10.0499 69.4622 17.8885 45.4533 50.6063 37.5366 25.0799 20.6155 28.0179 54.4518 56.8859 49.7393 59.8415 7.2801 29.5296 87.4643 28.3019 22.1359 65.3758 16.1245 38.0132 62.3939 27.1662 
57.0088 69.4622 103.465 17.0 77.5242 43.0116 106.4707 77.4209 93.0591 65.0 16.9706 83.1925 42.19 11.1803 62.8013 99.905 71.3092 47.8017 47.7598 105.6456 31.9061 44.5533 46.8188 68.6804 67.4685 5.0 71.8679 77.3886 82.7345 84.22 34.9285 23.0868 6.0828 76.8505 36.6742 93.2363 50.2195 66.9104 43.3244 59.439 90.6091 41.7852 76.922 0.0 59.6406 94.0851 71.6938 26.1725 118.1397 63.5059 82.2253 25.0799 79.177 84.1724 64.7765 91.586 80.4114 29.6816 87.0919 48.7647 87.3613 36.0555 46.2385 81.1542 91.526 40.025 62.3699 59.8164 68.0955 100.4988 20.2485 48.8262 100.2098 27.8568 65.192 81.0555 79.0569 85.6154 61.2046 79.0759 71.5891 89.5545 44.4072 63.6553 83.9524 92.0217 30.8869 45.8803 88.6848 26.0 82.4621 81.3941 30.8058 54.9181 63.3482 27.2947 77.6209 39.8497 15.5563 55.9732 
19.9249 66.888 53.4603 42.8019 37.5366 35.5106 60.0083 17.8045 34.4819 5.831 43.0465 26.0768 53.6004 59.0931 48.0104 44.3847 18.3848 63.1506 18.4391 50.1597 27.8029 43.1741 18.6815 17.2627 26.2488 60.0333 19.6977 39.3954 26.5707 39.6232 63.0317 48.2701 57.3062 32.0156 42.0476 33.9411 21.1896 49.679 63.3877 22.8473 35.1141 64.195 20.0 59.6406 0.0 75.0 38.2753 34.4384 61.0574 50.2195 34.4384 47.8539 37.9473 45.5412 28.3019 44.0114 45.618 34.2053 38.0 27.5136 55.9017 37.0 66.6108 71.5891 31.9061 58.2151 67.624 17.6918 29.1548 52.0865 44.5982 10.8167 40.6079 39.8121 6.0828 29.0689 27.5136 30.0167 51.6236 32.249 32.6497 44.2832 28.4429 10.4403 36.6742 33.8378 34.7131 37.3631 43.2897 40.2616 27.074 26.6833 67.6018 24.5153 24.6982 45.5412 18.4391 24.5967 44.4185 7.6158 
94.0319 27.7308 52.469 86.7006 112.0446 102.6937 46.0 76.6942 92.6499 73.0 82.3893 91.6788 52.6118 84.4808 32.5576 64.846 91.2853 50.9215 88.1192 66.4906 80.3617 50.0899 87.6584 60.1082 101.2126 90.2718 92.6984 37.6431 64.3506 43.4166 64.56 71.0282 88.1419 47.0106 58.0775 77.8267 58.6003 28.8617 55.9732 97.3499 63.0714 58.1893 88.459 94.0851 75.0 0.0 36.8782 76.2955 77.4145 31.257 106.7755 69.029 40.8044 34.4819 103.2279 46.8188 31.4006 70.0357 50.0899 54.4243 22.3607 60.531 55.1543 15.8114 83.863 56.5155 37.1214 57.4282 46.0977 48.6621 75.06 75.1798 84.5813 68.2642 77.9872 56.3028 99.0051 96.6747 33.0151 105.3803 43.1393 43.0813 96.6644 65.2993 108.9036 71.5542 67.897 50.8035 43.4626 70.2567 95.0158 61.2944 72.4224 97.7548 99.6243 67.0 73.2462 88.7694 83.2947 68.5055 
57.7062 36.1248 35.0 59.439 75.1665 68.6586 35.609 40.8167 58.3095 36.1248 56.3205 55.7584 40.0 65.0 18.4391 39.0512 54.4518 45.618 52.811 43.3244 49.0102 30.4138 52.4976 23.4307 64.405 69.3181 55.8659 6.4031 30.8058 15.6525 54.037 50.2494 66.6408 13.0384 36.6197 45.7056 25.02 17.0 48.8774 60.9016 33.0151 50.774 52.0096 71.6938 38.2753 36.8782 0.0 48.0521 56.648 20.2237 70.0928 48.5489 9.8489 12.53 66.5733 23.3238 9.0554 42.72 21.8403 23.5372 18.4391 35.7771 50.5371 36.2491 50.2892 45.8039 41.3038 21.0238 9.2195 31.241 51.4782 39.8497 53.4603 43.8634 41.1096 23.1948 62.3699 60.7454 23.5372 68.593 6.7082 20.0 62.0967 28.4253 72.2496 40.1995 41.1096 26.6271 19.4165 45.6946 58.8218 27.6586 61.6198 61.7414 62.9682 45.793 37.5899 54.9181 57.5674 32.2025 
37.2156 56.356 77.8974 11.4018 59.8415 32.0156 81.5414 51.9711 68.7095 39.4462 9.2195 59.4811 31.8277 24.6982 43.7379 73.7564 48.6621 41.1096 27.1662 79.511 9.2195 27.313 26.1725 42.5206 48.2597 25.807 49.4975 53.1601 56.5685 59.0931 34.5398 16.4924 23.0217 51.4296 20.2485 67.424 24.5967 47.5184 38.833 40.4475 64.4438 38.5876 53.1601 26.1725 34.4384 76.2955 48.0521 0.0 91.9674 45.1221 62.0 17.088 54.4243 60.1664 46.8722 66.1891 57.0701 6.3246 61.4003 24.5153 65.2763 16.1555 42.4382 66.1287 66.242 33.6006 52.2015 33.8378 43.0813 75.1332 11.0 23.7697 74.6257 10.6301 40.3113 55.0 57.3149 62.5859 43.9659 59.0085 46.8188 64.4748 29.0689 37.5366 64.0078 65.9469 8.544 25.4951 63.561 9.434 59.439 55.2268 36.4966 37.108 44.4072 16.1245 51.8652 21.1896 10.6301 30.0 
75.6108 90.6091 25.02 102.1763 77.1038 94.9368 32.0156 44.7772 42.0119 55.2268 101.1781 50.3587 95.7131 114.7693 74.9466 18.6011 60.8769 102.1567 78.7147 13.4164 87.6185 85.0882 79.177 49.4975 73.5459 117.3882 61.6117 50.5964 35.4683 41.1096 109.2749 101.0445 114.56 45.1774 89.3085 29.1204 68.7677 72.8011 105.119 76.5376 27.5862 106.8878 53.3667 118.1397 61.0574 77.4145 56.648 91.9674 0.0 76.5376 67.0075 99.8098 46.8188 47.8539 77.8781 33.9559 53.1507 89.1403 34.9285 72.2011 57.0351 86.4002 107.0187 86.1452 35.3553 101.5332 97.2677 58.7963 54.2033 29.0 99.8248 71.0282 27.0 92.957 57.2451 37.8021 61.2944 53.0377 80.0062 68.1175 52.3259 37.855 88.1419 54.6717 68.0074 27.2947 88.5268 79.925 38.0789 94.2603 54.231 36.7696 116.2841 80.6536 75.4321 97.0052 42.9418 85.5862 102.5914 62.6259 
67.1789 17.088 53.6656 55.4437 87.6185 72.9452 52.2015 57.8705 76.4003 50.1199 51.1566 72.2357 24.1868 54.5711 2.2361 59.2284 68.2642 27.0185 59.8164 63.3246 49.7695 19.0263 59.203 39.8497 75.9276 60.0167 69.6419 25.9615 50.1597 35.4401 38.0132 40.4475 57.7062 33.0606 27.0185 65.192 30.4138 4.2426 31.1127 70.7107 53.1507 33.2415 67.5426 63.5059 50.2195 31.257 20.2237 45.1221 76.5376 0.0 84.3801 38.4708 29.8329 29.5296 77.1038 42.72 24.1868 38.833 41.9762 25.0 26.4008 29.2746 32.0156 22.2036 69.0507 29.4109 21.095 33.121 26.3059 49.6488 44.0114 47.4236 73.1095 37.054 54.7083 43.0 77.026 77.0779 3.6056 82.3772 26.0 39.0 67.4166 42.4853 86.6083 60.0083 36.6742 19.6469 38.6264 39.0512 74.7329 47.0956 46.0435 70.1783 73.5935 36.2215 55.0818 59.1692 52.0865 42.8019 
25.318 101.2126 72.111 65.9242 10.4403 42.0595 80.7775 31.0644 25.0799 34.4093 68.3593 17.72 87.0919 85.4751 82.1523 57.7235 16.1245 96.8401 35.1283 61.9839 53.0377 77.1622 36.1248 46.6905 14.8661 84.3445 14.7648 69.3542 45.6508 66.0303 94.8947 78.1025 82.0366 60.3075 74.9533 39.6232 55.5428 83.4865 96.5401 22.8035 51.6236 97.0824 18.6011 82.2253 34.4384 106.7755 70.0928 62.0 67.0075 84.3801 0.0 78.2304 66.7083 74.027 18.3576 67.1193 75.743 64.2806 61.4003 61.8466 85.7963 69.6348 99.925 105.2093 32.249 91.2195 102.0441 51.3128 60.959 72.6154 73.0 41.0 40.0125 70.3491 29.6816 52.6972 7.8102 14.0357 85.9593 3.1623 63.6553 69.1158 38.2753 42.2019 2.2361 44.643 65.4905 71.5122 68.2642 70.1783 13.6015 48.0208 98.1835 27.5136 18.9737 76.4199 34.6699 42.5793 69.4622 42.0476 
