10
0.0 4.47213595499958 4.242640687119285 3.1622776601683795 5.0 6.082762530298219 3.605551275463989 1.4142135623730951 5.656854249492381 5.0990195135927845
4.47213595499958 0.0 7.0710678118654755 5.0990195135927845 9.219544457292887 9.433981132056603 6.082762530298219 3.1622776601683795 8.246211251235321 3.1622776601683795 
4.242640687119285 7.0710678118654755 0.0 2.0 3.605551275463989 9.219544457292887 1.0 4.47213595499958 1.4142135623730951 8.94427190999916 
3.1622776601683795 5.0990195135927845 2.0 0.0 5.0 9.0 1.0 2.8284271247461903 3.1622776601683795 7.211102550927978 
5.0 9.219544457292887 3.605551275463989 5.0 0.0 7.211102550927978 4.242640687119285 6.082762530298219 4.123105625617661 10.04987562112089 
6.082762530298219 9.433981132056603 9.219544457292887 9.0 7.211102550927978 0.0 9.055385138137417 7.280109889280518 10.44030650891055 7.810249675906654 
3.605551275463989 6.082762530298219 1.0 1.0 4.242640687119285 9.055385138137417 0.0 3.605551275463989 2.23606797749979 8.06225774829855 
1.4142135623730951 3.1622776601683795 4.47213595499958 2.8284271247461903 6.082762530298219 7.280109889280518 3.605551275463989 0.0 5.830951894845301 4.47213595499958 
5.656854249492381 8.246211251235321 1.4142135623730951 3.1622776601683795 4.123105625617661 10.44030650891055 2.23606797749979 5.830951894845301 0.0 10.295630140987 
5.0990195135927845 3.1622776601683795 8.94427190999916 7.211102550927978 10.04987562112089 7.810249675906654 8.06225774829855 4.47213595499958 10.295630140987 0.0 
