20
0.0 25.5 21.47 15.3 23.43 18.03 8.06 6.71 19.03 14.32 8.25 9.06 17.89 23.35 13.0 19.65 15.3 4.12 3.61 21.4
25.5 0.0 7.0 20.4 2.24 16.03 19.42 24.6 16.0 13.6 18.6 18.87 11.05 2.24 18.03 12.0 14.56 29.21 29.0 6.0
21.47 7.0 0.0 13.6 5.1 9.06 14.21 22.36 9.0 13.34 13.6 13.45 12.53 6.32 11.66 5.0 8.06 25.5 24.7 9.22
15.3 20.4 13.6 0.0 18.25 5.0 8.06 20.12 5.66 18.36 8.6 7.21 20.25 19.1 3.61 8.94 6.0 19.1 17.0 20.1
23.43 2.24 5.1 18.25 0.0 14.0 17.2 22.85 14.04 12.17 16.4 16.64 10.05 1.41 15.81 10.05 12.37 27.2 26.91 5.39
18.03 16.03 9.06 5.0 14.0 0.0 10.0 21.59 1.0 16.97 10.05 9.0 18.03 15.03 5.1 4.12 3.61 22.09 20.4 16.76
8.06 19.42 14.21 8.06 17.2 10.0 0.0 12.08 11.0 12.17 1.0 1.0 15.0 17.49 5.1 11.7 7.28 12.17 10.77 16.76
6.71 24.6 22.36 20.12 22.85 21.59 12.08 0.0 22.56 11.4 11.7 13.0 14.87 22.36 17.09 22.02 18.25 7.07 9.06 19.42
19.03 16.0 9.0 5.66 14.04 1.0 11.0 22.56 0.0 17.69 11.05 10.0 18.6 15.13 6.08 4.0 4.47 23.09 21.38 17.09
14.32 13.6 13.34 18.36 12.17 16.97 12.17 11.4 17.69 0.0 11.18 12.37 3.61 11.4 14.76 15.26 13.45 17.2 17.89 8.06
8.25 18.6 13.6 8.6 16.4 10.05 1.0 11.7 11.05 11.18 0.0 1.41 14.0 16.64 5.39 11.4 7.07 12.37 11.18 15.81
9.06 18.87 13.45 7.21 16.64 9.0 1.0 13.0 10.0 12.37 1.41 0.0 15.03 17.0 4.12 10.77 6.32 13.15 11.7 16.49
17.89 11.05 12.53 20.25 10.05 18.03 15.0 14.87 18.6 3.61 14.0 15.03 0.0 9.0 16.76 15.56 14.76 20.81 21.47 5.1
23.35 2.24 6.32 19.1 1.41 15.03 17.49 22.36 15.13 11.4 16.64 17.0 9.0 0.0 16.49 11.18 13.15 27.02 26.87 4.12
13.0 18.03 11.66 3.61 15.81 5.1 5.1 17.09 6.08 14.76 5.39 4.12 16.76 16.49 0.0 7.81 3.61 17.03 15.3 17.0
19.65 12.0 5.0 8.94 10.05 4.12 11.7 22.02 4.0 15.26 11.4 10.77 15.56 11.18 7.81 0.0 4.47 23.77 22.47 13.42
15.3 14.56 8.06 6.0 12.37 3.61 7.28 18.25 4.47 13.45 7.07 6.32 14.76 13.15 3.61 4.47 0.0 19.42 18.03 14.14
4.12 29.21 25.5 19.1 27.2 22.09 12.17 7.07 23.09 17.2 12.37 13.15 20.81 27.02 17.03 23.77 19.42 0.0 2.83 24.76
3.61 29.0 24.7 17.0 26.91 20.4 10.77 9.06 21.38 17.89 11.18 11.7 21.47 26.87 15.3 22.47 18.03 2.83 0.0 25.0
21.4 6.0 9.22 20.1 5.39 16.76 16.76 19.42 17.09 8.06 15.81 16.49 5.1 4.12 17.0 13.42 14.14 24.76 25.0 0.0
