10
0.0 12.04 10.82 7.21 3.61 17.26 3.16 7.07 14.04 11.05
12.04 0.0 7.62 6.71 10.77 6.4 11.18 5.39 2.83 1.0
10.82 7.62 0.0 10.44 7.62 8.54 12.04 5.39 7.07 7.28
7.21 6.71 10.44 0.0 8.06 13.04 5.1 5.1 9.43 5.83
3.61 10.77 7.62 8.06 0.0 15.0 6.08 5.39 12.17 9.85
17.26 6.4 8.54 13.04 15.0 0.0 17.09 10.2 3.61 7.21
3.16 11.18 12.04 5.1 6.08 17.09 0.0 7.21 13.6 10.2
7.07 5.39 5.39 5.1 5.39 10.2 7.21 0.0 7.0 4.47
14.04 2.83 7.07 9.43 12.17 3.61 13.6 7.0 0.0 3.61
11.05 1.0 7.28 5.83 9.85 7.21 10.2 4.47 3.61 0.0