30
0.0 28.0179 2.0 19.2354 14.0357 20.6155 19.105 9.0 8.0623 27.8029 23.7697 15.6205 16.0 6.4031 6.0 7.2801 17.8885 13.4536 16.0312 10.0 1.4142 6.0828 22.4722 17.4642 20.8806 19.2354 24.7588 25.807 24.4131 8.0 
28.0179 0.0 29.2062 19.4165 22.0907 15.2971 10.198 21.2603 32.5576 1.4142 22.0 12.53 17.4642 21.6333 25.0799 21.2603 15.0 15.2315 18.3848 18.7883 26.6271 26.0 5.6569 20.8806 10.4403 26.1725 6.3246 2.2361 9.8489 24.3516 
2.0 29.2062 0.0 19.0263 16.0312 22.4722 20.6155 9.2195 6.0828 29.0689 23.3452 16.9706 16.1245 7.8102 8.0 8.0623 19.6977 15.0 16.0312 11.6619 3.1623 8.0623 23.6008 17.1172 21.5407 21.2132 26.2488 27.0185 26.0768 10.0 
19.2354 19.4165 19.0263 0.0 24.7588 24.5967 18.0278 10.4403 18.6815 20.2237 5.0 14.7648 4.2426 15.6525 21.0238 13.0 21.9545 16.4012 3.6056 17.0294 18.4391 21.9317 15.0 2.2361 9.0554 31.1127 21.095 18.1108 23.5372 21.9545 
14.0357 22.0907 16.0312 24.7588 0.0 8.6023 12.0 16.1245 22.0 21.2132 29.7321 11.7047 20.5183 10.7703 8.0623 13.4164 7.2801 8.9443 21.2132 7.8102 13.0 8.2462 18.1108 24.0832 20.6155 6.4031 16.4924 20.025 14.3178 6.0828 
20.6155 15.2971 22.4722 24.5967 8.6023 0.0 7.0711 19.0263 27.8927 14.1421 29.1548 9.8489 20.6155 15.2971 15.2643 17.0294 3.0 9.0554 21.5407 11.1803 19.3132 15.8114 13.0384 24.6982 17.6918 11.0 9.0554 13.6015 6.0828 13.6015 
19.105 10.198 20.6155 18.0278 12.0 7.0711 0.0 14.5602 25.0599 9.4868 22.3607 4.1231 14.3178 12.8062 15.2643 13.4164 5.3852 5.6569 15.2971 9.2195 17.6918 16.1245 6.3246 18.4391 10.6301 16.7631 5.6569 8.0623 6.0828 14.3178 
9.0 21.2603 9.2195 10.4403 16.1245 19.0263 14.5602 0.0 11.3137 21.4009 15.2315 10.4403 7.0 5.6569 10.8167 2.8284 16.0312 10.0 7.0711 8.544 8.0623 11.6619 15.6205 8.9443 12.53 22.4722 19.6977 19.2094 20.6155 12.0416 
8.0623 32.5576 6.0828 18.6815 22.0 27.8927 25.0599 11.3137 0.0 32.6497 22.0907 21.095 17.0 12.6491 14.0357 11.6619 25.0 19.6977 16.5529 16.7631 9.0 14.1421 26.9072 16.4924 23.6008 27.2947 30.5287 30.4795 30.8707 16.0312 
27.8029 1.4142 29.0689 20.2237 21.2132 14.1421 9.4868 21.4009 32.6497 0.0 23.0217 12.2066 18.0278 21.4009 24.5967 21.2132 14.0357 14.7648 18.9737 18.3576 26.4008 25.4951 5.831 21.587 11.1803 25.0799 5.099 2.2361 8.544 23.7697 
23.7697 22.0 23.3452 5.0 29.7321 29.1548 22.3607 15.2315 22.0907 23.0217 0.0 19.4165 9.2195 20.5913 25.9422 17.8885 26.6271 21.2603 8.6023 22.0227 23.0868 26.8328 18.4391 6.3246 12.3693 36.0694 24.7386 21.095 27.5136 26.9258 
15.6205 12.53 16.9706 14.7648 11.7047 9.8489 4.1231 10.4403 21.095 12.2066 19.4165 0.0 10.7703 9.2195 12.6491 9.434 7.2111 3.0 11.7047 6.3246 14.2127 13.6015 7.2801 14.8661 8.9443 17.4929 9.434 10.2956 10.198 12.1655 
16.0 17.4642 16.1245 4.2426 20.5183 20.6155 14.3178 7.0 17.0 18.0278 9.2195 10.7703 0.0 11.7047 17.088 9.2195 17.8885 12.2066 1.0 12.8062 15.0333 18.0278 12.3693 4.1231 7.2111 26.8701 18.0278 15.8114 20.0998 17.8885 
6.4031 21.6333 7.8102 15.6525 10.7703 15.2971 12.8062 5.6569 12.6491 21.4009 20.5913 9.2195 11.7047 0.0 5.3852 2.8284 12.3693 7.2111 12.083 4.1231 5.0 6.3246 16.1245 14.4222 15.1327 17.0 18.4391 19.4165 18.3576 6.4031 
6.0 25.0799 8.0 21.0238 8.0623 15.2643 15.2643 10.8167 14.0357 24.5967 25.9422 12.6491 17.088 5.3852 0.0 8.0623 12.8062 9.8489 17.4642 6.3246 5.099 1.0 19.9249 19.7231 20.0 13.3417 20.8087 22.8473 19.799 2.0 
7.2801 21.2603 8.0623 13.0 13.4164 17.0294 13.4164 2.8284 11.6619 21.2132 17.8885 9.434 9.2195 2.8284 8.0623 0.0 14.0357 8.2462 9.4868 6.0828 6.0828 8.9443 15.6205 11.6619 13.6015 19.7231 18.868 19.105 19.3132 9.2195 
17.8885 15.0 19.6977 21.9545 7.2801 3.0 5.3852 16.0312 25.0 14.0357 26.6271 7.2111 17.8885 12.3693 12.8062 14.0357 0.0 6.0828 18.7883 8.2462 16.5529 13.4536 11.7047 21.9317 15.6205 11.4018 9.2195 13.0384 7.2111 11.3137 
13.4536 15.2315 15.0 16.4012 8.9443 9.0554 5.6569 10.0 19.6977 14.7648 21.2603 3.0 12.2066 7.2111 9.8489 8.2462 6.0828 0.0 13.0384 3.6056 12.0416 10.7703 10.198 16.1245 11.7047 15.0 11.3137 13.0 11.1803 9.2195 
16.0312 18.3848 16.0312 3.6056 21.2132 21.5407 15.2971 7.0711 16.5529 18.9737 8.6023 11.7047 1.0 12.083 17.4642 9.4868 18.7883 13.0384 0.0 13.4536 15.1327 18.3848 13.3417 3.1623 8.0623 27.5862 19.0263 16.7631 21.095 18.3576 
10.0 18.7883 11.6619 17.0294 7.8102 11.1803 9.2195 8.544 16.7631 18.3576 22.0227 6.3246 12.8062 4.1231 6.3246 6.0828 8.2462 3.6056 13.4536 0.0 8.6023 7.2801 13.6015 16.2788 14.1421 14.2127 14.8661 16.5529 14.4222 6.0 
1.4142 26.6271 3.1623 18.4391 13.0 19.3132 17.6918 8.0623 9.0 26.4008 23.0868 14.2127 15.0333 5.0 5.099 6.0828 16.5529 12.0416 15.1327 8.6023 0.0 5.3852 21.095 16.7631 19.6469 18.4391 23.3452 24.4131 23.0217 7.0711 
6.0828 26.0 8.0623 21.9317 8.2462 15.8114 16.1245 11.6619 14.1421 25.4951 26.8328 13.6015 18.0278 6.3246 1.0 8.9443 13.4536 10.7703 18.3848 7.2801 5.3852 0.0 20.8806 20.5913 21.0 13.1529 21.6333 23.7697 20.5183 2.2361 
22.4722 5.6569 23.6008 15.0 18.1108 13.0384 6.3246 15.6205 26.9072 5.831 18.4391 7.2801 12.3693 16.1245 19.9249 15.6205 11.7047 10.198 13.3417 13.6015 21.095 20.8806 0.0 16.1245 6.0828 23.0868 6.3246 3.6056 9.434 19.4165 
17.4642 20.8806 17.1172 2.2361 24.0832 24.6982 18.4391 8.9443 16.4924 21.587 6.3246 14.8661 4.1231 14.4222 19.7231 11.6619 21.9317 16.1245 3.1623 16.2788 16.7631 20.5913 16.1245 0.0 10.4403 30.4795 22.0 19.4165 24.1868 20.8087 
20.8806 10.4403 21.5407 9.0554 20.6155 17.6918 10.6301 12.53 23.6008 11.1803 12.3693 8.9443 7.2111 15.1327 20.0 13.6015 15.6205 11.7047 8.0623 14.1421 19.6469 21.0 6.0828 10.4403 0.0 26.4197 12.3693 9.0554 15.2315 20.0998 
19.2354 26.1725 21.2132 31.1127 6.4031 11.0 16.7631 22.4722 27.2947 25.0799 36.0694 17.4929 26.8701 17.0 13.3417 19.7231 11.4018 15.0 27.5862 14.2127 18.4391 13.1529 23.0868 30.4795 26.4197 0.0 20.025 24.3311 17.0294 11.4018 
24.7588 6.3246 26.2488 21.095 16.4924 9.0554 5.6569 19.6977 30.5287 5.099 24.7386 9.434 18.0278 18.4391 20.8087 18.868 9.2195 11.3137 19.0263 14.8661 23.3452 21.6333 6.3246 22.0 12.3693 20.025 0.0 5.0 3.6056 19.7231 
25.807 2.2361 27.0185 18.1108 20.025 13.6015 8.0623 19.2094 30.4795 2.2361 21.095 10.2956 15.8114 19.4165 22.8473 19.105 13.0384 13.0 16.7631 16.5529 24.4131 23.7697 3.6056 19.4165 9.0554 24.3311 5.0 0.0 8.6023 22.1359 
24.4131 9.8489 26.0768 23.5372 14.3178 6.0828 6.0828 20.6155 30.8707 8.544 27.5136 10.198 20.0998 18.3576 19.799 19.3132 7.2111 11.1803 21.095 14.4222 23.0217 20.5183 9.434 24.1868 15.2315 17.0294 3.6056 8.6023 0.0 18.4391 
8.0 24.3516 10.0 21.9545 6.0828 13.6015 14.3178 12.0416 16.0312 23.7697 26.9258 12.1655 17.8885 6.4031 2.0 9.2195 11.3137 9.2195 18.3576 6.0 7.0711 2.2361 19.4165 20.8087 20.0998 11.4018 19.7231 22.1359 18.4391 0.0 
