20
0.0 7.81 13.42 17.03 14.14 16.55 2.24 9.0 14.32 6.0 3.16 21.84 10.0 14.87 20.1 4.12 5.0 6.4 18.44 16.49
7.81 0.0 17.0 23.09 19.42 10.05 7.62 15.23 8.0 12.53 5.39 16.0 2.24 9.06 15.52 11.4 9.49 10.2 23.09 11.18
13.42 17.0 0.0 8.6 4.47 27.02 15.65 6.71 25.0 8.49 15.81 33.0 18.11 26.02 32.25 10.63 8.54 7.28 6.32 28.07
17.03 23.09 8.6 0.0 4.24 32.98 19.0 8.06 30.81 11.05 20.1 38.64 24.7 31.58 37.12 13.0 13.6 13.0 5.1 33.38
14.14 19.42 4.47 4.24 0.0 29.43 16.28 5.39 27.29 8.25 17.03 35.23 20.88 28.16 34.0 10.44 10.05 9.22 4.47 30.07
16.55 10.05 27.02 32.98 29.43 0.0 15.26 25.0 2.24 22.14 13.42 6.08 9.06 2.24 7.07 20.62 19.42 20.22 33.14 3.16
2.24 7.62 15.65 19.0 16.28 15.26 0.0 11.05 13.04 8.06 2.24 20.25 9.85 13.42 18.25 6.0 7.21 8.6 20.62 14.87
9.0 15.23 6.71 8.06 5.39 25.0 11.05 0.0 22.8 3.0 12.04 30.59 17.0 23.54 29.07 5.1 5.83 5.66 9.85 25.32
14.32 8.0 25.0 30.81 27.29 2.24 13.04 22.8 0.0 19.92 11.18 8.0 7.28 1.41 8.06 18.38 17.26 18.11 31.06 3.61
6.0 12.53 8.49 11.05 8.25 22.14 8.06 3.0 19.92 0.0 9.06 27.66 14.42 20.62 26.08 2.24 3.61 4.12 12.65 22.36
3.16 5.39 15.81 20.1 17.03 13.42 2.24 12.04 11.18 9.06 0.0 18.68 7.62 11.7 17.03 7.28 7.28 8.54 21.21 13.34
21.84 16.0 33.0 38.64 35.23 6.08 20.25 30.59 8.0 27.66 18.68 0.0 15.13 7.07 4.12 25.96 25.18 26.08 39.05 5.39
10.0 2.24 18.11 24.7 20.88 9.06 9.85 17.0 7.28 14.42 7.62 15.13 0.0 8.54 15.23 13.45 11.18 11.7 24.33 10.77
14.87 9.06 26.02 31.58 28.16 2.24 13.42 23.54 1.41 20.62 11.7 7.07 8.54 0.0 6.71 18.97 18.11 19.03 32.02 2.24
20.1 15.52 32.25 37.12 34.0 7.07 18.25 29.07 8.06 26.08 17.03 4.12 15.23 6.71 0.0 24.19 24.02 25.08 38.05 4.47
4.12 11.4 10.63 13.0 10.44 20.62 6.0 5.1 18.38 2.24 7.28 25.96 13.45 18.97 24.19 0.0 4.0 5.1 14.87 20.62
5.0 9.49 8.54 13.6 10.05 19.42 7.21 5.83 17.26 3.61 7.28 25.18 11.18 18.11 24.02 4.0 0.0 1.41 14.04 20.02
6.4 10.2 7.28 13.0 9.22 20.22 8.6 5.66 18.11 4.12 8.54 26.08 11.7 19.03 25.08 5.1 1.41 0.0 13.0 21.0
18.44 23.09 6.32 5.1 4.47 33.14 20.62 9.85 31.06 12.65 21.21 39.05 24.33 32.02 38.05 14.87 14.04 13.0 0.0 34.0
16.49 11.18 28.07 33.38 30.07 3.16 14.87 25.32 3.61 22.36 13.34 5.39 10.77 2.24 4.47 20.62 20.02 21.0 34.0 0.0
