24
0.0 18.9737 22.0227 6.3246 15.1327 8.4853 16.1245 14.8661 13.0384 8.9443 8.9443 21.095 7.8102 1.0 20.025 6.7082 7.2801 1.4142 2.2361 3.1623 14.0357 16.2788 24.2074 12.6491 
18.9737 0.0 8.0623 20.0 21.9317 16.9706 8.2462 9.434 8.6023 14.1421 10.198 5.0 12.0416 19.3132 7.2801 21.0 23.8537 18.3848 20.6155 17.2627 6.4031 3.6056 9.0554 11.6619 
22.0227 8.0623 0.0 25.0 19.0263 22.8254 16.0312 7.6158 15.5242 20.1246 13.4536 3.1623 14.2127 22.6716 15.2971 21.5407 28.3196 21.9317 23.0217 19.4165 13.3417 11.0454 2.2361 18.6815 
6.3246 20.0 25.0 0.0 21.3776 4.0 14.5602 18.7883 12.083 6.3246 11.6619 23.3452 11.7047 5.3852 18.6815 13.0 4.1231 5.099 8.0623 9.0554 13.8924 16.6433 27.0185 10.198 
15.1327 21.9317 19.0263 21.3776 0.0 22.4722 24.7588 12.6491 21.9317 21.4709 14.8661 20.3961 12.8062 16.1245 27.2029 9.0554 22.0 16.2788 14.0 12.3693 21.2603 21.6333 21.0 23.6008 
8.4853 16.9706 22.8254 4.0 22.4722 0.0 10.7703 17.4642 8.6023 2.8284 10.198 20.8087 11.0 7.8102 14.8661 15.0 8.0623 7.0711 10.6301 10.2956 10.6301 13.4536 24.6982 6.3246 
16.1245 8.2462 16.0312 14.5602 24.7588 10.7703 0.0 14.3178 3.1623 8.2462 10.0 13.1529 12.2066 16.0312 4.1231 20.6155 18.6815 15.0333 18.2483 15.8114 3.6056 5.0 17.2627 4.4721 
14.8661 9.434 7.6158 18.7883 12.6491 17.4642 14.3178 0.0 12.3693 15.1327 7.2801 8.0 7.2111 15.6205 15.6205 13.9284 21.6333 15.0 15.6205 12.0416 10.7703 10.0 9.8489 15.1327 
13.0384 8.6023 15.5242 12.083 21.9317 8.6023 3.1623 12.3693 0.0 5.831 7.0711 13.0 9.2195 13.0 7.0 17.4642 16.1555 12.0 15.1327 12.6491 2.2361 5.0 17.088 3.1623 
8.9443 14.1421 20.1246 6.3246 21.4709 2.8284 8.2462 15.1327 5.831 0.0 8.0 18.0278 9.2195 8.544 12.3693 14.8661 10.4403 7.6158 11.1803 9.8995 7.8102 10.6301 21.9545 4.0 
8.9443 10.198 13.4536 11.6619 14.8661 10.198 10.0 7.2801 7.0711 8.0 0.0 12.2066 2.2361 9.434 13.0 11.1803 14.8661 8.6023 10.4403 7.0711 6.7082 8.0623 15.5563 8.9443 
21.095 5.0 3.1623 23.3452 20.3961 20.8087 13.1529 8.0 13.0 18.0278 12.2066 0.0 13.4164 21.6333 12.1655 21.587 26.9072 20.8087 22.3607 18.7883 10.7703 8.2462 4.1231 16.1555 
7.8102 12.0416 14.2127 11.7047 12.8062 11.0 12.2066 7.2111 9.2195 9.2195 2.2361 13.4164 0.0 8.4853 15.2315 9.0554 14.4222 7.8102 8.9443 5.3852 8.9443 10.198 16.4012 10.8167 
1.0 19.3132 22.6716 5.3852 16.1245 7.8102 16.0312 15.6205 13.0 8.544 9.434 21.6333 8.4853 0.0 20.0 7.6158 6.3246 1.0 2.8284 4.1231 14.1421 16.4924 24.8395 12.3693 
20.025 7.2801 15.2971 18.6815 27.2029 14.8661 4.1231 15.6205 7.0 12.3693 13.0 12.1655 15.2315 20.0 0.0 24.0416 22.8035 19.0 22.0907 19.4165 6.3246 5.6569 16.0312 8.544 
6.7082 21.0 21.5407 13.0 9.0554 15.0 20.6155 13.9284 17.4642 14.8661 11.1803 21.587 9.0554 7.6158 24.0416 0.0 13.0384 8.0623 5.099 5.0 17.72 19.2354 23.7697 18.0278 
7.2801 23.8537 28.3196 4.1231 22.0 8.0623 18.6815 21.6333 16.1555 10.4403 14.8661 26.9072 14.4222 6.3246 22.8035 13.0384 0.0 6.7082 8.0 10.4403 17.8885 20.5913 30.4138 14.3178 
1.4142 18.3848 21.9317 5.099 16.2788 7.0711 15.0333 15.0 12.0 7.6158 8.6023 20.8087 7.8102 1.0 19.0 8.0623 6.7082 0.0 3.6056 4.0 13.1529 15.5242 24.0832 11.4018 
2.2361 20.6155 23.0217 8.0623 14.0 10.6301 18.2483 15.6205 15.1327 11.1803 10.4403 22.3607 8.9443 2.8284 22.0907 5.099 8.0 3.6056 0.0 3.6056 16.0 18.1108 25.2389 14.8661 
3.1623 17.2627 19.4165 9.0554 12.3693 10.2956 15.8114 12.0416 12.6491 9.8995 7.0711 18.7883 5.3852 4.1231 19.4165 5.0 10.4403 4.0 3.6056 0.0 13.1529 15.0 21.6333 13.0384 
14.0357 6.4031 13.3417 13.8924 21.2603 10.6301 3.6056 10.7703 2.2361 7.8102 6.7082 10.7703 8.9443 14.1421 6.3246 17.72 17.8885 13.1529 16.0 13.1529 0.0 2.8284 14.8661 5.3852 
16.2788 3.6056 11.0454 16.6433 21.6333 13.4536 5.0 10.0 5.0 10.6301 8.0623 8.2462 10.198 16.4924 5.6569 19.2354 20.5913 15.5242 18.1108 15.0 2.8284 0.0 12.3693 8.0623 
24.2074 9.0554 2.2361 27.0185 21.0 24.6982 17.2627 9.8489 17.088 21.9545 15.5563 4.1231 16.4012 24.8395 16.0312 23.7697 30.4138 24.0832 25.2389 21.6333 14.8661 12.3693 0.0 20.2485 
12.6491 11.6619 18.6815 10.198 23.6008 6.3246 4.4721 15.1327 3.1623 4.0 8.9443 16.1555 10.8167 12.3693 8.544 18.0278 14.3178 11.4018 14.8661 13.0384 5.3852 8.0623 20.2485 0.0 
