100
0.0 50.6063 26.8701 36.3456 35.7351 42.4382 24.2074 58.8982 18.868 60.2163 41.0122 60.3075 69.3109 41.1096 9.0554 45.2217 33.6155 3.6056 36.2353 45.1221 47.5184 37.1214 18.9737 47.0744 19.4165 40.3113 38.6264 45.0111 26.4008 30.3645 47.0106 63.7809 39.8121 33.9559 37.5366 51.788 58.4123 51.225 57.2014 32.2025 47.8539 22.2036 35.8469 45.6946 35.5106 23.3238 44.0454 39.8246 15.8114 25.4558 7.2801 5.831 55.0364 44.0114 47.0106 22.2036 15.6525 40.8044 52.0384 64.3817 51.3128 29.7321 32.311 38.4838 33.541 44.4185 29.9666 57.6281 30.4631 25.318 23.7697 44.7772 49.3964 21.095 33.0151 9.2195 51.1957 62.0081 2.2361 27.074 34.9285 51.0392 47.1699 25.0799 32.249 33.0151 31.5753 16.4924 45.9674 50.0 38.2884 32.0156 12.53 41.6173 30.4138 29.7321 32.311 62.9682 58.258 48.2597 
50.6063 0.0 63.2851 78.2432 37.3631 22.3607 59.3043 109.0413 44.8219 25.632 56.0446 14.1421 118.6971 44.0114 43.6005 11.0454 40.1622 49.0918 43.6807 76.922 18.2483 77.4145 50.4876 96.566 68.6003 64.7765 80.7527 83.2166 28.2843 75.6637 95.7758 73.0274 86.267 78.8543 56.3028 92.6553 108.7244 101.5135 80.7775 61.7738 67.4463 71.4003 44.9222 64.2884 50.9902 32.3883 80.7775 69.2604 50.01 26.9258 45.6946 45.618 48.3735 94.3716 26.4008 31.1127 52.1728 21.5407 24.3516 19.2354 69.857 54.0833 32.3883 41.9762 50.636 24.6982 72.0069 61.0082 40.3113 64.0312 53.0848 83.0542 94.2603 32.5269 57.6975 59.4811 93.0054 110.4536 51.8845 31.9061 81.3204 22.6716 86.5332 72.7324 31.3847 47.1699 50.3587 63.5689 95.6033 66.4906 73.0 36.4966 58.1893 10.0499 30.0666 73.5459 39.5601 91.7824 62.0081 20.3961 
26.8701 63.2851 0.0 56.7539 60.9016 45.8803 4.0 62.6498 45.4533 61.7738 67.8823 68.0074 74.8465 31.1127 34.4093 62.2013 59.3633 30.4138 62.426 69.3542 67.082 14.1421 13.0384 39.6232 35.9026 16.0312 17.72 66.4831 35.0571 49.0306 56.8859 90.6091 55.0364 17.8045 64.3817 70.7107 61.2699 55.1543 30.8869 58.2495 24.0832 37.4833 62.2013 23.0217 20.6155 31.0161 66.4078 13.4164 14.5602 37.0135 24.1868 26.0768 80.7775 41.3401 47.4131 44.0114 13.0 45.2217 73.0068 70.5762 77.801 12.7279 32.8938 64.3506 19.105 46.0977 10.0 84.386 56.3028 49.6488 10.4403 20.2237 65.0077 43.4626 59.6657 23.2594 69.4622 70.6045 24.7588 50.5668 51.2445 53.2259 67.6831 18.0278 55.9464 59.6657 17.6918 15.2971 53.6004 76.6942 11.6619 29.5466 15.2643 53.2353 33.9559 12.7279 57.9828 36.1248 85.0412 68.4471 
36.3456 78.2432 56.7539 0.0 46.3249 76.6942 55.9017 40.05 33.4215 93.9415 34.7131 90.6973 45.2217 77.4145 37.6962 69.3109 42.72 34.9285 41.5933 17.0 67.4759 59.9416 54.0093 48.5489 20.8806 72.5672 58.8303 9.8489 60.7454 8.0623 24.0208 48.5077 12.0 52.1536 31.0483 15.5242 41.0 35.2278 86.977 20.2485 80.604 19.6977 40.2492 79.0759 71.007 58.5235 10.6301 69.9214 51.0 58.6941 43.566 41.7732 56.5155 41.1825 81.9329 47.4342 50.04 74.8465 68.5055 95.4149 33.7343 64.195 68.1542 44.7214 69.0072 79.1202 53.7122 50.0 40.8044 14.2127 58.1378 67.2309 16.4012 46.0435 25.632 34.2345 15.2315 35.4683 37.1214 46.6905 9.8489 85.0882 11.0454 42.9418 48.9183 36.2353 67.0075 41.4849 27.1662 35.2278 65.5515 68.2495 42.4264 71.5612 65.8027 51.4296 42.4382 89.0056 50.01 67.0075 
35.7351 37.3631 60.9016 46.3249 0.0 47.0744 57.4543 83.4865 18.0278 60.0083 18.6815 51.4198 90.802 60.5392 26.9258 26.5707 3.6056 32.28 6.3246 40.8044 22.2036 72.6154 49.4065 80.0062 45.2769 70.9366 74.3303 48.7955 36.7151 46.6154 68.1542 37.855 56.7979 69.6419 19.2354 58.7282 83.8153 76.922 88.7299 26.9072 77.0779 47.5184 7.6158 74.2496 60.959 38.0132 45.9674 72.4224 46.8722 33.121 36.7151 34.8855 20.0 75.1665 53.1507 18.4391 48.0208 45.1221 22.2036 56.5155 32.5576 58.7963 46.5296 5.099 59.4643 50.2195 65.5515 27.313 6.0828 33.1059 54.2033 80.1124 62.6817 18.3848 21.9317 43.9318 59.5483 81.4125 37.9473 11.4018 52.3927 53.2353 52.345 60.4152 7.2801 10.6301 58.0 52.2015 69.5701 29.2746 72.5603 49.3964 48.1041 35.0 42.9418 65.4599 4.1231 96.5194 28.2312 21.2603 
42.4382 22.3607 45.8803 76.6942 47.0744 0.0 42.1545 100.449 45.7056 17.8045 64.195 22.3607 111.3957 21.8403 39.0 28.3196 48.5077 42.5441 52.6118 80.2309 36.2353 59.7746 34.4819 83.2166 61.8547 44.0 63.5689 83.8153 16.1245 72.0069 89.4036 84.9294 81.9878 63.0714 63.0079 92.1141 99.7046 92.6553 59.0339 64.7765 45.7056 64.6375 53.4603 42.5793 30.0 19.2094 82.0061 49.163 35.2278 18.0278 35.609 36.6197 63.561 82.6196 6.0828 32.0624 37.4433 2.0 43.2782 24.6982 78.1025 34.7131 13.0 52.1728 30.0666 3.1623 55.5428 74.0405 47.1699 63.2456 35.4683 64.3273 91.2414 33.1361 62.2013 49.5782 91.9239 104.4031 42.8019 37.1214 77.026 8.6023 86.6487 59.0762 39.8121 54.0833 30.2655 50.6063 88.0909 75.2396 53.9351 16.4924 45.4533 14.8661 12.8062 57.6975 47.3814 70.4557 75.0 38.4187 
24.2074 59.3043 4.0 55.9017 57.4543 42.1545 0.0 64.4127 42.45 58.3095 65.1153 64.195 76.4853 28.4253 31.241 58.2151 56.0357 27.6586 59.203 67.7791 63.1506 18.1108 9.0554 42.45 35.2278 16.7631 21.587 65.5134 31.0644 48.3735 57.7235 87.9659 55.0364 21.095 61.7171 70.2567 63.1348 56.7979 33.0151 56.0803 24.7386 37.054 59.0339 23.1948 18.3576 27.0185 65.2534 15.6205 10.7703 33.0151 20.8087 22.8035 77.3886 43.6005 43.909 40.3113 9.434 41.4367 69.1231 66.8506 75.452 10.2956 29.1548 61.0328 16.6433 42.4853 13.4164 81.3941 53.0094 47.927 6.7082 24.1868 65.0692 39.8121 57.2014 21.8403 69.1158 71.7844 22.2036 46.9574 51.0098 49.6488 66.9104 19.7231 52.3259 56.6392 15.0 15.0333 54.7083 74.2024 15.2315 25.9422 13.6015 49.2544 30.0832 15.8114 54.6443 39.2046 82.0731 64.5368 
58.8982 109.0413 62.6498 40.05 83.4865 100.449 64.4127 0.0 67.1193 118.1905 74.5453 119.2057 12.3693 92.4392 65.4599 102.2155 80.0062 60.0 79.8123 55.3263 102.4158 56.2939 68.2422 28.0179 40.4969 77.1622 52.7731 44.5533 84.8646 37.108 16.0312 87.5728 28.0713 47.5395 70.7107 38.2753 2.2361 7.8102 84.7172 59.6825 84.4808 37.7359 78.5875 84.4334 82.7647 81.3204 47.3814 71.8401 66.4003 84.2912 65.0692 64.4438 96.1769 22.3607 104.2353 78.5493 64.405 99.0051 104.9238 123.2396 73.171 74.7061 88.7299 82.9699 81.0062 101.9804 54.0833 90.0222 77.4919 50.6952 69.9714 60.2993 28.1603 77.1751 64.9384 50.9117 36.0555 13.0384 58.0517 80.4984 31.5753 108.9771 41.9762 44.7214 84.1724 74.4648 79.2591 51.0392 13.9284 75.0267 65.0 87.0057 55.6058 100.4241 87.7838 50.9215 79.3788 81.0062 90.0056 102.4597 
18.868 44.8219 45.4533 33.4215 18.0278 45.7056 42.45 67.1193 0.0 61.9839 23.0217 57.4543 75.4718 52.6308 11.4018 36.1248 15.2971 15.2643 17.4642 34.5254 35.3553 55.9464 35.609 62.0 27.6586 57.6281 57.2713 38.9102 31.0 31.4006 52.4786 46.0435 42.0119 52.2015 20.1246 48.0208 67.2309 60.1664 75.0733 19.105 64.6375 30.0832 17.0 62.1289 50.0899 30.2655 36.7696 57.9828 32.6497 28.0713 22.0227 19.8494 36.4005 57.3149 51.4782 14.3178 33.2415 43.7379 37.9473 62.2656 35.1141 46.0435 40.1995 19.9249 48.3011 48.5077 48.7647 38.9487 12.1655 19.2094 40.6079 63.6318 49.5177 13.0 17.2627 26.2488 48.2597 66.6108 21.095 13.6015 37.2022 53.6004 42.0595 42.72 17.088 14.2127 46.5296 34.9285 53.2259 33.1059 57.0088 41.7732 31.3847 38.4708 37.054 48.3322 14.1421 81.5659 39.6232 35.3412 
60.2163 25.632 61.7738 93.9415 60.0083 17.8045 58.3095 118.1905 61.9839 0.0 78.2304 14.8661 129.1898 32.9848 56.356 35.9026 62.1289 60.208 66.0681 96.3016 43.6807 75.1532 51.4004 100.2098 79.6304 56.7539 79.1581 100.6578 33.8378 89.5545 107.2007 97.2522 99.6444 79.404 77.6466 109.252 117.4138 110.3902 69.0652 80.7775 56.3205 82.4197 67.1193 53.4603 43.3244 37.0135 98.6813 62.6418 52.4976 35.3553 53.4135 54.4059 73.5459 100.005 14.4222 47.8017 54.6717 19.4165 49.98 13.0 92.2659 49.6588 29.8329 65.0 44.0114 16.2788 71.6938 85.5862 61.4003 80.2309 51.6236 78.7718 108.7842 49.0408 77.666 67.3573 109.165 122.2007 60.6053 51.6236 94.6678 9.2195 103.6195 76.2168 53.0848 68.469 44.7772 68.0147 105.8915 89.1403 68.352 32.45 62.9682 25.02 30.4138 74.0945 61.2046 81.2219 86.5794 45.8803 
41.0122 56.0446 67.8823 34.7131 18.6815 64.195 65.1153 74.5453 23.0217 78.2304 0.0 70.0928 79.8123 74.6726 34.4093 45.2217 16.1245 37.4833 12.3693 24.2074 40.2492 77.201 58.6003 77.3692 42.0595 80.604 77.9359 34.0 51.6624 38.0 58.5491 23.0217 46.5296 72.2011 4.1231 43.909 75.326 69.0652 97.949 15.0 87.6584 43.4166 11.1803 85.1469 72.9452 51.8652 30.8869 80.7217 55.6058 48.2701 45.0 42.8019 21.8403 71.1969 70.2567 32.7567 56.0803 62.2013 38.6005 75.1864 14.0357 69.0652 61.4003 14.3178 71.1969 67.2681 70.0 17.4642 17.0294 25.318 63.6003 85.0 49.98 32.0156 10.198 46.6154 45.1774 69.9214 43.1393 27.074 43.1045 71.0 37.5899 62.2656 25.1794 10.198 69.4622 55.8032 61.131 11.0454 79.2465 63.5689 53.1507 53.2353 57.9741 69.0652 17.0294 103.9663 17.8885 38.9487 
60.3075 14.1421 68.0074 90.6973 51.4198 22.3607 64.195 119.2057 57.4543 14.8661 70.0928 0.0 129.4488 43.0465 54.4885 25.1794 54.1202 59.4138 57.7235 90.471 32.0156 82.0061 56.0803 104.2353 79.2086 66.1211 85.7263 96.2549 34.9857 87.4586 106.7755 87.0919 97.949 84.8646 70.214 105.4751 118.6971 111.5213 80.3057 75.1532 67.1193 82.0366 58.9406 64.0703 52.1536 38.9487 93.9415 71.4493 56.3649 35.0 54.4059 54.8179 62.1289 102.9272 23.0868 43.2666 58.6003 22.8035 37.4833 5.099 83.9524 57.0701 35.171 56.0892 52.345 23.0217 77.4919 75.0067 54.0833 76.5506 57.5674 86.6833 106.4002 44.6542 71.3092 68.6003 105.6882 121.6553 61.2209 45.1885 92.957 17.2627 99.4786 80.0625 45.2217 61.0328 52.6118 71.1969 106.1508 80.604 76.2955 38.833 65.8635 19.2094 34.176 79.4796 53.4509 92.0869 76.0066 34.0588 
69.3109 118.6971 74.8465 45.2217 90.802 111.3957 76.4853 12.3693 75.4718 129.1898 79.8123 129.4488 0.0 104.3168 75.1665 111.252 87.2353 70.0357 86.539 58.3095 110.7881 68.6586 79.925 40.05 50.2494 89.493 65.1153 47.2652 95.5877 44.2945 23.0217 90.0222 34.0147 59.9083 76.243 39.0128 14.1421 19.6977 97.0155 65.4599 96.8401 47.4236 85.235 96.7678 94.8103 92.1954 50.3587 84.2021 77.9359 94.7629 75.8222 75.0067 101.6514 34.7131 115.421 87.8009 76.0066 109.8772 112.712 133.6451 76.3217 86.764 100.0 89.6939 93.0215 113.0708 66.4078 94.0479 84.9706 57.6975 81.8841 72.5603 30.2655 86.4002 70.8378 61.8466 37.0 10.0499 68.6804 89.0449 38.4708 119.9708 44.1022 56.8595 92.2822 81.1542 91.2414 62.7694 23.3452 78.6384 77.3692 98.4733 67.1193 110.4536 98.8585 63.2456 86.764 93.0215 93.9042 110.6391 
41.1096 44.0114 31.1127 77.4145 60.5392 21.8403 28.4253 92.4392 52.6308 32.9848 74.6726 43.0465 104.3168 0.0 42.4264 48.2597 60.8276 43.0 64.846 85.2877 55.6058 43.2666 24.6982 70.7248 58.6941 23.7697 47.4342 86.093 23.8537 71.0211 84.309 97.17 79.555 48.8365 72.4224 92.7793 91.2688 84.7231 37.3363 70.859 24.0832 61.131 65.307 21.0238 10.8167 22.8473 85.0059 29.7321 27.2029 27.4591 34.0147 36.0 79.404 72.0069 20.0 42.4853 28.7924 22.4722 62.6259 44.1022 87.6413 18.3848 14.2127 65.3682 12.0416 20.2237 41.0366 87.7097 58.6003 66.0076 22.4722 46.0977 89.4986 42.9535 69.857 44.643 92.0706 98.8989 40.3113 49.2443 74.9533 26.0192 88.278 48.0104 53.535 64.622 13.4536 41.5933 81.8596 85.3815 35.7771 11.1803 37.6962 35.3553 17.8045 43.8406 59.4811 49.0408 88.5889 57.6281 
9.0554 43.6005 34.4093 37.6962 26.9258 39.0 31.241 65.4599 11.4018 56.356 34.4093 54.4885 75.1665 42.4264 0.0 37.1618 25.0599 6.0828 28.0179 43.0116 38.833 45.6946 24.2074 55.7315 25.0 46.2277 47.4342 45.1221 23.0868 33.2866 52.345 57.4282 43.6005 42.9535 31.3847 53.1413 65.192 57.9828 63.7024 28.4429 53.2541 27.8029 27.8029 50.774 39.0 21.2132 43.566 46.6905 21.2603 21.0238 10.6301 8.4853 46.5296 52.2015 44.2719 13.6015 21.9317 37.1618 43.1045 58.8982 46.0977 34.6699 31.1448 30.0167 37.1618 41.4367 38.6264 50.2096 21.9545 24.5153 29.2062 53.2259 52.4786 12.3693 27.8568 18.0278 52.9245 67.1789 11.1803 18.0278 38.6005 47.4236 47.8017 34.1321 23.1948 25.4558 35.3412 25.4951 52.0096 44.2945 46.0435 32.0156 21.1896 35.3553 28.4429 38.6005 23.7065 70.4344 50.9117 39.4588 
45.2217 11.0454 62.2013 69.3109 26.5707 28.3196 58.2151 102.2155 36.1248 35.9026 45.2217 25.1794 111.252 48.2597 37.1618 0.0 29.5466 43.0813 32.8938 66.7308 8.0623 76.0592 49.163 92.1792 61.7738 66.4078 79.0 73.6003 27.8927 67.4759 88.2326 62.0081 78.1025 76.2365 45.6946 83.2406 102.0833 94.8947 83.3847 51.8652 70.2638 64.4981 34.176 67.1193 53.3104 31.5753 71.0282 70.0928 48.0104 25.318 41.5933 41.0 37.6563 89.1964 33.6006 23.7065 50.0 26.8701 15.0 30.2655 58.9406 54.8179 34.8855 31.0483 52.5547 31.241 70.0071 50.04 30.0167 55.1543 52.6118 82.3893 85.5628 25.0599 47.5079 54.4059 83.7377 102.6158 46.8402 22.6274 73.2462 31.305 77.0065 69.0507 21.095 36.6742 51.8652 59.8415 88.5099 55.5428 72.8354 38.9102 54.5894 13.4536 31.7805 71.1126 29.0689 93.6056 51.0392 10.2956 
33.6155 40.1622 59.3633 42.72 3.6056 48.5077 56.0357 80.0062 15.2971 62.1289 16.1245 54.1202 87.2353 60.8276 25.0599 29.5466 0.0 30.0832 4.1231 37.4433 25.6125 70.6824 48.2701 77.0584 42.107 70.0357 72.2357 45.2548 37.1618 43.0813 64.622 36.6879 53.2259 67.3573 16.1555 55.1725 80.3617 73.4983 87.7838 23.3452 76.4199 44.2832 5.0 73.6614 60.6053 38.0789 42.45 71.218 45.607 33.6155 35.2278 33.2866 21.4709 72.0625 54.5894 18.3576 46.6154 46.5296 25.807 59.203 30.1496 57.9828 47.0106 5.0 59.0339 51.6236 63.561 26.9258 3.1623 29.5466 53.1507 78.2624 59.0762 18.0278 18.4391 41.4849 55.9732 77.8267 35.8469 11.7047 48.8467 55.0364 48.7955 57.9741 9.0554 7.2111 57.4891 49.98 66.0984 27.0185 71.0211 49.6488 46.0977 37.1214 43.4626 63.3246 1.4142 95.2103 27.7849 24.7588 
3.6056 49.0918 30.4138 34.9285 32.28 42.5441 27.6586 60.0 15.2643 60.208 37.4833 59.4138 70.0357 43.0 6.0828 43.0813 30.0832 0.0 32.6497 42.5793 44.911 40.7063 21.9317 49.6488 19.799 43.566 42.1545 43.1856 26.4197 29.5466 47.4236 60.3075 39.4462 37.3631 34.0588 50.448 59.6406 52.4309 60.6053 29.1548 51.0 22.6274 32.249 48.7545 38.0789 23.7697 42.0119 43.2782 18.7883 25.0 9.0554 7.0 51.4782 46.1736 47.4236 19.6469 18.868 40.8167 49.163 63.6553 48.0208 32.6956 33.2415 34.9285 36.1386 44.7214 33.541 54.037 26.9258 23.0217 26.8328 48.3735 48.7545 18.4391 29.6816 12.0 50.0 62.3699 5.831 24.0 34.4819 51.1077 45.5412 28.2843 29.0689 29.4109 34.2053 19.9249 46.7547 46.6154 41.8688 33.3766 16.1245 40.4599 31.0161 33.2415 28.7924 66.5282 54.6717 45.5412 
36.2353 43.6807 62.426 41.5933 6.3246 52.6118 59.203 79.8123 17.4642 66.0681 12.3693 57.7235 86.539 64.846 28.0179 32.8938 4.1231 32.6497 0.0 34.8281 28.3019 73.3553 51.6624 78.3135 43.0116 73.5391 74.7329 43.2782 41.2311 42.72 64.195 32.573 52.5547 69.6419 13.0384 53.2635 80.2808 73.5459 91.2414 21.6333 80.0562 45.0111 1.4142 77.3369 64.405 42.0595 40.3609 74.5185 48.9183 37.6962 38.4187 36.4005 18.9737 73.0068 58.6941 22.3607 49.8197 50.636 27.5862 62.8172 26.3059 61.5549 51.0784 3.1623 62.8013 55.7315 66.1891 23.0217 6.4031 29.1204 56.5862 81.0062 57.8014 21.9545 16.4012 43.6578 54.2033 76.9675 38.4708 15.8114 48.3839 59.0762 46.8615 60.0833 13.0 5.3852 61.2209 52.3927 65.9697 23.0868 74.0608 53.6656 48.7647 41.0488 47.5395 65.7951 5.3852 98.4073 23.8537 27.2029 
45.1221 76.922 69.3542 17.0 40.8044 80.2309 67.7791 55.3263 34.5254 96.3016 24.2074 90.471 58.3095 85.2877 43.0116 66.7308 37.4433 42.5793 34.8281 0.0 63.0079 74.6324 64.0312 65.5134 35.0 84.5044 74.027 11.0454 65.2763 24.2074 39.6232 32.249 28.1603 67.4759 21.9317 20.2485 56.5685 51.4198 100.1798 15.5242 92.358 34.7131 33.4215 90.4434 80.604 64.0312 8.0 82.7647 60.8769 62.514 51.6236 49.4975 45.1774 58.1808 85.9884 48.5077 60.4401 78.2624 62.2896 95.462 18.0278 74.7262 74.027 37.5366 78.6448 83.0241 67.9559 35.9026 36.7151 19.9249 68.6804 82.201 28.0713 47.2969 19.2354 46.0977 21.8403 48.2597 46.5725 45.31 26.8328 88.0738 14.3178 57.8014 45.6508 30.2324 76.6877 54.5894 43.4166 20.3961 79.2591 75.0267 54.231 72.111 71.1126 66.0303 37.7359 103.465 35.6931 62.0081 
47.5184 18.2483 67.082 67.4759 22.2036 36.2353 63.1506 102.4158 35.3553 43.6807 40.2492 32.0156 110.7881 55.6058 38.833 8.0623 25.6125 44.911 28.3019 63.0079 0.0 80.6226 54.1295 94.541 62.3939 72.6154 83.2947 70.7672 34.0147 66.5733 87.818 55.2268 77.1038 80.0062 41.3401 80.6226 102.4597 95.3415 89.8999 48.8365 76.9415 65.0 29.6816 73.8241 59.9416 37.3363 68.0147 75.8947 52.6118 31.0161 45.0 44.0454 30.1496 90.956 41.6173 25.318 54.4518 34.7131 7.0711 37.0 53.4883 60.7454 41.8808 25.9422 59.0339 39.2046 74.2428 43.0465 26.8701 53.6004 57.9741 87.2983 83.8689 26.4764 44.0454 56.7186 81.3204 101.789 49.366 21.9317 72.4017 39.3573 74.2765 72.1734 18.6011 32.8024 58.1808 63.0714 88.5494 49.98 78.1025 45.793 58.0086 21.4009 38.5876 75.06 25.4951 99.7246 44.0454 2.2361 
37.1214 77.4145 14.1421 59.9416 72.6154 59.7746 18.1108 56.2939 55.9464 75.1532 77.201 82.0061 68.6586 43.2666 45.6946 76.0592 70.6824 40.7063 73.3553 74.6324 80.6226 0.0 27.0185 29.9666 39.6611 22.2036 4.2426 69.7711 49.163 51.8845 54.1479 99.2472 55.3624 9.0 73.4098 72.111 54.5711 49.4975 29.0172 65.7647 28.6356 40.3113 72.9452 29.1548 32.45 45.0999 70.3278 16.1245 28.0713 51.0098 36.4005 37.9473 92.1358 33.9559 60.9262 56.7539 26.1725 59.203 86.3134 84.4334 85.5628 25.4951 46.8402 75.5844 31.3847 59.808 7.2111 94.3027 67.5426 55.9732 24.5153 7.8102 64.7611 56.0446 68.1175 30.6105 70.5195 66.1891 34.8855 62.9365 52.5547 66.8506 70.2638 17.0 68.3081 69.9714 30.4138 21.4009 50.01 84.9588 8.9443 43.3244 24.5967 67.3647 48.0521 8.6023 69.3542 29.0689 94.8683 81.8841 
18.9737 50.4876 13.0384 54.0093 49.4065 34.4819 9.0554 68.2422 35.609 51.4004 58.6003 56.0803 79.925 24.6982 24.2074 49.163 48.2701 21.9317 51.6624 64.0312 54.1295 27.0185 0.0 48.8262 34.3657 22.0227 30.2655 63.1981 22.2036 47.0956 59.6154 81.6088 55.109 28.7924 55.4707 69.0652 67.2012 60.4649 39.598 51.0784 29.1548 36.6742 51.6236 26.8328 17.0 18.1108 62.514 23.0217 3.1623 24.0 13.6015 15.8114 69.4046 48.7955 37.0135 31.7648 4.1231 33.541 60.1664 59.0339 69.8355 10.7703 21.6333 53.2635 15.0 35.2278 21.587 74.2765 45.3431 44.1475 5.0 33.2415 65.1153 31.3847 51.4782 20.2237 68.1836 74.2496 17.4642 38.5876 50.636 42.4382 65.0308 24.8395 43.909 49.5782 13.0 17.2047 57.2451 68.2642 24.0416 19.105 13.0 40.4475 21.9317 23.4094 46.8615 47.1699 75.0067 55.5428 
47.0744 96.566 39.6232 48.5489 80.0062 83.2166 42.45 28.0179 62.0 100.2098 77.3692 104.2353 40.05 70.7248 55.7315 92.1792 77.0584 49.6488 78.3135 65.5134 94.541 29.9666 48.8262 0.0 35.5106 51.9711 26.0 57.0088 69.3181 41.5933 31.9061 95.8541 38.9487 22.2036 73.2462 55.2268 26.0 22.8035 57.2713 62.9365 58.6003 33.9559 77.4145 59.0593 60.208 65.2993 58.8218 46.0652 48.0208 69.857 50.9215 51.2445 96.8762 7.8102 85.8021 69.2315 45.793 82.1523 98.732 107.5407 81.0247 52.345 70.4557 81.2219 58.7282 84.0536 29.8329 94.6414 74.027 52.2015 48.9183 32.7567 45.607 68.0661 67.1863 37.855 53.1507 39.8121 45.3542 73.437 38.833 91.2634 55.9732 24.1868 78.2304 73.5527 57.28 33.1059 26.9258 81.7068 38.9102 67.8012 38.4838 86.9253 70.4911 26.9072 76.0263 53.0 94.921 95.1893 
19.4165 68.6003 35.9026 20.8806 45.2769 61.8547 35.2278 40.4969 27.6586 79.6304 42.0595 79.2086 50.2494 58.6941 25.0 61.7738 42.107 19.799 43.0116 35.0 62.3939 39.6611 34.3657 35.5106 0.0 51.788 39.0512 30.6757 45.8039 13.1529 27.6586 61.9112 20.8806 32.5576 37.9473 35.0571 40.3113 33.121 66.1287 28.178 59.8415 2.8284 42.0476 58.4209 51.2445 42.72 30.8707 49.0408 31.5753 44.6878 26.4197 25.2389 61.4003 30.0 66.3702 38.0789 30.2655 60.2163 65.521 83.4506 47.4342 44.0114 51.4296 46.0 49.2544 63.8122 33.121 59.4643 39.2046 17.4929 38.0526 47.2017 30.8058 36.7151 31.9531 14.1421 34.0 42.638 19.2354 40.4969 16.2788 70.4557 31.7805 22.8035 44.643 38.1182 47.2652 20.6155 27.0185 47.5079 44.7772 50.6952 22.0 60.208 49.7393 31.0644 41.1947 68.6003 59.808 62.6259 
40.3113 64.7765 16.0312 72.5672 70.9366 44.0 16.7631 77.1622 57.6281 56.7539 80.604 66.1211 89.493 23.7697 46.2277 66.4078 70.0357 43.566 73.5391 84.5044 72.6154 22.2036 22.0227 51.9711 51.788 0.0 26.4008 82.2253 38.6264 64.9384 72.5603 103.6002 71.0634 29.9666 77.4209 86.7006 75.6108 69.9214 17.8045 72.4707 8.0623 53.4603 73.5527 7.2801 14.0 35.3412 82.0061 6.4031 25.0 41.6293 35.609 37.8021 90.9065 55.1543 43.4166 52.8015 24.6982 44.0454 79.2023 67.6018 91.586 12.2066 32.3883 75.0067 14.1421 43.1045 23.0868 96.2601 67.1789 64.622 17.0294 23.0217 81.0247 52.6308 73.2462 38.6005 85.4751 85.9069 38.4708 59.8164 67.2681 49.4975 83.5464 33.3766 65.0 71.5891 14.5602 31.257 69.0507 90.1388 13.4536 28.2843 30.3645 55.109 34.9285 26.2488 68.6222 27.2029 97.0 74.3236 
38.6264 80.7527 17.72 58.8303 74.3303 63.5689 21.587 52.7731 57.2713 79.1581 77.9359 85.7263 65.1153 47.4342 47.4342 79.0 72.2357 42.1545 74.7329 74.027 83.2947 4.2426 30.2655 26.0 39.0512 26.4008 0.0 68.6003 52.469 50.774 51.4782 99.6393 53.4883 6.7082 74.0608 70.3847 50.9902 46.1736 32.0624 65.9469 32.6497 39.4081 74.2496 33.2866 36.6197 48.3735 69.3397 20.2485 31.0161 54.1479 38.6394 40.025 93.6216 30.4138 64.8845 59.0339 29.0 62.9365 88.8144 88.2553 85.703 29.5296 50.5964 77.0779 35.5106 63.6946 9.0554 95.1893 69.0797 55.8659 28.1603 8.544 62.6418 58.2495 68.6003 31.3847 68.7095 63.0317 36.4005 65.0 50.9902 70.7743 68.884 16.2788 70.342 71.1196 34.4819 22.3607 47.1699 85.276 13.0384 47.1699 26.2488 70.7107 51.6624 8.9443 70.9366 30.6757 95.7183 84.4808 
45.0111 83.2166 66.4831 9.8489 48.7955 83.8153 65.5134 44.5533 38.9102 100.6578 34.0 96.2549 47.2652 86.093 45.1221 73.6003 45.2548 43.1856 43.2782 11.0454 70.7672 69.7711 63.1981 57.0088 30.6757 82.2253 68.6003 0.0 68.1542 17.8885 29.1204 43.1045 18.3576 61.9112 31.0644 10.0 45.8912 41.1096 96.7988 21.9317 90.2441 29.5466 41.8688 88.6454 80.1561 66.2873 3.1623 79.6994 60.1332 65.8027 52.0865 50.1597 55.5428 49.4065 89.2861 53.2259 59.3043 81.9085 70.8378 101.1187 29.0689 73.5527 76.1183 46.2277 78.1601 86.4002 63.561 46.8722 43.9318 20.6155 67.4759 77.026 17.0294 51.8941 26.9072 43.7379 11.1803 37.2156 46.0109 51.3128 18.3848 92.0272 3.6056 52.7731 52.6308 38.2099 76.1643 51.2445 33.2415 31.4006 75.3923 76.531 51.9711 77.3692 73.5459 61.2699 45.2769 98.8383 46.6905 70.0071 
26.4008 28.2843 35.0571 60.7454 36.7151 16.1245 31.0644 84.8646 31.0 33.8378 51.6624 34.9857 95.5877 23.8537 23.0868 27.8927 37.1618 26.4197 41.2311 65.2763 34.0147 49.163 22.2036 69.3181 45.8039 38.6264 52.469 68.1542 0.0 55.9017 73.4098 73.736 65.8635 50.6952 49.8197 76.2168 84.22 77.1038 55.9017 50.04 43.0465 48.6004 41.7852 39.9625 26.0768 4.1231 66.4906 42.2019 21.8403 3.6056 19.799 20.6155 55.6058 67.9559 21.1896 18.9737 24.0416 14.4222 40.7063 38.6005 65.1153 26.9258 9.8489 41.5933 25.0599 18.3848 43.7379 63.9531 35.1141 47.5395 25.02 55.0091 75.1332 19.6469 48.0937 33.9706 75.9605 88.4081 26.9072 25.4951 60.9016 24.6982 70.8802 45.1885 29.6816 41.4849 24.1661 36.2353 72.2496 62.5859 45.1774 12.8062 30.8869 18.2483 6.3246 45.3542 35.8469 65.7875 64.846 35.7771 
30.3645 75.6637 49.0306 8.0623 46.6154 72.0069 48.3735 37.108 31.4006 89.5545 38.0 87.4586 44.2945 71.0211 33.2866 67.4759 43.0813 29.5466 42.72 24.2074 66.5733 51.8845 47.0956 41.5933 13.1529 64.9384 50.774 17.8885 55.9017 0.0 21.5407 54.4243 10.6301 44.1022 34.0147 22.0 37.6563 31.1448 79.0569 23.0 72.9932 11.7047 41.4849 71.5681 64.0703 53.3104 18.6011 62.0967 44.1814 54.2033 37.6431 36.0555 59.3043 34.5398 76.9675 44.5533 43.0465 70.2353 68.4251 92.0054 39.5601 57.0088 62.6259 45.8803 62.0725 74.2496 45.6946 54.4518 40.7185 13.6015 51.0 59.1692 19.2354 43.1393 28.0713 27.0 21.095 35.2278 30.8058 45.0 5.831 80.5295 18.6815 34.8855 48.0208 37.3631 60.075 33.7343 23.3452 40.5216 57.5847 62.3618 35.0571 68.2495 60.5392 43.382 42.5441 80.9506 54.5894 66.3702 
47.0106 95.7758 56.8859 24.0208 68.1542 89.4036 57.7235 16.0312 52.4786 107.2007 58.5491 106.7755 23.0217 84.309 52.345 88.2326 64.622 47.4236 64.195 39.6232 87.818 54.1479 59.6154 31.9061 27.6586 72.5603 51.4782 29.1204 73.4098 21.5407 0.0 71.8471 12.0416 45.1774 54.7449 24.4131 17.0294 12.083 83.1505 43.7379 80.399 24.8395 62.9365 79.7621 75.5844 70.214 31.7805 68.1175 57.2713 72.3464 53.8238 52.8015 80.2309 24.1868 93.7443 64.8151 55.5428 87.8009 89.8999 111.072 57.3149 67.72 78.5493 67.3573 73.6817 91.2634 50.04 74.0068 62.2415 35.1141 62.2977 59.8415 14.2127 63.4114 49.0306 40.3113 22.2036 15.0 46.6154 66.0379 15.8114 98.0051 26.9258 39.2046 69.3542 58.8218 71.7844 43.0116 5.0 59.0762 62.0 77.4145 46.6154 87.6926 77.1038 47.0106 64.0781 81.7863 74.0 87.7097 
63.7809 73.0274 90.6091 48.5077 37.855 84.9294 87.9659 87.5728 46.0435 97.2522 23.0217 87.0919 90.0222 97.17 57.4282 62.0081 36.6879 60.3075 32.573 32.249 55.2268 99.2472 81.6088 95.8541 61.9112 103.6002 99.6393 43.1045 73.736 54.4243 71.8471 0.0 60.208 93.6002 26.2488 51.0882 88.8144 83.5464 120.8801 33.8378 110.6797 62.6498 31.9531 108.1665 95.8801 74.3236 40.1995 103.5857 78.6003 70.2282 68.0074 65.8027 26.2488 88.955 91.0055 54.7814 79.0253 82.9759 50.9902 92.1358 14.8661 92.0869 83.5703 32.7567 94.1541 88.0738 92.0978 12.3693 38.6264 44.4185 86.6083 107.0561 60.0333 54.231 31.1448 68.6804 53.0377 80.0062 65.8559 48.3839 58.2409 90.934 46.0109 83.6002 45.1221 32.6497 92.4392 77.8974 75.505 14.4222 101.8332 86.0058 75.6637 72.4431 80.0562 90.9065 37.9473 126.5899 11.4018 53.3385 
39.8121 86.267 55.0364 12.0 56.7979 81.9878 55.0364 28.0713 42.0119 99.6444 46.5296 97.949 34.0147 79.555 43.6005 78.1025 53.2259 39.4462 52.5547 28.1603 77.1038 55.3624 55.109 38.9487 20.8806 71.0634 53.4883 18.3576 65.8635 10.6301 12.0416 60.208 0.0 46.8188 42.7551 17.0 29.0 23.3452 83.7437 31.7805 79.1012 18.4391 51.264 78.0064 71.8471 63.0635 20.6155 67.4759 52.3927 64.3506 47.0106 45.618 68.2495 31.241 86.7698 55.1543 50.9902 80.2621 78.7718 102.45 45.5412 64.3817 72.0902 55.7136 69.8713 84.119 50.01 62.0 51.0 23.7065 58.5491 62.0322 10.0499 53.7401 37.108 34.9285 15.2315 24.6982 39.9249 55.6058 5.0 90.5539 17.0294 38.833 58.5235 47.1699 67.897 40.0125 15.2971 47.1699 62.1691 71.5122 42.4264 78.7464 70.214 47.2969 52.7731 84.1546 62.0081 76.8505 
33.9559 78.8543 17.8045 52.1536 69.6419 63.0714 21.095 47.5395 52.2015 79.404 72.2011 84.8646 59.9083 48.8365 42.9535 76.2365 67.3573 37.3631 69.6419 67.4759 80.0062 9.0 28.7924 22.2036 32.5576 29.9666 6.7082 61.9112 50.6952 44.1022 45.1774 93.6002 46.8188 0.0 68.2642 63.6946 45.8803 40.6079 38.0132 59.8164 37.0 32.8024 69.0797 37.1618 38.1838 46.5725 62.6817 24.3516 28.8617 51.9711 35.0143 36.1248 88.6002 25.2982 65.0 55.2268 26.6833 62.2415 85.2115 87.7268 79.511 30.4795 50.0899 72.111 36.7967 63.5295 7.8102 89.5545 64.195 49.5782 27.7849 15.2315 56.0446 54.3323 62.6817 26.0 62.0322 57.2189 31.7805 60.8276 44.2832 70.7107 62.1772 10.0 66.0984 65.7951 35.4683 17.4642 41.0122 79.2023 17.4642 47.0106 22.0907 68.884 50.6952 5.3852 66.0984 37.3363 90.05 81.0555 
37.5366 56.3028 64.3817 31.0483 19.2354 63.0079 61.7171 70.7107 20.1246 77.6466 4.1231 70.214 76.243 72.4224 31.3847 45.6946 16.1555 34.0588 13.0384 21.9317 41.3401 73.4098 55.4707 73.2462 37.9473 77.4209 74.0608 31.0644 49.8197 34.0147 54.7449 26.2488 42.7551 68.2642 0.0 41.0488 71.4493 65.123 94.6414 11.0454 84.5991 39.2938 11.6619 82.1523 70.214 49.7293 28.0179 77.3369 52.4309 46.5296 41.8808 39.6611 25.4951 67.082 69.029 31.1448 52.8015 61.0082 40.3609 75.2861 15.2971 66.0379 59.439 15.6205 68.4251 66.0303 66.2193 21.5407 16.2788 21.2132 60.4649 81.2158 46.6154 30.2655 6.0828 42.8019 42.19 66.4078 39.6232 26.0768 39.2046 70.1142 34.6699 58.3095 25.0 9.2195 66.6483 52.0096 57.2189 13.0 75.6637 61.4003 49.5177 52.7731 56.0892 65.215 16.7631 100.4092 21.9317 40.2244 
51.788 92.6553 70.7107 15.5242 58.7282 92.1141 70.2567 38.2753 48.0208 109.252 43.909 105.4751 39.0128 92.7793 53.1413 83.2406 55.1725 50.448 53.2635 20.2485 80.6226 72.111 69.0652 55.2268 35.0571 86.7006 70.3847 10.0 76.2168 22.0 24.4131 51.0882 17.0 63.6946 41.0488 0.0 39.9249 36.3593 100.1699 31.8277 94.7629 33.2415 51.8556 93.4345 86.0523 74.0405 13.0384 83.5464 66.1211 74.0945 59.0339 57.2713 65.307 47.4236 97.4064 62.2656 65.0308 90.2497 80.8084 110.2769 37.855 79.0063 83.678 56.2228 84.0536 94.578 66.4831 56.0446 53.7587 29.0689 73.0 78.924 10.2956 60.9016 36.8782 49.0 2.2361 29.0689 52.469 60.803 19.6469 100.4639 6.4031 55.3624 62.3699 48.1664 82.0549 55.4437 29.2062 40.5216 78.5875 83.7437 57.0351 86.4523 81.3204 63.8905 55.1543 101.0198 55.7853 79.9062 
58.4123 108.7244 61.2699 41.0 83.8153 99.7046 63.1348 2.2361 67.2309 117.4138 75.326 118.6971 14.1421 91.2688 65.192 102.0833 80.3617 59.6406 80.2808 56.5685 102.4597 54.5711 67.2012 26.0 40.3113 75.6108 50.9902 45.8912 84.22 37.6563 17.0294 88.8144 29.0 45.8803 71.4493 39.9249 0.0 7.2111 82.8734 60.407 82.8613 37.5899 79.0759 82.8734 81.4923 80.6226 48.6621 70.214 65.437 83.7377 64.4438 63.8905 96.8762 20.6155 103.3925 78.3901 63.4114 98.2904 105.1095 122.6744 74.3303 73.4302 87.8635 83.4326 79.7559 101.1781 52.5547 91.0 77.7946 51.1957 68.7968 58.4209 29.7321 77.026 65.6201 50.2494 37.6962 15.2643 57.4891 80.5295 32.249 108.2081 43.4166 43.4166 84.309 74.9533 78.032 50.0 14.3178 76.1052 63.3246 86.0523 54.6717 100.0 87.0 49.3964 79.6994 79.0 91.0055 102.5524 
51.225 101.5135 55.1543 35.2278 76.922 92.6553 56.7979 7.8102 60.1664 110.3902 69.0652 111.5213 19.6977 84.7231 57.9828 94.8947 73.4983 52.4309 73.5459 51.4198 95.3415 49.4975 60.4649 22.8035 33.121 69.9214 46.1736 41.1096 77.1038 31.1448 12.083 83.5464 23.3452 40.6079 65.123 36.3593 7.2111 0.0 78.2304 54.0833 77.3692 30.4138 72.3671 77.201 75.1332 73.5391 43.6807 64.7611 58.6003 76.5768 57.3149 56.7274 90.4489 16.0312 96.4261 71.1969 56.6127 91.2195 98.0816 115.5206 68.884 67.082 80.9197 76.6877 73.3553 94.1754 46.8402 85.0941 70.8802 44.5533 62.2656 54.0093 26.0768 69.8355 59.2115 43.1393 34.1321 17.1172 50.3289 73.4098 26.0 101.1781 39.0 37.1618 77.2528 68.2495 71.5891 43.2666 8.0623 70.4557 58.0517 79.2023 47.8017 92.8009 79.9812 43.6807 72.8011 75.2396 85.1469 95.462 
57.2014 80.7775 30.8869 86.977 88.7299 59.0339 33.0151 84.7172 75.0733 69.0652 97.949 80.3057 97.0155 37.3363 63.7024 83.3847 87.7838 60.6053 91.2414 100.1798 89.8999 29.0172 39.598 57.2713 66.1287 17.8045 32.0624 96.7988 55.9017 79.0569 83.1505 120.8801 83.7437 38.0132 94.6414 100.1699 82.8734 78.2304 0.0 89.0449 13.3417 67.3573 91.2195 16.4924 30.0832 52.8394 96.933 17.4929 42.45 59.0593 53.0754 55.2268 108.706 62.3939 57.2189 70.6045 41.8688 59.439 96.6023 81.0247 108.4666 30.0 48.7032 92.7631 30.8707 57.5587 33.7343 113.864 84.8999 80.5295 34.6554 24.5153 93.3809 70.4344 90.2109 54.1202 98.7168 95.0842 55.2178 77.6209 80.5233 63.1269 97.719 44.911 82.801 89.1403 31.7648 45.6946 79.0253 107.2007 21.587 44.5982 46.1411 71.4703 51.6236 36.4966 86.3713 12.3693 114.5862 91.6788 
32.2025 61.7738 58.2495 20.2485 26.9072 64.7765 56.0803 59.6825 19.105 80.7775 15.0 75.1532 65.4599 70.859 28.4429 51.8652 23.3452 29.1548 21.6333 15.5242 48.8365 65.7647 51.0784 62.9365 28.178 72.4707 65.9469 21.9317 50.04 23.0 43.7379 33.8378 31.7805 59.8164 11.0454 31.8277 60.407 54.0833 89.0449 0.0 80.0562 29.1548 20.2485 77.8781 67.0522 49.0408 19.2094 71.5612 47.927 47.1699 37.9473 35.7351 36.4966 56.5155 70.5762 32.9848 47.8539 62.8013 49.0408 80.1124 19.799 61.8466 59.0339 24.6982 65.146 67.6018 58.6941 31.7805 22.0227 10.7703 55.9464 73.5527 36.2353 31.7805 5.3852 35.4683 32.6497 55.7136 34.0 29.9666 28.1603 72.5672 25.4558 49.8197 30.8058 16.4012 63.2456 44.5982 46.1736 19.4165 69.029 60.2993 43.0116 56.648 56.0 57.3149 23.3452 93.723 32.0156 48.0833 
47.8539 67.4463 24.0832 80.604 77.0779 45.7056 24.7386 84.4808 64.6375 56.3205 87.6584 67.1193 96.8401 24.0832 53.2541 70.2638 76.4199 51.0 80.0562 92.358 76.9415 28.6356 29.1548 58.6003 59.8415 8.0623 32.6497 90.2441 43.0465 72.9932 80.399 110.6797 79.1012 37.0 84.5991 94.7629 82.8613 77.3692 13.3417 80.0562 0.0 61.5224 80.1561 3.1623 17.0 40.2244 89.9889 12.6491 32.249 46.3249 42.72 44.9444 96.9381 62.2977 44.0454 58.7282 32.2025 46.0977 83.7257 68.0074 98.9798 18.6011 35.4683 81.3449 18.0278 44.2832 30.5941 102.9417 73.6614 72.45 24.1868 27.6586 89.0505 58.6941 80.6226 46.5725 93.5361 93.5575 46.0977 65.7951 75.326 50.01 91.5915 41.1947 70.8378 78.4092 19.2094 39.3192 76.7919 97.4166 19.6977 31.3847 38.3275 58.1893 38.4838 33.7343 75.0067 25.0 103.7111 78.7718 
22.2036 71.4003 37.4833 19.6977 47.5184 64.6375 37.054 37.7359 30.0832 82.4197 43.4166 82.0366 47.4236 61.131 27.8029 64.4981 44.2832 22.6274 45.0111 34.7131 65.0 40.3113 36.6742 33.9559 2.8284 53.4603 39.4081 29.5466 48.6004 11.7047 24.8395 62.6498 18.4391 32.8024 39.2938 33.2415 37.5899 30.4138 67.3573 29.1548 61.5224 0.0 44.0 60.208 53.4603 45.4863 30.0167 50.448 33.9559 47.5079 29.1548 28.0179 63.1981 28.0713 69.1158 40.8167 32.5576 63.0079 68.0074 86.2786 48.0208 46.0977 54.1202 48.0416 51.4782 66.5733 34.0147 60.7289 41.4367 18.3848 40.1995 47.7074 28.4429 39.4462 33.2415 16.4924 32.0624 39.8246 21.9545 43.0813 14.0357 73.2393 30.3645 23.3238 47.1275 40.0125 49.4975 22.2036 24.2074 48.3011 45.8803 53.3104 24.0832 63.0317 52.4786 31.7648 43.4166 69.3542 61.0328 65.192 
35.8469 44.9222 62.2013 40.2492 7.6158 53.4603 59.0339 78.5875 17.0 67.1193 11.1803 58.9406 85.235 65.307 27.8029 34.176 5.0 32.249 1.4142 33.4215 29.6816 72.9452 51.6236 77.4145 42.0476 73.5527 74.2496 41.8688 41.7852 41.4849 62.9365 31.9531 51.264 69.0797 11.6619 51.8556 79.0759 72.3671 91.2195 20.2485 80.1561 44.0 0.0 77.4661 64.6375 42.4853 38.9487 74.411 48.8365 38.2753 38.2884 36.2353 19.6469 72.0278 59.5399 22.8473 49.679 51.4782 29.0 64.0312 25.1794 61.6198 51.6236 4.4721 63.0079 56.5685 65.7647 22.8035 6.7082 27.8927 56.5685 80.6226 56.4358 22.3607 15.0 43.0813 52.8015 75.6439 38.0789 16.4924 47.1275 60.0333 45.4533 59.4643 14.0357 4.1231 61.4003 51.8941 64.7611 22.0227 73.8173 54.1295 48.3735 42.107 48.1041 65.307 6.0828 98.2344 23.6008 28.6007 
45.6946 64.2884 23.0217 79.0759 74.2496 42.5793 23.1948 84.4334 62.1289 53.4603 85.1469 64.0703 96.7678 21.0238 50.774 67.1193 73.6614 48.7545 77.3369 90.4434 73.8241 29.1548 26.8328 59.0593 58.4209 7.2801 33.2866 88.6454 39.9625 71.5681 79.7621 108.1665 78.0064 37.1618 82.1523 93.4345 82.8734 77.201 16.4924 77.8781 3.1623 60.208 77.4661 0.0 13.8924 37.2022 88.295 13.0384 29.9666 43.2666 40.3113 42.5441 94.0691 62.3939 41.0122 55.8659 30.0832 42.9535 80.6226 65.0308 96.6488 16.1245 32.311 78.5684 15.0 41.1947 30.3645 100.2646 70.9366 70.5195 21.9317 29.0 88.0 55.8659 78.2943 44.911 92.2659 93.1719 44.0114 62.9365 74.108 47.0 90.0944 40.6079 67.9412 75.8024 16.2788 38.0526 76.2955 95.0158 20.2485 28.2312 36.6742 55.0273 35.3412 33.5261 72.2496 28.0179 101.0445 75.6637 
35.5106 50.9902 20.6155 71.007 60.959 30.0 18.3576 82.7647 50.0899 43.3244 72.9452 52.1536 94.8103 10.8167 39.0 53.3104 60.6053 38.0789 64.405 80.604 59.9416 32.45 17.0 60.208 51.2445 14.0 36.6197 80.1561 26.0768 64.0703 75.5844 95.8801 71.8471 38.1838 70.214 86.0523 81.4923 75.1332 30.0832 67.0522 17.0 53.4603 64.6375 13.8924 0.0 23.4307 79.404 19.4165 20.025 29.4109 29.1204 31.3209 80.6226 61.8547 29.6142 42.5206 21.0238 30.0666 66.7308 53.7587 85.0882 8.0623 18.6815 65.437 2.0 29.1548 30.4138 87.4185 58.0086 60.8276 13.3417 35.4683 81.8841 42.638 66.8506 37.1214 85.1469 89.8888 34.2345 49.5782 67.4759 35.6931 82.0244 38.0789 54.4518 63.2851 4.0 32.573 72.8011 83.1925 25.0799 14.5602 29.4279 41.4849 21.5407 33.3017 59.203 40.7922 88.2326 61.7738 
23.3238 32.3883 31.0161 58.5235 38.0132 19.2094 27.0185 81.3204 30.2655 37.0135 51.8652 38.9487 92.1954 22.8473 21.2132 31.5753 38.0789 23.7697 42.0595 64.0312 37.3363 45.0999 18.1108 65.2993 42.72 35.3412 48.3735 66.2873 4.1231 53.3104 70.214 74.3236 63.0635 46.5725 49.7293 74.0405 80.6226 73.5391 52.8394 49.0408 40.2244 45.4863 42.4853 37.2022 23.4307 0.0 64.7765 38.6005 17.72 6.3246 16.4012 17.4929 57.3847 64.0703 23.7065 19.7231 19.9249 17.6918 43.8634 42.4382 65.0 23.4094 10.0 42.72 22.2036 21.095 39.6232 65.0 35.7771 45.7056 21.095 51.0392 72.4983 20.1246 47.5184 30.4138 73.6817 85.2115 23.6008 26.6271 58.1378 27.8029 68.884 41.1461 31.241 41.7852 21.095 32.249 68.884 62.6418 41.3038 11.7047 26.9258 22.3607 7.2801 41.2311 36.7151 62.3939 65.8635 39.0 
44.0454 80.7775 66.4078 10.6301 45.9674 82.0061 65.2534 47.3814 36.7696 98.6813 30.8869 93.9415 50.3587 85.0059 43.566 71.0282 42.45 42.0119 40.3609 8.0 68.0147 70.3278 62.514 58.8218 30.8707 82.0061 69.3397 3.1623 66.4906 18.6011 31.7805 40.1995 20.6155 62.6817 28.0179 13.0384 48.6621 43.6807 96.933 19.2094 89.9889 30.0167 38.9487 88.295 79.404 64.7765 0.0 79.712 59.4138 64.0312 51.0 49.0102 52.3927 51.3128 87.5557 51.0784 58.6941 80.0812 67.9412 98.8383 26.0192 72.9932 74.6726 43.2782 77.4145 84.6463 63.9531 43.7379 41.2311 19.105 66.9104 77.6981 20.0998 49.7695 24.0416 43.4166 14.3178 40.3113 45.1774 48.8774 20.0 90.1388 6.7082 53.3385 50.0 35.3553 75.4255 51.264 35.7351 28.2843 75.6439 75.2396 51.6624 75.1532 72.0069 61.7738 42.5206 99.363 43.566 67.2086 
39.8246 69.2604 13.4164 69.9214 72.4224 49.163 15.6205 71.8401 57.9828 62.6418 80.7217 71.4493 84.2021 29.7321 46.6905 70.0928 71.218 43.2782 74.5185 82.7647 75.8947 16.1245 23.0217 46.0652 49.0408 6.4031 20.2485 79.6994 42.2019 62.0967 68.1175 103.5857 67.4759 24.3516 77.3369 83.5464 70.214 64.7611 17.4929 71.5612 12.6491 50.448 74.411 13.0384 19.4165 38.6005 79.712 0.0 25.6125 44.9222 36.1248 38.2099 92.4175 49.6488 49.0306 54.7083 24.7588 49.0408 82.28 73.1642 91.022 15.2971 37.0135 76.2168 19.105 48.5077 18.1108 96.8969 68.2495 63.0635 18.3576 16.6433 77.3175 54.3783 72.8011 36.6742 82.201 81.0494 37.8021 61.5873 63.9531 55.109 80.7775 29.0 66.888 72.1388 19.0 28.4605 64.3817 89.8109 7.2111 33.0 28.6531 59.4138 39.2046 21.2132 69.814 24.1868 97.591 77.4919 
15.8114 50.01 14.5602 51.0 46.8722 35.2278 10.7703 66.4003 32.6497 52.4976 55.6058 56.3649 77.9359 27.2029 21.2603 48.0104 45.607 18.7883 48.9183 60.8769 52.6118 28.0713 3.1623 48.0208 31.5753 25.0 31.0161 60.1332 21.8403 44.1814 57.2713 78.6003 52.3927 28.8617 52.4309 66.1211 65.437 58.6003 42.45 47.927 32.249 33.9559 48.8365 29.9666 20.025 17.72 59.4138 25.6125 0.0 23.1948 10.6301 12.8062 66.8506 47.5079 38.2099 29.5466 2.2361 34.1321 58.4637 59.5399 66.7308 13.9284 22.6716 50.6063 18.0278 36.2353 22.0907 71.4213 42.638 41.0 8.0623 34.7131 62.3699 29.0689 48.3735 17.4642 65.2763 72.0069 14.3178 36.2353 47.8539 43.4166 62.0081 23.8537 41.5933 46.6905 16.0312 15.5563 55.0727 65.192 26.0 20.6155 10.8167 40.025 22.4722 23.5372 44.2041 49.6488 72.1388 53.9351 
25.4558 26.9258 37.0135 58.6941 33.121 18.0278 33.0151 84.2912 28.0713 35.3553 48.2701 35.0 94.7629 27.4591 21.0238 25.318 33.6155 25.0 37.6962 62.514 31.0161 51.0098 24.0 69.857 44.6878 41.6293 54.1479 65.8027 3.6056 54.2033 72.3464 70.2282 64.3506 51.9711 46.5296 74.0945 83.7377 76.5768 59.0593 47.1699 46.3249 47.5079 38.2753 43.2666 29.4109 6.3246 64.0312 44.9222 23.1948 0.0 19.4165 19.8494 52.0096 68.0955 23.5372 15.5242 25.318 16.1555 37.5766 38.9487 61.8142 29.7321 13.4164 38.0132 28.3019 20.6155 45.2769 60.3738 31.6228 45.2217 27.2947 57.1402 73.4302 16.2788 45.0111 33.6006 73.9256 87.3212 26.2488 21.9317 59.3633 26.4008 68.6222 45.8803 26.0768 38.0789 27.2947 36.7696 71.4213 59.2284 47.5184 16.4012 31.3847 17.088 9.8489 46.6905 32.311 68.7095 61.2699 32.6956 
7.2801 45.6946 24.1868 43.566 36.7151 35.609 20.8087 65.0692 22.0227 53.4135 45.0 54.4059 75.8222 34.0147 10.6301 41.5933 35.2278 9.0554 38.4187 51.6236 45.0 36.4005 13.6015 50.9215 26.4197 35.609 38.6394 52.0865 19.799 37.6431 53.8238 68.0074 47.0106 35.0143 41.8808 59.0339 64.4438 57.3149 53.0754 37.9473 42.72 29.1548 38.2884 40.3113 29.1204 16.4012 51.0 36.1248 10.6301 19.4165 0.0 2.2361 56.6039 48.7647 39.9625 20.3961 11.4018 34.0588 50.2494 58.258 56.356 24.1868 25.0799 40.2244 27.2029 37.4433 29.6142 60.8112 32.2025 32.0624 18.6011 43.6578 56.648 19.6469 38.0132 14.2127 58.4637 68.8186 7.2111 26.5707 42.1545 44.2041 54.3323 27.4591 31.9531 36.0694 25.2982 18.2483 52.4976 54.7083 35.8469 24.7386 13.0384 36.2353 23.3238 30.1496 33.8378 60.0 61.5224 46.0435 
