20
0.0 17.0 19.105 7.2801 24.2074 21.095 14.1421 14.4222 12.7279 6.3246 18.0278 17.4642 19.0 16.4012 11.0454 2.0 20.2485 14.7648 12.0416 21.095 
17.0 0.0 6.3246 12.8062 8.0623 10.7703 6.0828 3.0 6.0828 13.4536 9.4868 4.4721 8.9443 2.8284 8.0623 16.1555 4.1231 9.434 7.0711 4.2426 
19.105 6.3246 0.0 17.088 6.0828 4.4721 12.0416 6.0828 6.4031 17.4642 15.8114 10.7703 15.2315 4.0 13.1529 17.6918 9.2195 6.0828 7.0711 5.831 
7.2801 12.8062 17.088 0.0 20.8087 20.3961 8.0623 11.1803 11.1803 1.0 11.0454 11.6619 12.1655 13.4164 5.0 8.0623 15.0 15.0 11.0454 17.0294 
24.2074 8.0623 6.0828 20.8087 0.0 8.544 13.9284 9.8995 11.6619 21.4009 16.0312 11.1803 15.0 7.8102 16.1245 23.0217 8.0 12.1655 12.53 4.1231 
21.095 10.7703 4.4721 20.3961 8.544 0.0 16.2788 10.0499 9.2195 20.6155 20.2485 15.2315 19.6977 8.2462 17.0 19.4165 13.6015 6.4031 9.4868 9.8995 
14.1421 6.0828 12.0416 8.0623 13.9284 16.2788 0.0 6.3246 8.6023 8.9443 5.0 3.6056 5.3852 8.0623 3.1623 14.0 7.0711 13.0384 9.2195 9.8489 
14.4222 3.0 6.0828 11.1803 9.8995 10.0499 6.3246 0.0 3.1623 11.6619 10.8167 6.4031 10.6301 2.2361 7.0711 13.4164 7.0711 7.0711 4.1231 6.7082 
12.7279 6.0828 6.4031 11.1803 11.6619 9.2195 8.6023 3.1623 0.0 11.4018 13.4536 9.434 13.4536 4.1231 8.2462 11.4018 10.198 4.4721 1.0 9.2195 
6.3246 13.4536 17.4642 1.0 21.4009 20.6155 8.9443 11.6619 11.4018 0.0 12.0416 12.53 13.1529 13.8924 5.831 7.2111 15.8114 15.0333 11.1803 17.6918 
18.0278 9.4868 15.8114 11.0454 16.0312 20.2485 5.0 10.8167 13.4536 12.0416 0.0 5.099 1.4142 12.083 7.2801 18.2483 8.0623 17.8045 14.1421 12.0 
17.4642 4.4721 10.7703 11.6619 11.1803 15.2315 3.6056 6.4031 9.434 12.53 5.099 0.0 4.4721 7.2111 6.7082 17.1172 3.6056 13.4536 10.2956 7.0711 
19.0 8.9443 15.2315 12.1655 15.0 19.6977 5.3852 10.6301 13.4536 13.1529 1.4142 4.4721 0.0 11.6619 8.0623 19.105 7.0 17.6918 14.2127 11.0454 
16.4012 2.8284 4.0 13.4164 7.8102 8.2462 8.0623 2.2361 4.1231 13.8924 12.083 7.2111 11.6619 0.0 9.2195 15.2643 6.7082 6.7082 5.099 5.099 
11.0454 8.0623 13.1529 5.0 16.1245 17.0 3.1623 7.0711 8.2462 5.831 7.2801 6.7082 8.0623 9.2195 0.0 11.0454 10.0 12.6491 8.544 12.2066 
2.0 16.1555 17.6918 8.0623 23.0217 19.4165 14.0 13.4164 11.4018 7.2111 18.2483 17.1172 19.105 15.2643 11.0454 0.0 19.6469 13.0384 10.6301 20.1246 
20.2485 4.1231 9.2195 15.0 8.0 13.6015 7.0711 7.0711 10.198 15.8114 8.0623 3.6056 7.0 6.7082 10.0 19.6469 0.0 13.4164 11.1803 4.1231 
14.7648 9.434 6.0828 15.0 12.1655 6.4031 13.0384 7.0711 4.4721 15.0333 17.8045 13.4536 17.6918 6.7082 12.6491 13.0384 13.4164 0.0 4.1231 11.1803 
12.0416 7.0711 7.0711 11.0454 12.53 9.4868 9.2195 4.1231 1.0 11.1803 14.1421 10.2956 14.2127 5.099 8.544 10.6301 11.1803 4.1231 0.0 10.198 
21.095 4.2426 5.831 17.0294 4.1231 9.8995 9.8489 6.7082 9.2195 17.6918 12.0 7.0711 11.0454 5.099 12.2066 20.1246 4.1231 11.1803 10.198 0.0 
