10
0 12.0416 10.8167 7.2111 3.60555 17.2627 3.16228 7.07107 14.0357 11.0454
12.0416 0 7.61577 6.7082 10.7703 6.40312 11.1803 5.38516 2.82843 1
10.8167 7.61577 0 10.4403 7.61577 8.544 12.0416 5.38516 7.07107 7.28011
7.2111 6.7082 10.4403 0 8.06226 13.0384 5.09902 5.09902 9.43398 5.83095
3.60555 10.7703 7.61577 8.06226 0 15 6.08276 5.38516 12.1655 9.84886
17.2627 6.40312 8.544 13.0384 15 0 17.088 10.198 3.60555 7.2111
3.16228 11.1803 12.0416 5.09902 6.08276 17.088 0 7.2111 13.6015 10.198
7.07107 5.38516 5.38516 5.09902 5.38516 10.198 7.2111 0 7 4.47214
14.0357 2.82843 7.07107 9.43398 12.1655 3.60555 13.6015 7 0 3.60555
11.0454 1 7.28011 5.83095 9.84886 7.2111 10.198 4.47214 3.60555 0
