50
0.0 15.81 20.62 29.02 29.68 30.15 28.64 14.32 43.01 27.2 20.62 39.62 29.53 43.38 39.6 47.1 18.03 25.61 22.56 13.04 23.6 25.02 22.47 20.52 25.63 20.81 24.7 46.01 19.92 30.23 16.12 17.2 35.51 8.94 19.1 40.02 11.18 16.16 30.89 29.07 20.81 43.83 36.77 37.22 4.24 35.74 8.25 34.48 37.16 10.63
15.81 0.0 34.13 17.89 44.69 42.15 24.7 27.66 28.64 13.04 26.93 30.59 44.2 30.59 24.21 39.29 2.24 9.9 35.85 28.28 28.02 14.42 28.02 27.66 15.52 36.62 14.56 30.41 21.47 28.64 16.55 27.02 38.28 9.06 18.03 30.27 26.17 28.16 33.29 17.0 5.0 30.81 50.77 41.44 15.62 43.05 15.03 47.89 51.31 5.39
20.62 34.13 0.0 39.96 12.08 10.2 32.02 24.7 62.65 41.77 36.88 60.21 10.82 63.69 58.25 67.48 36.06 43.83 2.0 9.22 19.03 36.62 17.03 36.14 46.17 14.42 45.22 64.2 39.01 30.15 36.12 31.32 51.92 29.41 39.12 60.64 10.0 27.86 48.05 49.4 38.83 64.08 16.64 26.83 18.79 21.26 28.16 13.93 17.2 29.97
29.02 17.89 39.96 0.0 51.97 44.55 13.34 43.05 34.23 7.62 44.6 43.91 50.77 39.29 27.02 52.84 16.64 17.49 41.05 37.95 25.0 4.0 26.25 45.22 30.48 47.8 29.73 30.41 39.36 18.44 34.44 43.93 56.08 25.96 35.85 42.94 35.74 44.28 51.11 29.68 16.28 39.05 55.44 34.48 26.31 39.36 31.78 51.74 56.22 21.84
29.68 44.69 12.08 51.97 0.0 13.93 43.97 28.07 72.67 53.41 41.11 68.01 2.24 72.95 68.88 74.46 46.75 54.56 11.4 16.64 30.59 48.55 28.64 40.05 55.01 13.04 54.12 75.07 45.12 41.77 43.32 35.06 55.08 38.59 46.17 68.71 18.6 31.02 52.01 58.67 49.58 73.43 9.22 35.69 29.07 28.46 35.85 10.0 9.06 40.0
30.15 42.15 10.2 44.55 13.93 0.0 34.13 34.79 70.77 47.8 47.07 69.72 11.7 72.42 65.76 77.23 43.86 51.43 8.25 19.42 20.25 41.77 18.6 46.32 55.32 22.8 54.34 71.34 49.09 30.87 46.01 41.48 62.1 38.64 49.01 70.04 20.1 37.95 58.25 58.24 46.52 72.73 11.7 22.09 27.66 14.56 38.01 7.62 12.65 38.6
28.64 24.7 32.02 13.34 43.97 34.13 0.0 42.72 47.01 20.0 48.01 54.42 42.38 51.48 40.05 63.32 24.6 28.64 32.57 33.02 13.89 13.04 15.65 48.26 39.81 43.0 38.91 43.74 44.55 5.1 39.6 45.65 61.55 29.73 41.77 53.76 31.06 44.78 56.59 40.16 25.63 51.35 45.65 21.19 24.7 26.63 34.41 41.68 46.53 26.17
14.32 27.66 24.7 43.05 28.07 34.79 42.72 0.0 50.45 40.31 13.04 41.68 29.0 48.84 48.88 47.17 29.83 36.4 26.57 15.65 35.61 39.05 34.06 12.0 31.14 15.3 30.48 55.57 17.89 43.83 17.69 7.0 27.46 18.68 20.0 42.72 15.81 3.16 24.02 35.47 32.28 49.52 37.0 48.1 18.03 44.65 13.0 36.22 37.01 22.36
43.01 28.64 62.65 34.23 72.67 70.77 47.01 50.45 0.0 27.02 42.49 18.44 72.4 7.21 7.62 25.06 26.93 19.65 64.41 56.04 55.11 34.0 55.54 43.83 19.42 63.03 20.0 9.85 34.89 52.0 33.02 46.32 44.28 34.21 31.38 16.49 54.08 49.41 40.79 15.0 24.35 6.4 79.26 67.27 43.91 70.41 38.18 76.48 79.76 32.76
27.2 13.04 41.77 7.62 53.41 47.8 20.0 40.31 27.02 0.0 39.81 36.36 52.5 31.78 20.1 45.28 11.18 10.0 43.14 38.08 29.55 7.07 30.41 40.61 23.35 47.42 22.67 24.35 33.84 25.02 29.12 40.05 50.09 22.0 30.08 35.36 35.85 41.05 45.19 22.2 9.85 31.58 58.0 40.61 25.5 44.6 28.0 54.56 58.69 18.03
20.62 26.93 36.88 44.6 41.11 47.07 48.01 13.04 42.49 39.81 0.0 30.48 42.01 39.41 42.72 34.89 28.64 33.0 38.83 27.66 44.2 40.85 43.01 1.41 23.41 28.28 23.09 49.34 7.62 50.33 11.0 6.08 15.23 18.79 11.4 31.83 27.2 10.2 11.18 27.86 30.27 40.22 50.01 57.69 24.84 55.46 13.6 49.09 50.04 22.85
39.62 30.59 60.21 43.91 68.01 69.72 54.42 41.68 18.44 36.36 30.48 0.0 68.31 12.0 23.71 8.94 30.08 26.42 62.17 51.92 58.42 42.05 58.22 31.89 15.13 56.36 16.12 28.16 23.85 58.82 24.7 35.81 27.51 31.14 21.93 2.0 50.45 39.66 25.06 14.32 28.79 13.0 75.96 72.01 42.19 73.11 32.28 73.98 76.24 32.02
29.53 44.2 10.82 50.77 2.24 11.7 42.38 29.0 72.4 52.5 42.01 68.31 0.0 72.9 68.41 74.95 46.23 54.04 9.85 16.55 28.86 47.43 26.93 41.0 55.04 14.32 54.13 74.52 45.71 40.02 43.68 36.0 56.22 38.47 46.57 68.95 18.36 32.02 53.01 58.59 49.04 73.36 8.0 33.54 28.6 26.25 36.06 8.06 8.06 39.66
43.38 30.59 63.69 39.29 72.95 72.42 51.48 48.84 7.21 31.78 39.41 12.0 72.9 0.0 14.21 17.89 29.27 23.02 65.55 56.36 58.22 38.47 58.42 40.8 18.03 62.43 18.87 17.0 32.02 56.32 31.14 43.93 39.05 34.44 29.0 10.0 54.56 47.38 36.06 14.32 27.07 1.0 80.11 71.0 44.94 73.44 37.44 77.62 80.53 33.84
39.6 24.21 58.25 27.02 68.88 65.76 40.05 48.88 7.62 20.1 42.72 23.71 68.41 14.21 0.0 31.4 22.2 14.42 59.91 52.4 49.04 27.17 49.65 43.97 19.42 60.21 19.65 6.71 35.17 45.1 32.31 45.69 47.04 31.24 31.32 21.95 50.33 48.3 43.01 15.13 19.42 13.6 74.89 60.67 39.82 64.29 36.06 71.87 75.45 29.0
47.1 39.29 67.48 52.84 74.46 77.23 63.32 47.17 25.06 45.28 34.89 8.94 74.95 17.89 31.4 0.0 38.9 35.36 69.46 58.86 66.91 50.99 66.61 36.24 23.77 62.3 24.74 34.89 29.41 67.68 31.4 40.72 27.8 39.01 28.44 10.0 57.56 44.78 26.91 23.26 37.7 18.79 82.76 80.6 50.0 81.39 39.32 81.05 82.98 40.31
18.03 2.24 36.06 16.64 46.75 43.86 24.6 29.83 26.93 11.18 28.64 30.08 46.23 29.27 22.2 38.9 0.0 7.81 37.74 30.41 29.02 13.45 29.15 29.43 15.23 38.83 14.32 28.32 22.85 28.79 18.03 29.0 39.45 11.18 19.24 29.61 28.28 30.27 34.48 16.12 2.83 29.43 52.7 42.19 17.69 44.18 17.12 49.74 53.25 7.62
25.61 9.9 43.83 17.49 54.56 51.43 28.64 36.4 19.65 10.0 33.0 26.42 54.04 23.02 14.42 35.36 7.81 0.0 45.49 38.18 35.51 15.81 35.9 34.01 13.6 46.4 13.04 20.52 26.17 33.38 22.0 34.53 41.44 17.89 22.2 25.5 36.07 36.4 36.69 12.21 5.0 23.0 60.46 48.01 25.5 50.8 23.41 57.45 61.03 15.0
22.56 35.85 2.0 41.05 11.4 8.25 32.57 26.57 64.41 43.14 38.83 62.17 9.85 65.55 59.91 69.46 37.74 45.49 0.0 11.18 19.24 37.8 17.26 38.08 48.08 15.62 47.13 65.8 41.01 30.41 38.12 33.24 53.85 31.32 41.11 62.59 12.0 29.73 50.01 51.26 40.5 65.92 15.0 26.0 20.62 20.0 30.15 12.08 15.62 31.78
13.04 28.28 9.22 37.95 16.64 19.42 33.02 15.65 56.04 38.08 27.66 51.92 16.55 56.36 52.4 58.86 30.41 38.18 11.18 0.0 22.47 34.18 20.62 26.93 38.48 10.05 37.58 58.69 30.02 32.56 27.46 22.14 42.72 21.95 30.41 52.5 2.24 18.79 38.83 42.06 33.24 56.82 24.04 33.42 12.81 29.21 19.65 22.2 24.35 23.43
23.6 28.02 19.03 25.0 30.59 20.25 13.89 35.61 55.11 29.55 44.2 58.42 28.86 58.22 49.04 66.91 29.02 35.51 19.24 22.47 0.0 22.83 2.0 44.05 43.29 31.78 42.3 53.85 42.94 11.18 38.48 40.31 59.08 28.79 41.23 58.22 21.02 38.29 54.38 45.01 31.14 58.31 31.76 13.93 19.42 15.3 31.38 27.78 32.65 26.68
25.02 14.42 36.62 4.0 48.55 41.77 13.04 39.05 34.0 7.07 40.85 42.05 47.43 38.47 27.17 50.99 13.45 15.81 37.8 34.18 22.83 0.0 23.85 41.44 28.02 43.97 27.2 31.32 35.85 18.0 30.89 40.02 52.7 22.14 32.45 41.23 31.95 40.31 47.71 27.73 13.6 38.33 52.4 33.54 22.36 37.7 27.89 48.8 53.15 18.03
22.47 28.02 17.03 26.25 28.64 18.6 15.65 34.06 55.54 30.41 43.01 58.22 26.93 58.42 49.65 66.61 29.15 35.9 17.26 20.62 2.0 23.85 0.0 42.8 43.1 29.83 42.11 54.63 42.05 13.15 37.7 38.95 57.98 28.16 40.5 58.08 19.24 36.8 53.34 45.01 31.4 58.55 30.02 14.76 18.36 15.03 30.41 26.08 30.89 26.31
20.52 27.66 36.14 45.22 40.05 46.32 48.26 12.0 43.83 40.61 1.41 31.89 41.0 40.8 43.97 36.24 29.43 34.01 38.08 26.93 44.05 41.44 42.8 0.0 24.7 27.17 24.35 50.6 8.94 50.45 12.04 5.0 15.81 19.31 12.65 33.24 26.57 9.06 12.04 29.15 31.14 41.62 49.0 57.43 24.76 55.01 13.89 48.17 49.01 23.41
25.63 15.52 46.17 30.48 55.01 55.32 39.81 31.14 19.42 23.35 23.41 15.13 55.04 18.03 19.42 23.77 15.23 13.6 48.08 38.48 43.29 28.02 43.1 24.7 0.0 44.41 1.0 25.96 15.81 44.01 13.6 26.93 28.64 16.76 12.08 15.0 36.77 30.0 24.19 4.47 14.42 18.6 62.39 56.89 27.66 58.03 19.42 60.08 62.77 17.03
20.81 36.62 14.42 47.8 13.04 22.8 43.0 15.3 63.03 47.42 28.28 56.36 14.32 62.43 60.21 62.3 38.83 46.4 15.62 10.05 31.78 43.97 29.83 27.17 44.41 0.0 43.6 66.71 32.89 42.3 31.76 22.2 42.05 29.0 34.44 57.25 12.17 18.11 39.05 48.41 41.62 63.01 22.2 41.18 21.93 35.61 25.0 22.14 22.09 31.4
24.7 14.56 45.22 29.73 54.12 54.34 38.91 30.48 20.0 22.67 23.09 16.12 54.13 18.87 19.65 24.74 14.32 13.04 47.13 37.58 42.3 27.2 42.11 24.35 1.0 43.6 0.0 26.25 15.52 43.08 13.04 26.42 28.86 15.81 11.7 16.0 35.85 29.41 24.33 5.0 13.6 19.42 61.47 55.9 26.68 57.04 18.6 59.14 61.85 16.03
46.01 30.41 64.2 30.41 75.07 71.34 43.74 55.57 9.85 24.35 49.34 28.16 74.52 17.0 6.71 34.89 28.32 20.52 65.8 58.69 53.85 31.32 54.63 50.6 25.96 66.71 26.25 0.0 41.76 48.84 39.0 52.39 53.01 37.8 37.95 26.25 56.59 55.01 49.16 21.59 25.5 16.12 80.8 64.76 46.01 68.95 42.72 77.67 81.4 35.38
19.92 21.47 39.01 39.36 45.12 49.09 44.55 17.89 34.89 33.84 7.62 23.85 45.71 32.02 35.17 29.41 22.85 26.17 41.01 30.02 42.94 35.85 42.05 8.94 15.81 32.89 15.52 41.76 0.0 47.51 5.0 12.04 17.03 14.87 4.0 25.0 29.02 15.81 12.04 20.25 24.04 32.8 53.6 56.8 23.77 55.66 11.7 52.15 53.76 18.44
30.23 28.64 30.15 18.44 41.77 30.87 5.1 43.83 52.0 25.02 50.33 58.82 40.02 56.32 45.1 67.68 28.79 33.38 30.41 32.56 11.18 18.0 13.15 50.45 44.01 42.3 43.08 48.84 47.51 0.0 42.64 47.43 64.38 32.65 45.0 58.24 30.81 46.14 59.46 44.64 30.08 56.22 42.54 16.16 26.08 22.02 36.8 38.48 43.46 29.41
16.12 16.55 36.12 34.44 43.32 46.01 39.6 17.69 33.02 29.12 11.0 24.7 43.68 31.14 32.31 31.4 18.03 22.0 38.12 27.46 38.48 30.89 37.7 12.04 13.6 31.76 13.04 39.0 5.0 42.64 0.0 13.42 22.02 10.0 3.0 25.5 26.17 16.4 17.03 18.03 19.42 31.83 51.42 52.39 19.65 51.66 8.0 49.65 51.66 13.45
17.2 27.02 31.32 43.93 35.06 41.48 45.65 7.0 46.32 40.05 6.08 35.81 36.0 43.93 45.69 40.72 29.0 34.53 33.24 22.14 40.31 40.02 38.95 5.0 26.93 22.2 26.42 52.39 12.04 47.43 13.42 0.0 20.62 18.11 15.0 37.01 21.93 4.12 17.03 31.38 31.06 44.69 44.0 53.41 21.4 50.61 12.17 43.19 44.01 22.2
35.51 38.28 51.92 56.08 55.08 62.1 61.55 27.46 44.28 50.09 15.23 27.51 56.22 39.05 47.04 27.8 39.45 41.44 53.85 42.72 59.08 52.7 57.98 15.81 28.64 42.05 28.86 53.01 17.03 64.38 22.02 20.62 0.0 31.83 20.25 29.41 42.38 24.33 5.0 32.25 40.25 40.02 64.2 72.72 39.66 70.68 27.8 63.64 64.12 35.47
8.94 9.06 29.41 25.96 38.59 38.64 29.73 18.68 34.21 22.0 18.79 31.14 38.47 34.44 31.24 39.01 11.18 17.89 31.32 21.95 28.79 22.14 28.16 19.31 16.76 29.0 15.81 37.8 14.87 32.65 10.0 18.11 31.83 0.0 12.53 31.4 20.12 19.1 26.87 20.12 13.6 34.89 45.69 42.72 11.05 42.58 6.0 43.32 46.1 4.12
19.1 18.03 39.12 35.85 46.17 49.01 41.77 20.0 31.38 30.08 11.4 21.93 46.57 29.0 31.32 28.44 19.24 22.2 41.11 30.41 41.23 32.45 40.5 12.65 12.08 34.44 11.7 37.95 4.0 45.0 3.0 15.0 20.25 12.53 0.0 22.83 29.15 18.38 15.26 16.55 20.25 29.73 54.34 55.15 22.56 54.57 11.0 52.61 54.57 15.62
40.02 30.27 60.64 42.94 68.71 70.04 53.76 42.72 16.49 35.36 31.83 2.0 68.95 10.0 21.95 10.0 29.61 25.5 62.59 52.5 58.22 41.23 58.08 33.24 15.0 57.25 16.0 26.25 25.0 58.24 25.5 37.01 29.41 31.4 22.83 0.0 50.96 40.8 26.83 13.6 28.16 11.0 76.54 71.7 42.43 73.03 32.89 74.46 76.84 32.02
11.18 26.17 10.0 35.74 18.6 20.1 31.06 15.81 54.08 35.85 27.2 50.45 18.36 54.56 50.33 57.56 28.28 36.07 12.0 2.24 21.02 31.95 19.24 26.57 36.77 12.17 35.85 56.59 29.02 30.81 26.17 21.93 42.38 20.12 29.15 50.96 0.0 18.87 38.33 40.25 31.11 55.01 25.63 32.56 10.63 28.84 18.25 23.54 26.0 21.4
16.16 28.16 27.86 44.28 31.02 37.95 44.78 3.16 49.41 41.05 10.2 39.66 32.02 47.38 48.3 44.78 30.27 36.4 29.73 18.79 38.29 40.31 36.8 9.06 30.0 18.11 29.41 55.01 15.81 46.14 16.4 4.12 24.33 19.1 18.38 40.8 18.87 0.0 21.0 34.41 32.56 48.1 40.01 50.99 20.12 47.71 13.15 39.32 40.0 23.02
30.89 33.29 48.05 51.11 52.01 58.25 56.59 24.02 40.79 45.19 11.18 25.06 53.01 36.06 43.01 26.91 34.48 36.69 50.01 38.83 54.38 47.71 53.34 12.04 24.19 39.05 24.33 49.16 12.04 59.46 17.03 17.03 5.0 26.87 15.26 26.83 38.33 21.0 0.0 28.02 35.34 37.0 61.01 68.1 34.99 66.31 23.02 60.21 61.0 30.48
29.07 17.0 49.4 29.68 58.67 58.24 40.16 35.47 15.0 22.2 27.86 14.32 58.59 14.32 15.13 23.26 16.12 12.21 51.26 42.06 45.01 27.73 45.01 29.15 4.47 48.41 5.0 21.59 20.25 44.64 18.03 31.38 32.25 20.12 16.55 13.6 40.25 34.41 28.02 0.0 14.56 14.76 65.8 58.31 30.68 60.03 23.43 63.32 66.21 19.65
20.81 5.0 38.83 16.28 49.58 46.52 25.63 32.28 24.35 9.85 30.27 28.79 49.04 27.07 19.42 37.7 2.83 5.0 40.5 33.24 31.14 13.6 31.4 31.14 14.42 41.62 13.6 25.5 24.04 30.08 19.42 31.06 40.25 13.6 20.25 28.16 31.11 32.56 35.34 14.56 0.0 27.17 55.47 44.05 20.52 46.39 19.42 52.48 56.04 10.3
43.83 30.81 64.08 39.05 73.43 72.73 51.35 49.52 6.4 31.58 40.22 13.0 73.36 1.0 13.6 18.79 29.43 23.0 65.92 56.82 58.31 38.33 58.55 41.62 18.6 63.01 19.42 16.12 32.8 56.22 31.83 44.69 40.02 34.89 29.73 11.0 55.01 48.1 37.0 14.76 27.17 0.0 80.53 71.01 45.31 73.55 38.01 78.0 80.96 34.18
36.77 50.77 16.64 55.44 9.22 11.7 45.65 37.0 79.26 58.0 50.01 75.96 8.0 80.11 74.89 82.76 52.7 60.46 15.0 24.04 31.76 52.4 30.02 49.0 62.39 22.2 61.47 80.8 53.6 42.54 51.42 44.0 64.2 45.69 54.34 76.54 25.63 40.01 61.01 65.8 55.47 80.53 0.0 33.06 35.36 25.0 43.68 4.12 1.0 46.53
37.22 41.44 26.83 34.48 35.69 22.09 21.19 48.1 67.27 40.61 57.69 72.01 33.54 71.0 60.67 80.6 42.19 48.01 26.0 33.42 13.93 33.54 14.76 57.43 56.89 41.18 55.9 64.76 56.8 16.16 52.39 53.41 72.72 42.72 55.15 71.7 32.56 50.99 68.1 58.31 44.05 71.01 33.06 0.0 33.12 8.25 45.18 29.02 34.06 40.52
4.24 15.62 18.79 26.31 29.07 27.66 24.7 18.03 43.91 25.5 24.84 42.19 28.6 44.94 39.82 50.0 17.69 25.5 20.62 12.81 19.42 22.36 18.36 24.76 27.66 21.93 26.68 46.01 23.77 26.08 19.65 21.4 39.66 11.05 22.56 42.43 10.63 20.12 34.99 30.68 20.52 45.31 35.36 33.12 0.0 32.02 12.08 32.7 35.85 11.18
35.74 43.05 21.26 39.36 28.46 14.56 26.63 44.65 70.41 44.6 55.46 73.11 26.25 73.44 64.29 81.39 44.18 50.8 20.0 29.21 15.3 37.7 15.03 55.01 58.03 35.61 57.04 68.95 55.66 22.02 51.66 50.61 70.68 42.58 54.57 73.03 28.84 47.71 66.31 60.03 46.39 73.55 25.0 8.25 32.02 0.0 43.97 21.02 26.0 41.11
8.25 15.03 28.16 31.78 35.85 38.01 34.41 13.0 38.18 28.0 13.6 32.28 36.06 37.44 36.06 39.32 17.12 23.41 30.15 19.65 31.38 27.89 30.41 13.89 19.42 25.0 18.6 42.72 11.7 36.8 8.0 12.17 27.8 6.0 11.0 32.89 18.25 13.15 23.02 23.43 19.42 38.01 43.68 45.18 12.08 43.97 0.0 41.77 43.97 10.05
34.48 47.89 13.93 51.74 10.0 7.62 41.68 36.22 76.48 54.56 49.09 73.98 8.06 77.62 71.87 81.05 49.74 57.45 12.08 22.2 27.78 48.8 26.08 48.17 60.08 22.14 59.14 77.67 52.15 38.48 49.65 43.19 63.64 43.32 52.61 74.46 23.54 39.32 60.21 63.32 52.48 78.0 4.12 29.02 32.7 21.02 41.77 0.0 5.1 43.86
37.16 51.31 17.2 56.22 9.06 12.65 46.53 37.01 79.76 58.69 50.04 76.24 8.06 80.53 75.45 82.98 53.25 61.03 15.62 24.35 32.65 53.15 30.89 49.01 62.77 22.09 61.85 81.4 53.76 43.46 51.66 44.01 64.12 46.1 54.57 76.84 26.0 40.0 61.0 66.21 56.04 80.96 1.0 34.06 35.85 26.0 43.97 5.1 0.0 47.01
10.63 5.39 29.97 21.84 40.0 38.6 26.17 22.36 32.76 18.03 22.85 32.02 39.66 33.84 29.0 40.31 7.62 15.0 31.78 23.43 26.68 18.03 26.31 23.41 17.03 31.4 16.03 35.38 18.44 29.41 13.45 22.2 35.47 4.12 15.62 32.02 21.4 23.02 30.48 19.65 10.3 34.18 46.53 40.52 11.18 41.11 10.05 43.86 47.01 0.0
