20
0.0 1.41 4.12 14.32 17.09 12.37 9.06 3.16 6.08 13.89 8.0 3.0 3.16 14.87 5.0 7.07 5.0 6.71 7.28 3.61
1.41 0.0 3.61 13.15 15.81 11.18 10.2 4.0 5.39 12.53 7.07 4.12 2.0 13.6 5.39 6.32 4.12 6.4 6.71 5.0
4.12 3.61 0.0 10.77 13.89 8.94 13.0 7.28 2.0 11.31 4.12 4.47 5.0 11.66 8.94 9.43 1.41 2.83 3.16 6.32
14.32 13.15 10.77 0.0 3.61 2.0 23.35 17.12 8.94 4.47 6.71 15.23 13.0 2.0 18.0 15.52 9.49 10.0 8.6 17.09
17.09 15.81 13.89 3.61 0.0 5.0 25.96 19.65 12.21 4.12 10.0 18.36 15.3 2.24 20.22 17.03 12.53 13.45 12.04 20.12
12.37 11.18 8.94 2.0 5.0 0.0 21.38 15.13 7.21 4.0 5.0 13.42 11.0 2.83 16.0 13.6 7.62 8.49 7.07 15.23
9.06 10.2 13.0 23.35 25.96 21.38 0.0 6.32 15.0 22.47 17.03 9.22 10.77 23.77 6.4 11.31 14.04 15.13 16.03 7.28
3.16 4.0 7.28 17.12 19.65 15.13 6.32 0.0 9.22 16.16 11.05 5.0 4.47 17.46 2.24 6.32 8.06 9.85 10.44 4.12
6.08 5.39 2.0 8.94 12.21 7.21 15.0 9.22 0.0 10.0 2.24 6.32 6.4 10.0 10.77 10.63 1.41 2.0 1.41 8.25
13.89 12.53 11.31 4.47 4.12 4.0 22.47 16.16 10.0 0.0 8.06 15.62 11.7 2.83 16.49 13.0 9.9 11.66 10.3 17.2
8.0 7.07 4.12 6.71 10.0 5.0 17.03 11.05 2.24 8.06 0.0 8.54 7.62 7.81 12.37 11.4 3.0 3.61 2.24 10.44
3.0 4.12 4.47 15.23 18.36 13.42 9.22 5.0 6.32 15.62 8.54 0.0 6.08 16.12 7.21 10.05 5.83 6.0 7.07 2.0
3.16 2.0 5.0 13.0 15.3 11.0 10.77 4.47 6.4 11.7 7.62 6.08 0.0 13.15 5.0 4.47 5.0 7.81 7.81 6.71
14.87 13.6 11.66 2.0 2.24 2.83 23.77 17.46 10.0 2.83 7.81 16.12 13.15 0.0 18.11 15.13 10.3 11.31 9.9 17.89
5.0 5.39 8.94 18.0 20.22 16.0 6.4 2.24 10.77 16.49 12.37 7.21 5.0 18.11 0.0 5.0 9.49 11.66 12.08 6.32
7.07 6.32 9.43 15.52 17.03 13.6 11.31 6.32 10.63 13.0 11.4 10.05 4.47 15.13 5.0 0.0 9.22 12.21 12.04 10.05
5.0 4.12 1.41 9.49 12.53 7.62 14.04 8.06 1.41 9.9 3.0 5.83 5.0 10.3 9.49 9.22 0.0 3.16 2.83 7.62
6.71 6.4 2.83 10.0 13.45 8.49 15.13 9.85 2.0 11.66 3.61 6.0 7.81 11.31 11.66 12.21 3.16 0.0 1.41 8.0
7.28 6.71 3.16 8.6 12.04 7.07 16.03 10.44 1.41 10.3 2.24 7.07 7.81 9.9 12.08 12.04 2.83 1.41 0.0 9.06
3.61 5.0 6.32 17.09 20.12 15.23 7.28 4.12 8.25 17.2 10.44 2.0 6.71 17.89 6.32 10.05 7.62 8.0 9.06 0.0
