20
0.0 26.4 10.77 11.05 21.59 29.83 24.35 1.41 8.94 16.28 14.0 15.65 15.65 19.42 15.81 9.85 4.12 5.0 12.04 22.47
26.4 0.0 20.52 17.69 16.28 13.0 20.0 25.08 21.93 16.12 14.87 10.77 17.26 29.12 10.82 21.21 30.46 25.81 25.02 5.1
10.77 20.52 0.0 3.16 11.05 28.46 27.07 10.3 2.0 6.08 5.66 11.7 18.25 26.93 10.3 1.0 14.32 7.0 19.42 18.36
11.05 17.69 3.16 0.0 10.77 25.3 24.19 10.2 4.24 5.39 3.16 8.54 15.52 25.0 7.21 3.61 15.0 8.54 17.69 15.26
21.59 16.28 11.05 10.77 0.0 28.07 30.87 20.88 13.04 5.39 8.6 13.89 23.6 34.66 11.66 12.04 25.32 18.03 27.8 17.12
29.83 13.0 28.46 25.3 28.07 0.0 11.0 28.43 29.15 26.17 23.54 16.76 15.0 23.35 18.44 28.79 33.24 31.38 22.83 11.0
24.35 20.0 27.07 24.19 30.87 11.0 0.0 23.09 27.0 27.2 23.77 17.09 9.06 12.65 19.31 27.02 26.83 27.46 14.21 15.56
1.41 25.08 10.3 10.2 20.88 28.43 23.09 0.0 8.6 15.52 13.04 14.32 14.32 18.68 14.56 9.43 5.39 5.39 11.18 21.1
8.94 21.93 2.0 4.24 13.04 29.15 27.0 8.6 0.0 8.06 7.21 12.53 18.03 25.94 11.4 1.0 12.37 5.0 18.36 19.42
16.28 16.12 6.08 5.39 5.39 26.17 27.2 15.52 8.06 0.0 3.61 10.2 19.24 29.73 8.06 7.07 20.1 13.04 22.67 15.3
14.0 14.87 5.66 3.16 8.6 23.54 23.77 13.04 7.21 3.61 0.0 7.0 15.65 26.17 5.1 6.4 18.03 11.7 19.21 13.0
15.65 10.77 11.7 8.54 13.89 16.76 17.09 14.32 12.53 10.2 7.0 0.0 9.9 21.63 2.24 12.08 19.7 15.56 15.81 7.07
15.65 17.26 18.25 15.52 23.6 15.0 9.06 14.32 18.03 19.24 15.65 9.9 0.0 12.08 12.04 18.11 18.6 18.44 8.25 12.17
19.42 29.12 26.93 25.0 34.66 23.35 12.65 18.68 25.94 29.73 26.17 21.63 12.08 0.0 23.6 26.42 20.0 24.04 7.62 24.04
15.81 10.82 10.3 7.21 11.66 18.44 19.31 14.56 11.4 8.06 5.1 2.24 12.04 23.6 0.0 10.82 19.92 15.0 17.46 8.06
9.85 21.21 1.0 3.61 12.04 28.79 27.02 9.43 1.0 7.07 6.4 12.08 18.11 26.42 10.82 0.0 13.34 6.0 18.87 18.87
4.12 30.46 14.32 15.0 25.32 33.24 26.83 5.39 12.37 20.1 18.03 19.7 18.6 20.0 19.92 13.34 0.0 7.62 13.34 26.42
5.0 25.81 7.0 8.54 18.03 31.38 27.46 5.39 5.0 13.04 11.7 15.56 18.44 24.04 15.0 6.0 7.62 0.0 16.49 22.63
12.04 25.02 19.42 17.69 27.8 22.83 14.21 11.18 18.36 22.67 19.21 15.81 8.25 7.62 17.46 18.87 13.34 16.49 0.0 20.0
22.47 5.1 18.36 15.26 17.12 11.0 15.56 21.1 19.42 15.3 13.0 7.07 12.17 24.04 8.06 18.87 26.42 22.63 20.0 0.0
