11
0.0 7.8102 7.2111 6.3246 4.0 3.0 6.0 4.2426 8.9443 3.6056 2.0 
7.8102 0.0 2.2361 4.1231 5.3852 5.831 6.0828 8.544 2.2361 4.4721 6.7082 
7.2111 2.2361 0.0 2.0 6.0 6.0828 4.0 9.0554 4.4721 3.6056 5.6569 
6.3246 4.1231 2.0 0.0 6.3246 6.0828 2.0 9.0554 6.3246 3.0 4.4721 
4.0 5.3852 6.0 6.3246 0.0 1.0 7.2111 3.1623 5.6569 3.6056 4.4721 
3.0 5.831 6.0828 6.0828 1.0 0.0 6.7082 3.0 6.4031 3.1623 3.6056 
6.0 6.0828 4.0 2.0 7.2111 6.7082 0.0 9.4868 8.2462 3.6056 4.0 
4.2426 8.544 9.0554 9.0554 3.1623 3.0 9.4868 0.0 8.6023 6.0828 5.831 
8.9443 2.2361 4.4721 6.3246 5.6569 6.4031 8.2462 8.6023 0.0 6.0828 8.2462 
3.6056 4.4721 3.6056 3.0 3.6056 3.1623 3.6056 6.0828 6.0828 0.0 2.2361 
2.0 6.7082 5.6569 4.4721 4.4721 3.6056 4.0 5.831 8.2462 2.2361 0.0 
