15
0.0 16.4012 2.2361 3.0 10.6301 13.6015 3.1623 4.1231 10.0499 13.4164 13.1529 12.53 7.2801 6.0828 12.083 
16.4012 0.0 18.4391 14.1421 5.831 5.099 13.8924 14.2127 14.0 4.1231 12.0 4.4721 13.4164 13.0384 5.3852 
2.2361 18.4391 0.0 4.4721 12.7279 15.8114 5.3852 5.099 12.0 15.2643 14.0 14.4222 8.0 7.0711 13.8924 
3.0 14.1421 4.4721 0.0 8.6023 12.083 3.6056 1.4142 10.7703 10.8167 10.198 10.0 4.4721 3.1623 9.434 
10.6301 5.831 12.7279 8.6023 0.0 4.0 8.0623 8.9443 9.4868 4.1231 10.2956 3.1623 9.0554 8.2462 3.6056 
13.6015 5.099 15.8114 12.083 4.0 0.0 10.6301 12.6491 9.0554 6.4031 13.9284 5.831 13.0384 12.1655 6.7082 
3.1623 13.8924 5.3852 3.6056 8.0623 10.6301 0.0 5.0 7.2801 11.4018 13.0 10.4403 7.8102 6.4031 10.198 
4.1231 14.2127 5.099 1.4142 8.9443 12.6491 5.0 0.0 12.083 10.6301 9.0554 9.8995 3.1623 2.0 9.2195 
10.0499 14.0 12.0 10.7703 9.4868 9.0554 7.2801 12.083 0.0 13.6015 18.4391 12.6491 14.4222 13.0384 13.0 
13.4164 4.1231 15.2643 10.8167 4.1231 6.4031 11.4018 10.6301 13.6015 0.0 8.0623 1.0 9.434 9.2195 1.4142 
13.1529 12.0 14.0 10.198 10.2956 13.9284 13.0 9.0554 18.4391 8.0623 0.0 8.2462 6.0 7.0711 7.2801 
12.53 4.4721 14.4222 10.0 3.1623 5.831 10.4403 9.8995 12.6491 1.0 8.2462 0.0 8.9443 8.6023 1.0 
7.2801 13.4164 8.0 4.4721 9.0554 13.0384 7.8102 3.1623 14.4222 9.434 6.0 8.9443 0.0 1.4142 8.0623 
6.0828 13.0384 7.0711 3.1623 8.2462 12.1655 6.4031 2.0 13.0384 9.2195 7.0711 8.6023 1.4142 0.0 7.8102 
12.083 5.3852 13.8924 9.434 3.6056 6.7082 10.198 9.2195 13.0 1.4142 7.2801 1.0 8.0623 7.8102 0.0 
