100
0.0 38.6005 21.8403 68.0074 49.8197 47.5395 15.8114 50.2195 53.0377 74.9667 50.9313 29.1204 30.0832 48.7955 71.3092 61.9839 51.0 12.53 77.4726 61.5873 27.1662 53.3385 54.5894 22.0 48.2597 38.3275 8.6023 45.1774 35.3553 28.4429 8.9443 38.6264 79.177 51.0882 77.666 62.8013 41.1947 46.2277 34.4819 41.0 86.3539 64.0703 24.1868 54.4059 50.2892 37.3631 10.0499 61.327 33.9559 72.0694 22.0227 52.7731 79.6116 72.3464 37.0 40.3113 19.2354 45.1221 20.2237 61.2209 68.942 57.0088 71.1969 48.0937 23.0868 63.1269 25.4558 36.4966 46.1736 29.5466 23.0217 61.7171 36.2491 34.4384 36.0555 11.0454 73.3485 32.5576 58.5918 71.5891 67.8012 43.0813 33.9559 44.3847 24.1868 30.8058 50.2494 44.1475 62.3618 16.1245 20.5183 77.3692 15.2971 66.7083 25.1794 65.0 76.4199 35.1283 21.8403 70.6045 
38.6005 0.0 53.6004 44.1022 12.1655 81.3019 36.8782 80.05 20.6155 67.7791 77.7946 9.4868 20.6155 24.1868 55.9017 51.264 69.8355 48.2597 60.2993 26.6271 37.5766 60.1082 17.2627 18.6011 70.2638 37.4833 42.19 10.4403 63.561 65.2763 45.5412 3.1623 59.0 28.2843 68.3081 29.9666 8.0623 18.0278 34.8281 11.7047 65.123 66.4003 15.2643 83.678 63.8201 1.4142 28.7924 46.5725 72.5328 88.8144 18.0278 70.8308 56.3205 45.1221 2.2361 78.3901 34.9285 83.678 22.0227 83.6301 52.7731 18.4391 63.6946 17.8045 48.7955 66.2193 55.4437 49.7393 53.9073 29.6816 18.4391 85.0 56.4624 29.7321 73.8241 38.0 55.2268 60.4152 76.0066 44.1475 34.4819 60.4152 50.0899 78.2304 61.5224 69.3758 81.3941 21.8403 52.9245 38.2884 22.2036 85.0412 53.8516 89.4427 63.561 65.4599 47.4342 73.3485 44.5533 45.3982 
21.8403 53.6004 0.0 88.8369 62.6498 54.4518 17.0 61.0328 61.9839 96.6902 64.0078 44.6878 37.3363 68.8186 93.0484 83.8153 68.4105 27.4591 99.1615 79.2465 48.8365 74.0 66.6408 35.0 64.5136 60.1664 28.0179 62.2896 49.7695 34.0588 25.0799 54.6717 100.6479 71.5612 99.4636 81.3449 53.2353 65.2993 56.3205 51.4782 107.7868 85.0529 38.4187 65.215 69.5845 52.2015 27.2029 83.006 29.9666 88.8651 35.609 70.342 100.7224 92.6553 52.6308 29.0172 41.0 39.5601 31.6228 76.0592 90.6201 70.8308 92.9624 56.921 8.2462 84.0238 40.8044 57.0 67.0298 51.264 35.2278 76.0263 54.7449 56.0803 24.0208 32.3883 94.9368 47.7598 75.9605 91.8368 86.2786 61.8142 54.037 51.6624 30.0 27.7849 59.8164 50.2195 84.2021 15.6525 40.8167 96.8762 20.1246 80.9506 26.1725 86.209 96.4002 34.1321 12.0 91.2688 
68.0074 44.1022 88.8369 0.0 46.8722 91.7878 74.7329 85.0706 58.4637 33.8378 79.555 48.5077 63.9531 20.8806 17.0294 21.3776 64.7765 70.7248 18.3576 25.0599 46.4004 46.0435 49.0408 57.8705 68.6586 34.9857 65.7951 34.0 71.5891 84.4038 70.0357 41.1947 15.2971 17.4642 31.8904 19.7231 51.0098 26.3059 37.2022 55.0091 21.0238 43.9318 54.4059 87.0919 55.4437 45.1774 61.7738 15.0333 96.4261 75.4255 56.921 64.4981 12.3693 7.0 43.2897 106.066 51.6236 106.2121 61.3514 78.3135 14.4222 42.72 30.8869 58.5491 86.764 44.7214 68.7968 49.7695 44.911 39.598 58.5235 80.399 59.2368 34.6554 102.5914 60.1415 13.6015 69.3181 67.0671 7.0711 19.799 57.9741 52.8015 89.4707 82.4621 93.5094 87.9204 65.0692 23.5372 76.0592 48.0208 62.2977 79.9312 83.0963 87.1149 41.2311 12.0416 94.8103 83.2586 3.1623 
49.8197 12.1655 62.6498 46.8722 0.0 93.4345 45.6508 92.1954 11.7047 74.793 89.8443 21.0238 26.2488 30.0167 61.0983 58.3095 81.3941 60.075 64.56 24.1868 49.3964 70.4344 5.099 28.4605 82.0792 48.0104 54.037 15.0 75.71 77.1038 57.2189 13.9284 62.1691 34.0 74.686 29.0172 9.434 23.8537 45.793 12.0416 67.4759 75.6902 25.7099 95.8019 74.9466 13.0384 39.8121 52.7731 83.7437 99.8599 28.1603 82.2982 58.3095 46.0435 14.3178 88.8651 47.0744 94.921 31.3847 95.3415 57.9396 8.4853 70.8308 12.0416 56.8595 75.6637 67.6018 61.2699 64.6375 41.1461 27.8568 96.7729 68.352 40.4969 84.1546 50.04 59.4811 72.5672 87.3212 45.0444 32.3883 72.0139 61.8466 90.3549 73.2462 80.604 93.5575 19.9249 60.208 47.0106 34.3657 94.7629 65.1153 101.1336 74.9667 74.411 47.0956 84.8528 52.4309 47.3814 
47.5395 81.3019 54.4518 91.7878 93.4345 0.0 61.4003 11.4018 99.0404 79.196 18.3848 72.6911 77.4919 79.8311 85.703 75.1665 33.6006 35.1141 91.8368 97.1648 47.8539 51.6624 98.5089 68.4105 27.8029 57.2451 40.5216 84.0536 20.2485 20.6155 38.6264 80.0999 96.2549 79.8123 83.4506 96.1041 86.1452 80.7527 56.0446 86.885 102.9029 61.6198 69.6348 14.0 41.7253 80.399 56.6127 78.7718 28.2312 45.8912 68.1542 35.2278 99.8499 98.2344 79.2275 39.0512 47.0106 28.0 67.3573 30.5941 84.9058 99.0454 77.1557 94.3663 61.6198 60.208 26.0 42.0476 48.8262 56.7186 69.6419 29.2746 32.6497 60.4152 40.4969 43.566 89.8888 22.8035 38.0132 97.8621 100.6628 35.609 39.0 3.1623 25.0 28.6531 8.0623 91.3947 74.0608 61.0574 59.1354 62.2415 35.805 33.0151 28.3196 64.3817 103.2473 22.8473 63.4114 94.9368 
15.8114 36.8782 17.0 74.7329 45.6508 61.4003 0.0 65.2993 45.3542 87.0517 66.4831 28.3196 20.6155 54.1202 81.0247 72.6911 66.7308 27.5862 86.8332 62.9682 40.4475 67.6831 49.6588 18.3848 64.0703 50.01 24.4131 46.0109 50.9902 41.1461 24.0416 38.1838 87.5957 57.2713 89.2749 65.437 36.2353 49.93 46.0109 34.5398 94.578 77.9295 21.9317 69.527 65.5515 35.4683 14.0357 70.8308 42.2966 87.818 19.105 68.4763 86.9253 77.8974 36.0694 44.5533 32.5576 53.0848 14.8661 77.0065 78.339 53.8516 83.0963 40.2616 12.2066 77.1038 41.1096 51.2445 60.4152 40.1123 18.4391 77.4661 51.8845 44.4072 39.6232 26.0 82.28 48.2701 74.3034 77.026 70.2922 58.6003 49.0408 58.3095 36.6742 39.4588 65.0 34.1321 73.437 1.4142 27.6586 92.3472 26.0 82.4621 35.4401 78.5175 81.3019 45.1221 8.544 76.922 
50.2195 80.05 61.0328 85.0706 92.1954 11.4018 65.2993 0.0 98.9798 69.527 7.2111 72.1249 79.177 75.2396 77.4145 67.082 23.3452 37.8021 83.3547 93.086 44.0454 42.4382 97.2934 69.3542 17.8045 51.6236 42.19 81.3941 16.4924 27.2947 41.4005 78.4474 88.1192 74.6726 73.8783 91.444 85.7263 77.0 51.1566 86.977 94.5145 51.6624 70.0071 4.2426 32.2025 79.3095 58.1808 71.3092 37.855 34.5254 68.942 24.7588 92.1954 91.7606 77.8781 49.366 45.1221 39.1152 68.884 19.2354 76.922 97.0155 67.8012 94.578 67.4759 50.2494 25.4951 35.6931 40.7185 53.0377 70.6824 18.0278 26.3059 56.0357 50.2195 43.8634 81.8413 19.6469 26.9258 91.4822 95.7549 27.313 33.2415 12.0 31.0644 37.6431 3.6056 92.6121 65.7647 65.192 57.9741 50.9902 41.2311 22.0907 35.7771 54.5619 96.8401 32.5576 68.6222 88.2326 
53.0377 20.6155 61.9839 58.4637 11.7047 99.0404 45.3542 98.9798 0.0 86.3539 97.3088 26.9258 24.7386 41.5933 72.8011 69.8355 90.2109 64.4981 76.243 35.0143 57.8014 80.6598 10.0499 31.0644 90.3549 58.0517 58.6941 26.4197 82.5409 81.3019 61.2944 23.3452 73.7564 45.618 86.3308 40.1123 13.4164 35.3553 55.4437 12.1655 78.9177 86.5563 29.4279 102.7862 84.4038 20.8087 43.1045 64.405 86.209 109.4029 31.1448 91.2688 69.7209 57.3149 22.8035 89.822 54.231 97.3293 33.0151 103.8316 69.6419 17.1172 82.365 5.099 55.1543 86.4523 73.7631 70.1783 74.5185 50.2195 30.0167 105.119 76.4788 50.3289 84.9294 55.5428 71.1688 79.3788 96.5194 56.3205 43.0116 80.7775 70.3278 95.901 77.1622 83.1505 100.0 12.8062 71.6938 46.5725 41.2311 105.4182 68.0074 109.6586 78.0064 85.4283 58.0086 88.0057 50.6952 58.8558 
74.9667 67.7791 96.6902 33.8378 74.793 79.196 87.0517 69.527 86.3539 0.0 62.6259 67.9117 83.7437 44.7772 17.0 16.5529 46.2277 71.7844 19.2354 57.28 47.8539 27.6586 78.2304 74.6726 51.7397 37.054 69.1231 59.9416 61.4003 79.7559 72.8011 64.622 25.318 40.8167 4.4721 52.345 75.7694 51.0 41.0488 79.4796 29.0689 18.0278 72.0069 70.0 37.4833 68.352 73.0274 22.2036 93.5361 48.2701 73.6817 45.0 31.7805 39.8246 66.1287 105.0952 55.7315 100.9554 77.4145 56.356 19.4165 73.0068 4.1231 85.0 97.5141 19.4165 63.5295 42.0476 32.249 47.0 75.8024 58.5918 49.0918 43.1045 102.9563 64.3273 21.5407 60.4649 44.7772 40.3113 53.4135 44.0454 45.618 77.8332 79.6053 91.2414 73.0 89.5377 14.8661 88.0909 60.075 31.0161 81.5966 59.6154 85.4283 15.0 43.8634 90.2109 95.1893 35.8469 
50.9313 77.7946 64.0078 79.555 89.8443 18.3848 66.4831 7.2111 97.3088 62.6259 0.0 70.3847 78.7718 71.0 71.1126 60.9262 16.4012 38.9487 76.9415 89.0225 40.7922 35.8469 94.921 68.6003 11.1803 47.0425 42.5206 78.2624 15.6205 31.3209 42.45 75.9605 81.8596 70.1142 67.0075 87.0517 83.9345 73.2462 47.0425 85.4927 88.1192 44.6878 68.884 7.6158 25.5539 77.1622 58.0086 65.4599 43.1856 28.0713 68.0955 17.6918 86.1626 86.3481 75.5844 55.0364 43.0813 45.5412 68.5055 13.0384 70.7743 94.1488 61.0328 93.1075 69.8928 43.2782 25.4951 31.0161 34.7851 49.6488 69.9714 12.3693 22.0907 52.1536 55.4437 43.2666 75.6439 18.6011 19.7231 86.122 91.1976 21.587 29.0689 18.4391 34.5398 42.5793 10.8167 91.7878 59.5063 66.5282 56.0803 43.8634 43.909 17.088 39.8497 47.634 91.444 38.0526 70.6045 82.7103 
29.1204 9.4868 44.6878 48.5077 21.0238 72.6911 28.3196 72.1249 26.9258 67.9117 70.3847 0.0 16.0312 27.6586 58.0086 51.788 63.8201 39.0512 63.0714 34.6554 31.4006 56.4004 26.0 10.0 63.6318 34.1321 33.0151 17.6918 55.6597 56.0803 36.2215 10.0 62.6498 31.4006 69.0507 37.2022 13.6015 22.4722 30.8058 15.2643 69.2315 64.0078 6.4031 75.8947 58.7282 8.2462 19.3132 48.0937 63.0635 83.6301 9.2195 65.0 60.8769 50.6952 8.0623 68.942 27.313 74.2159 13.6015 77.1751 55.0 27.8927 63.7887 22.8254 40.4599 63.6318 47.0744 44.0454 49.679 24.8395 10.2956 78.3901 49.7393 26.4197 64.405 29.1548 58.1378 52.4976 70.4344 49.7695 42.0119 54.4059 43.8292 69.5845 52.2398 59.9083 73.2462 23.4307 53.1507 29.7321 14.3178 81.8413 44.3847 83.006 54.1295 63.5059 53.6656 63.9531 36.4005 50.2892 
30.0832 20.6155 37.3363 63.9531 26.2488 77.4919 20.6155 79.177 24.7386 83.7437 78.7718 16.0312 0.0 43.2897 74.027 67.7422 74.9533 42.3792 79.0253 47.0106 43.6005 70.3278 29.6816 10.6301 73.7564 48.8467 37.1618 31.0161 63.2851 58.4637 38.8973 23.0868 78.4092 47.1699 85.0 50.5668 16.9706 37.6563 45.1885 14.4222 84.8528 78.7909 12.083 83.2406 71.218 19.3132 21.0238 64.1249 62.0 95.5877 11.4018 76.3806 76.2955 65.521 20.8806 65.1153 37.4833 73.0274 10.2956 87.3212 71.007 34.7131 79.6241 19.6469 30.8869 78.2943 53.7122 56.2228 63.2851 38.9102 9.2195 88.2383 60.1415 41.4367 60.208 35.5106 74.0608 60.208 82.0731 64.56 55.0091 65.7951 55.2268 74.3303 54.1295 59.0085 79.6241 14.1421 69.0507 21.8403 26.0768 95.8801 44.2832 93.086 54.231 78.5493 68.0074 64.195 26.4197 65.5134 
48.7955 24.1868 68.8186 20.8806 30.0167 79.8311 54.1202 75.2396 41.5933 44.7772 71.0 27.6586 43.2897 0.0 31.7805 28.3019 58.8558 53.535 36.1248 18.1108 32.0156 43.8634 33.6006 37.0 61.2046 24.0832 48.0104 15.2315 59.8415 68.8767 52.2015 21.095 35.1283 4.1231 44.7772 16.2788 31.7805 6.3246 24.0832 35.6931 41.5933 47.0106 33.5261 78.0577 50.6952 25.0799 41.6173 22.8473 79.6116 74.4648 36.0555 59.2284 33.2415 23.8537 23.0217 88.2383 34.8855 90.05 40.4969 73.1642 28.6356 29.0 40.8167 40.4969 66.242 47.2017 54.7083 40.0125 39.5601 23.4094 37.6431 74.9667 49.0408 19.4165 84.386 42.4382 31.0644 57.0701 63.3246 23.0217 20.8806 50.2494 42.0476 77.1298 66.242 76.5506 77.5242 45.8912 30.2324 55.4707 28.3196 66.4003 62.0081 78.6448 70.1783 45.3431 27.6586 78.7718 62.6099 22.8473 
71.3092 55.9017 93.0484 17.0294 61.0983 85.703 81.0247 77.4145 72.8011 17.0 71.1126 58.0086 74.027 31.7805 0.0 10.6301 55.1543 71.0211 6.4031 41.4005 45.793 35.4683 63.9766 66.1891 59.9333 33.6155 67.1193 46.8402 66.2193 82.134 71.1969 52.7731 10.7703 27.6586 14.8661 36.2353 63.561 38.0789 37.1214 67.4685 17.2047 30.0666 63.0714 78.721 45.6946 56.7186 67.1863 10.198 95.268 62.0725 65.192 54.4243 16.0312 22.8254 54.5894 106.0189 52.7731 104.0048 69.3542 67.4463 3.1623 58.1808 14.5602 72.1249 92.4446 31.1448 65.7951 44.5982 36.8917 41.7852 67.1193 69.6419 53.4135 37.0 103.1746 61.7171 5.0 64.5368 55.7853 23.3238 36.7967 50.2494 48.1041 83.8153 81.0555 92.6175 80.6226 77.666 11.6619 82.2253 53.3667 46.8722 80.7775 71.5891 86.4002 27.0185 26.9258 92.7631 89.4986 18.868 
61.9839 51.264 83.8153 21.3776 58.3095 75.1665 72.6911 67.082 69.8355 16.5529 60.9262 51.788 67.7422 28.3019 10.6301 0.0 45.2217 60.9016 16.9706 42.0119 35.7771 25.7099 61.8547 59.0762 49.7695 23.7697 57.2713 43.4166 55.6058 71.5891 61.2699 48.1041 21.095 24.4131 17.2627 37.4433 59.2368 34.4819 27.5136 62.9682 27.8029 22.561 56.2228 68.542 35.7351 51.8652 58.6941 6.7082 84.8116 54.1479 58.0775 44.643 25.2982 28.2843 49.6488 95.6922 43.0813 93.4345 62.0081 58.0517 9.8489 56.8507 12.53 68.4471 83.7437 23.3452 55.2268 33.9706 26.4197 32.7567 60.1332 60.208 42.8019 28.2843 92.9624 52.0 14.7648 53.9073 46.5296 28.4429 39.3573 39.8246 37.4833 73.2393 70.6045 82.201 70.2353 73.0548 2.2361 73.8241 45.1774 41.2311 70.7107 62.514 76.0263 19.9249 33.1361 82.2192 81.0494 24.1868 
51.0 69.8355 68.4105 64.7765 81.3941 33.6006 66.7308 23.3452 90.2109 46.2277 16.4012 63.8201 74.9533 58.8558 55.1543 45.2217 0.0 41.1096 60.8358 76.9415 32.45 19.6977 86.3308 64.3506 5.831 34.9285 42.4853 68.352 20.025 40.1995 44.0114 67.5352 65.9242 57.3149 50.6063 74.3303 76.8505 62.0967 36.0555 79.0569 72.0139 28.3196 63.7809 23.8537 9.4868 69.4622 55.6058 50.2195 53.7587 21.095 63.6553 2.0 70.5195 71.7008 67.6018 65.9242 37.4833 58.5235 65.1153 14.3178 55.0273 84.5044 44.6542 86.5332 72.8011 26.9072 27.6586 20.1246 20.025 40.2492 65.7647 16.1245 15.0 41.4367 65.2763 41.0488 59.808 21.095 7.6158 71.5681 78.1025 9.434 20.0 32.7567 42.0 52.345 26.8701 86.6833 43.6578 67.1193 49.8197 30.4138 48.8365 19.9249 48.0104 31.241 76.7919 49.2443 72.4983 67.897 
12.53 48.2597 27.4591 70.7248 60.075 35.1141 27.5862 37.8021 64.4981 71.7844 38.9487 39.0512 42.3792 53.535 71.0211 60.9016 41.1096 0.0 77.3886 68.542 25.2389 47.2652 65.0308 33.541 37.5766 37.4433 6.0828 53.1601 23.6008 17.0294 3.6056 47.676 80.0 55.0 75.0267 68.884 52.0384 52.3259 34.2053 52.345 87.2009 58.5491 35.1283 42.0119 42.19 47.1699 21.587 61.6117 26.0768 61.8466 33.3766 43.0116 81.4678 75.9276 46.3897 35.3836 19.105 36.6742 32.28 49.93 69.0652 66.6108 68.352 59.6825 31.7805 57.4282 13.8924 30.4138 40.6079 31.1448 34.7131 50.2195 27.2947 36.0694 32.2025 11.1803 73.8173 21.095 48.7032 75.2861 73.8241 34.3657 27.1662 31.9531 13.3417 23.0217 37.7359 56.3205 60.8276 27.5862 27.2029 69.4622 9.8489 55.2178 16.6433 60.0167 80.4301 25.632 31.9061 73.5935 
77.4726 60.2993 99.1615 18.3576 64.56 91.8368 86.8332 83.3547 76.243 19.2354 76.9415 63.0714 79.0253 36.1248 6.4031 16.9706 60.8358 77.3886 0.0 43.4166 52.1536 41.1461 67.0671 71.5681 65.7647 39.9625 73.4302 50.8035 72.4707 88.5268 77.5242 57.2189 6.0828 32.0624 15.8114 38.0789 67.7422 42.2966 43.4166 71.7008 11.1803 34.7131 68.3593 84.534 51.4296 61.2046 73.0821 16.1555 101.671 66.4831 70.5762 60.0083 12.6491 22.6274 59.1354 112.4144 59.0593 110.3902 74.8131 72.7324 8.544 60.9262 18.0278 75.9276 98.3717 35.9026 72.1803 50.9313 43.0116 47.927 72.4431 74.9466 59.6657 43.0813 109.5536 68.0 5.099 70.8378 61.0328 23.3452 37.8021 56.3028 54.4518 90.0 87.4586 99.0202 86.6083 81.8841 17.8045 88.0568 59.203 50.1597 87.1321 76.6551 92.8009 31.5753 25.807 99.1564 95.3362 19.2094 
61.5873 26.6271 79.2465 25.0599 24.1868 97.1648 62.9682 93.086 35.0143 57.28 89.0225 34.6554 47.0106 18.1108 41.4005 42.0119 76.9415 68.542 43.4166 0.0 49.366 61.3514 25.0799 44.5982 79.3095 42.19 62.6498 16.9706 77.4145 84.7585 66.6408 24.8395 39.9249 19.9249 56.0803 5.3852 31.0161 16.4924 42.0 34.7851 44.3847 63.1348 41.0366 96.0052 68.6586 28.0179 52.8015 35.4683 94.3716 92.0272 43.8634 77.2787 35.171 22.561 27.0185 101.8725 50.9608 105.1903 48.1664 91.2414 38.4187 18.2483 53.7587 36.2215 75.0733 63.5295 71.5891 58.0775 57.4891 40.4475 44.6878 93.0591 67.0 37.054 97.6371 57.3847 38.5876 74.5453 81.2527 21.587 8.2462 68.3593 60.0 94.3663 81.7068 91.236 95.2575 43.9318 44.2041 64.3817 41.5933 82.4924 76.0592 96.6902 85.0 61.0574 23.0 94.1541 70.9366 24.6982 
27.1662 37.5766 48.8365 46.4004 49.3964 47.8539 40.4475 44.0454 57.8014 47.8539 40.7922 31.4006 43.6005 32.0156 45.793 35.7771 32.45 25.2389 52.1536 49.366 0.0 27.5136 54.4243 33.0151 32.6956 12.2066 21.5407 37.4833 28.0713 38.0132 25.4951 35.4683 54.8179 32.311 50.6952 48.2701 44.4185 33.0606 9.2195 46.6154 62.0081 37.4833 31.8904 47.2652 27.6586 37.1214 26.9258 36.4005 50.2096 52.345 32.2025 33.6006 56.5685 52.1536 35.3412 60.4401 8.0 59.8164 34.4819 46.0652 43.8292 53.3667 44.1475 54.0833 50.01 36.6742 22.8473 12.7279 20.2485 9.0 34.4093 47.4236 18.9737 12.6491 57.4282 16.4924 48.6004 25.1794 39.0512 51.6236 52.8867 23.0217 12.53 45.1221 36.1248 47.3814 46.0109 54.4885 35.8469 41.3038 17.6918 52.8015 34.9857 51.8845 41.0366 38.1182 56.9386 48.4149 48.0937 49.4065 
53.3385 60.1082 74.0 46.0435 70.4344 51.6624 67.6831 42.4382 80.6598 27.6586 35.8469 56.4004 70.3278 43.8634 35.4683 25.7099 19.6977 47.2652 41.1461 61.3514 27.5136 0.0 75.0 59.9416 24.6982 22.6274 46.0109 56.0357 33.8378 52.8015 49.0408 57.3149 46.2385 41.4367 31.8277 57.9741 67.897 48.3735 25.6125 70.8378 52.3259 11.4018 58.3095 43.4166 10.2956 60.1082 54.4059 31.1448 66.7083 30.6757 59.0593 18.9737 50.9608 53.0377 57.9828 78.5493 35.171 73.5731 61.7414 32.3883 35.4401 71.8679 25.4951 77.7946 76.4199 10.198 37.0 17.0 7.2801 31.6228 61.2944 34.5254 21.9317 30.4138 76.844 42.2966 40.1622 33.121 21.0238 53.0094 61.1882 16.4012 20.0998 50.2096 53.1413 64.622 45.8039 79.8123 24.0416 68.4471 44.2945 25.5539 56.7186 37.054 59.1354 13.4164 58.0775 63.0635 74.9667 49.0918 
54.5894 17.2627 66.6408 49.0408 5.099 98.5089 49.6588 97.2934 10.0499 78.2304 94.921 26.0 29.6816 33.6006 63.9766 61.8547 86.3308 65.0308 67.0671 25.0799 54.4243 75.0 0.0 32.9848 87.0919 52.6972 59.0085 19.105 80.8084 82.0549 62.1289 18.9737 64.2884 37.4433 77.8974 30.2655 13.6015 27.6586 50.6063 15.2643 69.2315 79.9062 30.4138 100.896 79.7559 18.1108 44.5533 56.0803 88.459 104.6231 32.7567 87.2067 60.0167 47.5184 19.4165 93.3006 52.1728 99.6393 35.7351 100.3195 60.8358 7.0711 74.3303 12.53 60.5392 79.9312 72.6911 66.2118 69.3397 46.0977 32.28 101.7693 73.3894 45.2769 88.5438 55.0818 62.0322 77.666 92.1792 46.5296 33.0 76.9675 66.8506 95.4254 78.1601 85.3288 98.656 21.095 63.8201 50.9902 39.4588 99.0858 69.8713 106.1037 79.7621 78.5175 48.0416 89.6772 56.0803 49.2443 
22.0 18.6011 35.0 57.8705 28.4605 68.4105 18.3848 69.3542 31.0644 74.6726 68.6003 10.0 10.6301 37.0 66.1891 59.0762 64.3506 33.541 71.5681 44.5982 33.0151 59.9416 32.9848 0.0 63.2535 38.8973 27.8927 27.6586 53.2353 50.2494 30.2655 19.799 71.5891 40.5216 76.2365 47.2017 19.4165 32.2025 35.1141 19.0 78.339 68.7095 3.6056 73.3485 60.6053 17.2047 12.0416 56.0803 55.5788 84.9588 1.0 65.7647 70.214 60.4152 17.6918 60.407 26.8701 66.7533 3.6056 76.8375 63.2851 36.2491 70.5762 26.1725 30.4795 68.1542 43.8634 45.607 52.8394 28.7924 1.4142 77.801 49.5782 31.7805 55.7136 25.4951 66.7533 50.1199 71.4493 59.5063 52.0096 55.1725 44.5982 65.2534 46.0977 52.469 70.0071 23.2594 60.208 19.799 15.6525 85.4751 37.1214 82.6196 47.0956 68.6222 63.5295 57.0789 26.4008 59.808 
48.2597 70.2638 64.5136 68.6586 82.0792 27.8029 64.0703 17.8045 90.3549 51.7397 11.1803 63.6318 73.7564 61.2046 59.9333 49.7695 5.831 37.5766 65.7647 79.3095 32.6956 24.6982 87.0919 63.2535 0.0 37.1214 39.6611 69.6419 15.1327 35.0143 40.7063 68.1542 70.6824 60.0083 56.0803 77.026 76.9415 63.9531 37.6563 78.8923 76.9415 33.9411 63.0079 18.7883 14.4222 69.7782 53.7587 54.4059 48.3735 24.3516 62.6259 7.6158 75.0267 75.505 68.0294 60.531 36.6197 52.811 63.7024 13.6015 59.6154 85.7263 50.0 86.4523 69.3542 32.5269 23.7697 21.3776 23.7697 41.1096 64.6607 14.7648 13.8924 42.9535 60.075 38.9487 64.4748 16.7631 12.0 75.3127 81.0062 11.0 20.2485 26.9258 37.1214 47.0956 21.2603 86.0233 48.3322 64.3506 49.3964 35.9026 44.643 19.4165 43.0465 36.7967 80.604 43.7379 69.3542 71.8053 
38.3275 37.4833 60.1664 34.9857 48.0104 57.2451 50.01 51.6236 58.0517 37.054 47.0425 34.1321 48.8467 24.0832 33.6155 23.7697 34.9285 37.4433 39.9625 42.19 12.2066 22.6274 52.6972 38.8973 37.1214 0.0 33.541 34.0 37.0 49.679 37.5899 34.7131 42.638 23.0868 39.4588 40.0125 45.2769 27.2029 4.0 48.2701 49.8197 29.9666 36.7696 54.231 27.313 37.4833 36.0 24.2074 62.2415 51.9711 37.9473 35.4401 44.5982 41.1461 35.3553 72.6223 19.3132 71.5891 41.2311 49.2443 31.6228 50.0899 33.1361 55.1725 60.531 29.5296 33.8378 16.0312 16.6433 10.198 40.1622 50.9902 25.318 7.8102 69.6348 28.2312 36.4005 34.5398 39.9249 40.7185 44.1814 26.1725 18.4391 54.7814 48.0833 59.4643 54.1295 57.4282 24.0416 51.0392 23.5372 47.8017 47.1699 54.8179 53.1507 29.7321 46.0977 60.208 58.1378 38.0789 
8.6023 42.19 28.0179 65.7951 54.037 40.5216 24.4131 42.19 58.6941 69.1231 42.5206 33.0151 37.1618 48.0104 67.1193 57.2713 42.4853 6.0828 73.4302 62.6498 21.5407 46.0109 59.0085 27.8927 39.6611 33.541 0.0 47.1275 26.9072 23.0868 4.2426 41.5933 75.7166 49.679 72.1249 63.1348 46.0977 46.5296 30.0167 46.5296 82.9277 57.0351 29.2746 46.3249 42.2019 41.1096 16.1555 57.4543 31.7648 63.5295 27.6586 44.2832 76.8375 70.7672 40.3113 40.3609 14.4222 42.5441 26.9258 52.6308 65.0 60.531 65.521 53.9351 30.8058 56.0089 17.0294 29.0172 39.0128 26.2488 29.1204 53.1507 27.8568 31.241 36.7967 5.6569 69.6419 24.0416 50.0899 70.0928 68.0955 34.7851 26.1725 37.3631 19.4165 28.6531 42.4853 50.9215 57.3847 24.6982 21.1896 69.4262 14.1421 58.1378 22.3607 58.2151 75.1665 31.6228 30.0832 68.593 
45.1774 10.4403 62.2896 34.0 15.0 84.0536 46.0109 81.3941 26.4197 59.9416 78.2624 17.6918 31.0161 15.2315 46.8402 43.4166 68.352 53.1601 50.8035 16.9706 37.4833 56.0357 19.105 27.6586 69.6419 34.0 47.1275 0.0 65.123 69.857 50.9215 8.0623 49.0918 19.3132 60.0083 19.7231 17.0294 8.9443 32.311 21.0238 55.0091 60.8112 24.0832 84.7172 61.2699 11.7047 36.0555 38.0789 78.5493 85.9593 26.9072 69.0797 46.0977 34.7131 10.2956 85.4751 37.054 89.5377 31.241 82.5409 43.6807 16.1555 55.9464 25.2982 58.1378 60.8276 58.0775 48.3839 50.6063 28.6356 27.8029 84.119 56.2939 26.9258 81.1234 42.2019 45.7056 62.0725 73.8241 33.7343 24.4131 59.1354 49.4773 81.0987 66.4831 75.3923 83.1505 31.1448 45.2769 47.4236 25.9615 79.9812 60.0083 88.2553 69.2892 59.4643 37.0 78.7464 54.037 35.1283 
35.3553 63.561 49.7695 71.5891 75.71 20.2485 50.9902 16.4924 82.5409 61.4003 15.6205 55.6597 63.2851 59.8415 66.2193 55.6058 20.025 23.6008 72.4707 77.4145 28.0713 33.8378 80.8084 53.2353 15.1327 37.0 26.9072 65.123 0.0 20.2237 27.0185 61.9839 76.6094 59.6657 65.437 76.1183 69.2604 61.131 35.9026 70.5762 83.4086 44.7772 53.7122 20.2485 25.0799 62.8172 42.4382 58.8303 33.9559 39.2938 52.7731 22.0227 79.925 78.0 61.3922 46.0977 28.6356 39.8246 53.0 26.4197 65.215 80.6226 58.8982 78.1857 55.0727 43.4166 9.8995 21.9545 29.6985 37.054 54.5894 26.6271 12.8062 40.4475 45.2769 27.7849 70.214 3.1623 27.074 77.6209 80.604 17.4929 18.7883 17.8885 22.0227 32.3883 18.0278 76.4788 54.6717 51.0882 41.4849 50.3587 29.7321 31.6228 28.0 47.1699 83.006 29.7321 55.4707 74.7329 
28.4429 65.2763 34.0588 84.4038 77.1038 20.6155 41.1461 27.2947 81.3019 79.7559 31.3209 56.0803 58.4637 68.8767 82.134 71.5891 40.1995 17.0294 88.5268 84.7585 38.0132 52.8015 82.0549 50.2494 35.0143 49.679 23.0868 69.857 20.2237 0.0 20.025 64.6297 91.9239 69.8355 83.5284 84.6936 69.0072 68.352 47.2017 69.1809 99.0051 64.0781 52.0384 31.3847 44.9222 64.195 38.2099 73.5527 13.9284 58.4209 50.1597 42.19 94.2603 90.1388 63.3877 25.9615 34.0147 21.9317 48.6621 44.1475 80.6226 83.6002 76.8505 76.4199 41.0366 62.7694 16.4012 38.0132 47.5079 45.6508 51.3517 43.6807 30.8707 50.2494 25.0799 27.6586 85.5628 19.9249 47.0106 89.5879 89.5545 37.0 34.4093 17.6918 4.4721 12.1655 25.807 72.5672 71.0634 40.7063 43.9318 70.5762 15.2643 48.3839 8.544 66.2118 94.8736 10.6301 42.8019 87.4185 
8.9443 45.5412 25.0799 70.0357 57.2189 38.6264 24.0416 41.4005 61.2944 72.8011 42.45 36.2215 38.8973 52.2015 71.1969 61.2699 44.0114 3.6056 77.5242 66.6408 25.4951 49.0408 62.1289 30.2655 40.7063 37.5899 4.2426 50.9215 27.0185 20.025 0.0 45.1221 79.8812 53.9073 75.8947 67.2309 49.0 50.6063 34.1321 49.163 87.0919 60.208 32.0156 45.607 44.5533 44.4072 18.2483 61.5873 27.7308 64.8845 30.1496 45.8803 81.0555 75.0067 43.7379 36.1248 18.6011 38.6264 28.8617 53.2541 69.1158 63.9531 69.2604 56.4358 28.7924 59.1354 17.2047 32.0624 42.19 30.4795 31.4006 53.6004 29.8329 35.4683 32.5576 9.8995 73.7835 24.4131 51.6236 74.3303 72.2011 36.8782 29.0 35.4683 16.0312 24.5967 41.3401 52.8867 61.327 24.0832 25.0799 71.8471 9.8995 58.6003 18.3848 61.5224 79.3977 27.8927 28.6531 72.8354 
38.6264 3.1623 54.6717 41.1947 13.9284 80.0999 38.1838 78.4474 23.3452 64.622 75.9605 10.0 23.0868 21.095 52.7731 48.1041 67.5352 47.676 57.2189 24.8395 35.4683 57.3149 18.9737 19.799 68.1542 34.7131 41.5933 8.0623 61.9839 64.6297 45.1221 0.0 56.0089 25.1794 65.146 27.7849 11.1803 15.0 32.2025 14.8661 62.2013 63.4114 16.2788 82.0 61.2944 4.0 29.0689 43.4166 72.4224 86.267 19.105 68.4763 53.4603 42.45 2.2361 78.721 33.3766 83.5225 23.3452 81.4371 49.6488 19.0263 60.5392 20.8087 50.2494 63.2535 54.1479 47.4131 51.225 27.2947 19.8494 82.8553 54.4243 27.0185 74.2428 37.1214 52.1536 58.8558 73.5731 41.4849 32.45 58.1378 47.927 77.0584 61.0 69.2604 79.9062 25.0 49.7695 39.598 21.0 82.134 53.7587 87.2353 63.3246 62.426 44.9444 73.0068 46.0977 42.5793 
79.177 59.0 100.6479 15.2971 62.1691 96.2549 87.5957 88.1192 73.7564 25.318 81.8596 62.6498 78.4092 35.1283 10.7703 21.095 65.9242 80.0 6.0828 39.9249 54.8179 46.2385 64.2884 71.5891 70.6824 42.638 75.7166 49.0918 76.6094 91.9239 79.8812 56.0089 0.0 31.257 21.8403 34.5398 66.1211 41.0122 45.8039 70.1142 7.2111 40.4475 68.2495 89.4707 56.4624 60.0083 74.0945 18.4391 104.8046 72.3395 70.6116 65.192 6.7082 18.0278 58.0345 115.2562 61.2944 113.8464 74.9533 78.1601 11.4018 57.8705 24.0 73.8241 99.368 41.5933 75.6902 54.8179 47.5079 49.7393 72.3671 80.3617 63.8201 44.7772 112.2007 70.1783 6.4031 74.8131 66.4831 18.868 33.6155 60.9016 58.258 94.3027 90.6091 102.0686 91.3017 80.2247 22.3607 88.8651 60.1664 56.2228 89.627 82.2253 95.7758 37.3363 20.5183 102.5329 96.1353 15.2315 
51.0882 28.2843 71.5612 17.4642 34.0 79.8123 57.2713 74.6726 45.618 40.8167 70.1142 31.4006 47.1699 4.1231 27.6586 24.4131 57.3149 55.0 32.0624 19.9249 32.311 41.4367 37.4433 40.5216 60.0083 23.0868 49.679 19.3132 59.6657 69.8355 53.9073 25.1794 31.257 0.0 40.7185 17.0294 35.9026 10.4403 23.7697 39.8121 37.855 43.8292 37.108 77.3175 48.8365 29.1548 44.4185 18.7883 81.0247 72.111 39.5601 57.5587 29.7321 21.2603 27.074 90.0278 36.0555 91.2688 43.9659 71.5681 24.5153 32.5576 36.8917 44.5982 69.3181 44.1022 55.1543 39.1152 37.6563 24.1868 41.2311 73.437 48.3735 19.6977 86.3134 44.0454 27.0185 57.0088 61.3922 20.5183 21.095 49.0102 41.4367 77.201 67.4166 78.0064 77.1038 50.01 26.4008 58.6003 30.8058 63.2456 63.7809 76.9415 71.6101 42.0119 25.4951 79.925 65.7951 19.7231 
77.666 68.3081 99.4636 31.8904 74.686 83.4506 89.2749 73.8783 86.3308 4.4721 67.0075 69.0507 85.0 44.7772 14.8661 17.2627 50.6063 75.0267 15.8114 56.0803 50.6952 31.8277 77.8974 76.2365 56.0803 39.4588 72.1249 60.0083 65.437 83.5284 75.8947 65.146 21.8403 40.7185 0.0 50.9902 76.2168 51.0784 43.4166 80.0062 25.0 22.4722 73.437 74.4043 41.7732 68.9638 75.2396 21.9317 97.2471 52.6308 75.2396 49.4065 28.4605 37.4433 66.7608 108.706 58.4637 104.8618 79.1012 60.8276 17.6918 72.4017 6.7082 85.235 99.985 23.8537 67.2309 45.6508 36.0555 49.163 77.3175 63.0635 53.0094 45.0111 106.4519 67.1863 18.868 64.405 49.2443 38.0132 51.6624 48.1664 49.2443 82.0366 83.2406 94.8947 77.3369 90.1388 16.0312 90.3549 62.0081 35.0143 84.8646 64.0781 89.0056 19.4165 41.1825 94.0319 97.5141 33.6006 
62.8013 29.9666 81.3449 19.7231 29.0172 96.1041 65.437 91.444 40.1123 52.345 87.0517 37.2022 50.5668 16.2788 36.2353 37.4433 74.3303 68.884 38.0789 5.3852 48.2701 57.9741 30.2655 47.2017 77.026 40.0125 63.1348 19.7231 76.1183 84.6936 67.2309 27.7849 34.5398 17.0294 50.9902 0.0 35.171 16.6433 40.3113 39.0512 39.0512 59.0339 43.6005 94.1913 65.7647 31.305 54.4885 30.8058 94.8947 88.6002 46.4004 74.5453 29.8329 17.2627 30.0167 102.9029 50.6952 105.5462 50.8035 88.5664 33.3017 23.5372 48.9183 41.0488 77.6209 59.5063 70.8802 56.0357 54.5894 39.5601 47.4342 90.4489 65.192 35.6931 98.813 57.7062 33.2866 73.3485 78.2624 16.2788 5.0 66.0303 58.2151 93.3916 81.8596 91.7878 93.771 48.5077 39.6611 66.8431 42.4382 78.2943 76.8505 93.9042 85.4751 56.8243 18.1108 94.3716 73.6003 19.3132 
41.1947 8.0623 53.2353 51.0098 9.434 86.1452 36.2353 85.7263 13.4164 75.7694 83.9345 13.6015 16.9706 31.7805 63.561 59.2368 76.8505 52.0384 67.7422 31.0161 44.4185 67.897 13.6015 19.4165 76.9415 45.2769 46.0977 17.0294 69.2604 69.0072 49.0 11.1803 66.1211 35.9026 76.2168 35.171 0.0 25.4951 42.45 4.0 72.0 74.4043 17.0294 89.493 71.218 7.8102 31.1448 54.4059 74.9667 96.2133 19.2354 77.9359 63.0317 51.3517 10.0 79.6994 40.8534 86.1452 22.1359 90.4268 60.4152 17.8045 71.6938 9.8995 47.4342 74.2024 60.6383 56.8595 61.5549 37.0135 18.6815 91.7061 63.0635 37.4833 74.9466 42.5793 62.6498 66.0984 83.2346 50.3587 39.2173 67.4166 56.9386 83.0241 65.0077 71.8471 86.8332 14.1421 60.9262 37.5899 27.8568 92.957 56.4358 96.2549 66.3702 73.4983 53.1507 76.3217 43.0116 52.0384 
46.2277 18.0278 65.2993 26.3059 23.8537 80.7527 49.93 77.0 35.3553 51.0 73.2462 22.4722 37.6563 6.3246 38.0789 34.4819 62.0967 52.3259 42.2966 16.4924 33.0606 48.3735 27.6586 32.2025 63.9531 27.2029 46.5296 8.9443 61.131 68.352 50.6063 15.0 41.0122 10.4403 51.0784 16.6433 25.4951 0.0 26.3059 29.4279 47.2652 52.4023 28.6356 80.0562 54.4243 19.0 38.2099 29.1548 78.2943 78.721 31.305 62.6418 38.6394 28.2312 17.0294 86.267 34.4819 89.0 35.7771 76.4003 34.9285 23.6008 47.0106 34.176 62.1289 52.4976 55.109 42.5793 43.4626 24.0832 32.6956 78.1025 51.1566 21.095 82.201 41.1461 37.2156 58.2151 67.0671 27.313 21.6333 53.1507 44.1814 77.9295 65.3911 75.1798 79.0569 39.6232 36.3593 51.3128 25.807 71.7008 60.208 82.0061 68.884 50.9117 31.3847 77.8781 58.3095 27.8927 
34.4819 34.8281 56.3205 37.2022 45.793 56.0446 46.0109 51.1566 55.4437 41.0488 47.0425 30.8058 45.1885 24.0832 37.1214 27.5136 36.0555 34.2053 43.4166 42.0 9.2195 25.6125 50.6063 35.1141 37.6563 4.0 30.0167 32.311 35.9026 47.2017 34.1321 32.2025 45.8039 23.7697 43.4166 40.3113 42.45 26.3059 0.0 45.2769 53.0094 33.6155 33.1059 54.0093 29.1548 34.7131 32.0 27.4591 59.4138 54.0833 34.176 36.7696 47.3814 43.0465 32.6497 69.527 15.6525 69.029 37.3631 50.2892 34.9857 48.4665 37.1214 52.345 56.5685 33.1059 31.7648 16.2788 19.105 6.3246 36.4005 51.923 25.0 5.3852 66.4003 24.5967 39.6611 33.2415 41.5933 42.5441 44.7214 26.9258 18.0 53.4509 45.3431 56.5685 53.4603 54.2033 27.8927 47.0425 19.6469 51.0392 43.8292 55.9732 50.2096 33.5261 47.8853 57.6281 54.1479 40.2244 
41.0 11.7047 51.4782 55.0091 12.0416 86.885 34.5398 86.977 12.1655 79.4796 85.4927 15.2643 14.4222 35.6931 67.4685 62.9682 79.0569 52.345 71.7008 34.7851 46.6154 70.8378 15.2643 19.0 78.8923 48.2701 46.5296 21.0238 70.5762 69.1809 49.163 14.8661 70.1142 39.8121 80.0062 39.0512 4.0 29.4279 45.2769 0.0 76.0 77.666 17.2627 90.824 73.7564 11.1803 31.0161 58.2409 74.4312 98.7168 19.0263 80.2122 67.0298 55.3263 13.4164 78.5875 42.4853 85.5862 21.2132 92.4392 64.3273 20.5183 75.3923 7.6158 45.2769 77.4209 61.6847 59.203 64.3506 39.6232 18.0278 93.6483 65.0 40.4599 73.7631 43.4166 66.6108 67.4166 85.6037 54.3323 43.0116 69.6348 59.0762 83.7437 65.0692 71.3442 87.9318 10.198 64.622 35.8469 29.5296 96.0469 56.0803 98.27 66.0681 76.8505 57.0701 76.0592 40.8167 56.0357 
86.3539 65.123 107.7868 21.0238 67.4759 102.9029 94.578 94.5145 78.9177 29.0689 88.1192 69.2315 84.8528 41.5933 17.2047 27.8029 72.0139 87.2009 11.1803 44.3847 62.0081 52.3259 69.2315 78.339 76.9415 49.8197 82.9277 55.0091 83.4086 99.0051 87.0919 62.2013 7.2111 37.855 25.0 39.0512 72.0 47.2652 53.0094 76.0 0.0 45.607 74.9533 95.7131 62.6099 66.1891 81.1542 25.6125 111.9464 77.1038 77.3692 71.1758 9.2195 21.8403 64.2806 122.4418 68.5055 120.9173 81.7435 83.8153 18.3848 62.5859 28.6356 79.3095 106.4049 46.8402 82.7345 61.7171 54.0833 56.9386 79.0759 86.0349 70.6045 51.9711 119.4027 77.3886 13.4536 81.6884 72.111 22.8035 37.3363 67.4166 65.192 101.0198 97.7446 109.2245 97.7548 86.0233 28.8444 95.8593 67.2309 60.0083 96.8349 87.6413 102.9417 42.45 22.8254 109.6221 103.1213 20.0998 
64.0703 66.4003 85.0529 43.9318 75.6902 61.6198 77.9295 51.6624 86.5563 18.0278 44.6878 64.0078 78.7909 47.0106 30.0666 22.561 28.3196 58.5491 34.7131 63.1348 37.4833 11.4018 79.9062 68.7095 33.9411 29.9666 57.0351 60.8112 44.7772 64.0781 60.208 63.4114 40.4475 43.8292 22.4722 59.0339 74.4043 52.4023 33.6155 77.666 45.607 0.0 66.7083 52.0096 20.0 66.6108 64.3273 29.1204 78.0 32.0156 67.7791 27.0185 46.0977 50.8035 64.405 89.8888 45.3982 84.5991 70.8378 38.4838 31.0161 75.9276 17.088 84.2021 87.1436 1.4142 48.3839 28.1603 18.0278 39.9249 70.0071 40.7185 33.2415 37.5899 88.2326 53.0377 35.0571 44.2832 26.8328 50.9902 61.4654 27.2947 31.4006 60.4401 64.5136 75.9605 55.1725 87.1321 20.3961 78.7718 53.1413 19.4165 68.0661 42.0595 70.5195 3.1623 55.5788 74.2496 85.4751 46.6905 
24.1868 15.2643 38.4187 54.4059 25.7099 69.6348 21.9317 70.0071 29.4279 72.0069 68.884 6.4031 12.083 33.5261 63.0714 56.2228 63.7809 35.1283 68.3593 41.0366 31.8904 58.3095 30.4138 3.6056 63.0079 36.7696 29.2746 24.0832 53.7122 52.0384 32.0156 16.2788 68.2495 37.108 73.437 43.6005 17.0294 28.6356 33.1059 17.2627 74.9533 66.7083 0.0 73.9256 59.5483 13.8924 14.1421 53.0094 58.0517 84.1487 2.8284 65.1153 66.7608 56.8595 14.2127 63.3246 26.4008 69.2315 7.2111 76.6094 60.1332 33.2415 67.897 24.7386 34.0588 66.2118 44.5982 44.5982 51.3128 26.8328 4.1231 77.666 49.2037 29.4109 58.6941 26.2488 63.5059 50.5668 70.7248 55.9464 48.4149 54.4885 43.8634 66.4906 48.0 54.9181 70.8378 23.0217 57.4282 23.3452 14.2127 83.863 39.4588 82.4197 49.366 66.4831 59.9416 59.3043 30.0 56.3028 
54.4059 83.678 65.215 87.0919 95.8019 14.0 69.527 4.2426 102.7862 70.0 7.6158 75.8947 83.2406 78.0577 78.721 68.542 23.8537 42.0119 84.534 96.0052 47.2652 43.4166 100.896 73.3485 18.7883 54.231 46.3249 84.7172 20.2485 31.3847 45.607 82.0 89.4707 77.3175 74.4043 94.1913 89.493 80.0562 54.0093 90.824 95.7131 52.0096 73.9256 0.0 33.121 82.9699 62.2656 73.0548 41.4849 32.28 72.9178 25.0 93.7763 93.8616 81.4923 52.7731 48.7647 42.0 72.9452 17.088 78.3901 100.449 68.5055 98.4327 71.7008 50.6063 29.5296 38.2099 42.3792 56.2228 74.686 15.5242 29.0172 59.0085 53.8516 47.8539 83.2586 23.4094 26.2488 93.6216 98.4124 29.1204 36.0139 15.2971 35.2278 41.4367 6.0828 96.6075 67.1193 69.4262 61.6847 49.7393 45.4533 19.0263 39.8246 55.0 98.9545 36.1386 72.8629 90.2497 
50.2892 63.8201 69.5845 55.4437 74.9466 41.7253 65.5515 32.2025 84.4038 37.4833 25.5539 58.7282 71.218 50.6952 45.6946 35.7351 9.4868 42.19 51.4296 68.6586 27.6586 10.2956 79.7559 60.6053 14.4222 27.313 42.2019 61.2699 25.0799 44.9222 44.5533 61.2944 56.4624 48.8365 41.7732 65.7647 71.218 54.4243 29.1548 73.7564 62.6099 20.0 59.5483 33.121 0.0 63.6003 53.2353 40.7922 58.8218 25.0 59.8164 9.0554 61.0328 62.3939 61.6117 70.8802 34.1321 64.846 61.8547 23.0 45.5412 77.3886 35.609 81.0555 73.0068 18.6011 30.1496 15.0 11.1803 34.2053 62.0081 25.02 15.0 34.4819 69.6348 39.5601 50.3289 25.0 12.6491 62.2896 69.3542 8.0623 16.5529 40.4599 45.8912 57.0088 35.609 82.0244 34.176 66.1287 45.3431 27.2947 51.0 28.1603 51.9711 22.6716 67.4759 54.7814 72.1249 58.5491 
37.3631 1.4142 52.2015 45.1774 13.0384 80.399 35.4683 79.3095 20.8087 68.352 77.1622 8.2462 19.3132 25.0799 56.7186 51.8652 69.4622 47.1699 61.2046 28.0179 37.1214 60.1082 18.1108 17.2047 69.7782 37.4833 41.1096 11.7047 62.8172 64.195 44.4072 4.0 60.0083 29.1548 68.9638 31.305 7.8102 19.0 34.7131 11.1803 66.1891 66.6108 13.8924 82.9699 63.6003 0.0 27.5136 47.2969 71.3092 88.6002 16.6433 70.4911 57.4282 46.3249 2.2361 77.0779 34.2053 82.4621 20.6155 83.1865 53.6004 19.6469 64.2573 17.6918 47.3814 66.4003 54.5894 49.3964 53.8145 29.4109 17.0294 84.5281 55.9464 29.6985 72.4983 37.0135 56.1427 59.6657 75.7166 45.3542 35.8469 60.0333 49.6488 77.3175 60.407 68.1542 80.604 21.1896 53.4883 36.8782 21.3776 85.1469 52.6308 89.0056 62.3699 65.7343 48.7032 72.1803 43.1393 46.5296 
10.0499 28.7924 27.2029 61.7738 39.8121 56.6127 14.0357 58.1808 43.1045 73.0274 58.0086 19.3132 21.0238 41.6173 67.1863 58.6941 55.6058 21.587 73.0821 52.8015 26.9258 54.4059 44.5533 12.0416 53.7587 36.0 16.1555 36.0555 42.4382 38.2099 18.2483 29.0689 74.0945 44.4185 75.2396 54.4885 31.1448 38.2099 32.0 31.0161 81.1542 64.3273 14.1421 62.2656 53.2353 27.5136 0.0 57.0088 43.9318 76.6094 12.0 57.2014 73.7902 65.4599 27.313 49.6588 19.3132 55.109 10.7703 67.1789 64.56 47.1275 69.0652 38.2099 25.2982 63.561 32.7567 38.4838 47.1275 26.0768 13.1529 67.9412 40.6079 30.4138 45.1774 14.8661 68.6222 39.4081 63.0079 64.6375 59.4643 46.8722 36.7151 53.4509 34.0588 40.7922 58.6003 34.7851 59.4138 15.1327 13.9284 79.4796 25.318 72.8629 35.2278 64.7765 69.2026 45.1774 22.3607 64.1405 
61.327 46.5725 83.006 15.0333 52.7731 78.7718 70.8308 71.3092 64.405 22.2036 65.4599 48.0937 64.1249 22.8473 10.198 6.7082 50.2195 61.6117 16.1555 35.4683 36.4005 31.1448 56.0803 56.0803 54.4059 24.2074 57.4543 38.0789 58.8303 73.5527 61.5873 43.4166 18.4391 18.7883 21.9317 30.8058 54.4059 29.1548 27.4591 58.2409 25.6125 29.1204 53.0094 73.0548 40.7922 47.2969 57.0088 0.0 86.3713 60.407 55.0818 49.8197 21.095 22.0227 45.1221 96.8297 43.0465 95.483 59.2115 63.5059 7.6158 50.8035 18.4391 63.3246 82.28 29.8329 57.3847 36.8917 30.6757 31.7805 57.0351 65.6201 46.1411 26.9258 93.8136 51.9711 12.2066 56.8595 52.1536 22.0907 32.6497 44.0114 40.2244 76.6616 72.1803 83.6301 74.3236 68.4105 8.9443 72.0347 43.1741 47.927 71.2811 68.1836 77.3369 26.5707 27.0 84.1487 79.3095 18.0 
33.9559 72.5328 29.9666 96.4261 83.7437 28.2312 42.2966 37.855 86.209 93.5361 43.1856 63.0635 62.0 79.6116 95.268 84.8116 53.7587 26.0768 101.671 94.3716 50.2096 66.7083 88.459 55.5788 48.3735 62.2415 31.7648 78.5493 33.9559 13.9284 27.7308 72.4224 104.8046 81.0247 97.2471 94.8947 74.9667 78.2943 59.4138 74.4312 111.9464 78.0 58.0517 41.4849 58.8218 71.3092 43.9318 86.3713 0.0 71.0282 55.7315 55.7315 106.7755 101.8283 70.8802 12.1655 45.0 11.1803 53.2353 56.2228 93.6056 90.956 90.5539 81.1542 38.0789 76.6942 30.0167 51.6236 61.2944 57.0088 56.4358 55.4437 44.7772 61.8466 12.3693 37.2156 98.4937 33.8378 60.2993 101.2126 99.8499 50.9215 48.0208 26.2488 14.2127 3.1623 35.4401 76.0263 84.4038 41.4367 52.8015 84.1724 18.6815 59.8415 9.434 80.1124 106.4002 5.3852 41.1096 99.3579 
72.0694 88.8144 88.8651 75.4255 99.8599 45.8912 87.818 34.5254 109.4029 48.2701 28.0713 83.6301 95.5877 74.4648 62.0725 54.1479 21.095 61.8466 66.4831 92.0272 52.345 30.6757 104.6231 84.9588 24.3516 51.9711 63.5295 85.9593 39.2938 58.4209 64.8845 86.267 72.3395 72.111 52.6308 88.6002 96.2133 78.721 54.0833 98.7168 77.1038 32.0156 84.1487 32.28 25.0 88.6002 76.6094 60.407 71.0282 0.0 84.22 19.4165 78.1025 82.3893 86.6083 83.0 58.1378 73.5527 85.9127 15.2971 63.0 102.0 48.5077 106.0424 93.6216 31.0 48.1041 39.6232 35.3553 59.203 86.3713 16.7631 36.0555 59.3633 83.1505 62.1289 67.0671 41.1096 13.6015 82.4924 91.6788 29.8329 40.3609 46.3897 61.0 70.1783 37.855 106.8316 52.0865 88.193 70.0071 20.0 68.9638 14.4222 66.7533 35.0571 87.2812 66.0 93.4719 78.3135 
22.0227 18.0278 35.609 56.921 28.1603 68.1542 19.105 68.942 31.1448 73.6817 68.0955 9.2195 11.4018 36.0555 65.192 58.0775 63.6553 33.3766 70.5762 43.8634 32.2025 59.0593 32.7567 1.0 62.6259 37.9473 27.6586 26.9072 52.7731 50.1597 30.1496 19.105 70.6116 39.5601 75.2396 46.4004 19.2354 31.305 34.176 19.0263 77.3692 67.7791 2.8284 72.9178 59.8164 16.6433 12.0 55.0818 55.7315 84.22 0.0 65.0538 69.2604 59.5063 17.0294 60.7454 26.1725 66.9104 4.4721 76.2168 62.2896 35.8469 69.5845 26.3059 31.241 67.2309 43.4626 44.8219 51.9711 27.8568 2.2361 77.201 48.9183 30.8058 56.0803 25.0799 65.7647 49.6488 70.7248 58.6003 51.225 54.4518 43.8634 65.0 46.0435 52.6118 69.6419 23.7065 59.2115 20.5183 14.7648 84.5991 37.2156 82.0061 47.1699 67.6757 62.6498 57.1402 27.2029 58.8727 
