10
0.0 2.2361 8.9443 12.2066 6.3246 8.544 8.6023 10.6301 8.0623 6.3246
2.2361 0.0 6.7082 10.0 4.1231 7.0711 6.7082 8.6023 6.0 5.0 
8.9443 6.7082 0.0 3.6056 2.8284 6.4031 4.2426 4.1231 3.0 6.3246 
12.2066 10.0 3.6056 0.0 6.4031 7.0711 5.0 3.1623 6.3246 9.8489 
6.3246 4.1231 2.8284 6.4031 0.0 6.7082 5.099 6.0828 2.2361 4.0 
8.544 7.0711 6.4031 7.0711 6.7082 0.0 2.2361 4.0 8.6023 10.4403 
8.6023 6.7082 4.2426 5.0 5.099 2.2361 0.0 2.2361 6.7082 9.0554 
10.6301 8.6023 4.1231 3.1623 6.0828 4.0 2.2361 0.0 7.0711 10.0499 
8.0623 6.0 3.0 6.3246 2.2361 8.6023 6.7082 7.0711 0.0 3.6056 
6.3246 5.0 6.3246 9.8489 4.0 10.4403 9.0554 10.0499 3.6056 0.0 
