100
0.0 33.2415 71.218 46.0435 60.7289 7.0 24.3311 68.0147 44.643 46.0977 21.2603 61.4654 26.4764 50.0899 55.2178 25.2389 51.7397 45.8039 64.56 51.1566 51.1957 26.6271 37.3363 22.0227 77.7946 50.774 30.4138 44.4185 57.7754 70.8378 62.8013 19.2354 44.2041 13.0384 2.8284 22.3607 36.4005 26.6833 69.3542 9.2195 38.8973 36.3456 34.8281 65.5515 60.8769 15.8114 37.3363 42.8019 21.587 33.7343 65.4599 74.411 45.7056 27.313 24.7588 35.805 52.4309 40.7185 27.2029 25.318 20.025 50.0899 29.6985 41.0122 65.8559 71.2811 67.8012 34.1321 55.3624 34.4093 26.4197 31.257 25.7099 37.6431 69.7711 18.2483 11.4018 59.6825 7.2111 34.4819 32.3883 56.3028 44.6542 60.0083 67.1193 51.3517 23.0868 48.9183 31.1448 58.8982 23.5372 58.8218 28.7924 40.7063 52.5547 61.2944 19.6469 42.0595 36.6197 45.607 
33.2415 0.0 81.4923 73.736 53.2635 38.6005 54.7083 76.922 21.9545 39.1152 12.0416 92.7847 56.9386 75.9605 88.0909 58.258 84.8999 78.7464 38.3275 79.1202 74.1485 38.0526 23.6008 55.2268 84.5044 19.4165 60.8276 77.201 76.0066 79.404 95.7758 20.6155 77.3369 26.9258 33.3017 28.0179 14.1421 52.2015 84.4808 41.2311 37.3363 21.6333 45.0999 84.0 70.0928 17.8045 63.6003 10.4403 53.0 18.3576 58.1378 82.8613 25.807 59.6406 57.9828 5.3852 85.276 14.3178 52.2015 28.0713 22.3607 77.8332 3.6056 68.7095 74.7262 83.5464 78.8543 29.1548 48.6004 5.0 48.0521 29.1204 51.264 52.0 39.0512 49.3964 39.9625 92.2009 40.3609 65.8635 30.3645 58.6941 61.0328 86.1278 63.0079 76.1577 52.8394 56.5155 46.0977 92.0217 19.0 79.2275 33.1361 73.0068 25.318 74.6726 46.0977 46.1736 45.5412 59.1354 
71.218 81.4923 0.0 47.0744 40.4969 75.743 57.6888 5.099 68.0074 46.0109 75.3923 67.0075 57.4543 41.4367 76.7919 77.3886 79.8311 73.4983 76.1577 48.2597 33.541 46.5296 100.8464 74.0608 10.0 83.006 89.8721 88.3912 21.2132 4.2426 82.2192 64.0781 84.1546 82.3772 68.4105 91.586 69.7209 48.4149 12.083 65.7647 44.5533 61.5224 38.0132 20.6155 11.4018 72.0139 101.4002 82.6075 82.6196 63.9531 39.3573 5.0 64.0078 82.3772 71.8679 78.4474 75.1332 73.3348 94.8472 94.1541 61.8466 47.3814 80.3617 47.4342 7.0 5.0 3.6056 101.5332 41.0 77.666 96.1769 99.363 49.0408 33.6006 89.822 81.5659 60.8769 75.1665 72.1388 89.6939 100.7224 25.1794 114.5513 43.1856 32.7567 38.3275 56.6127 25.0 40.2244 82.7345 88.1022 26.0 49.0408 66.0984 75.1665 11.1803 53.7587 112.8938 107.8007 25.6125 
46.0435 73.736 47.0744 0.0 66.2118 46.2709 22.0907 47.2652 73.4098 59.203 62.6418 23.7065 20.2237 6.4031 30.0167 37.2156 32.7567 26.5707 90.5097 5.3852 13.6015 39.2046 83.2947 35.3412 56.8859 85.7555 49.6488 42.72 25.9615 49.4975 36.2215 53.3104 38.0789 59.0085 44.1814 68.0294 69.1158 21.5407 38.0789 37.0 51.7397 63.6003 37.6431 30.0167 43.0116 57.0088 61.8547 80.4984 45.1885 63.5138 68.7095 51.9711 71.5891 41.8808 31.7648 73.8241 28.1603 74.0945 59.0931 71.0282 51.8941 4.1231 70.8378 5.099 46.0977 43.9659 43.7379 80.0062 62.6498 72.4983 62.6259 77.026 22.4722 31.0644 100.896 45.8803 35.3553 29.4279 42.19 47.5079 78.0577 51.2445 79.1581 14.3178 65.521 9.434 23.0 41.4367 32.5269 36.0139 69.3542 22.3607 46.2277 19.7231 82.6196 36.3456 27.8927 84.9294 78.339 31.6228 
60.7289 53.2635 40.4969 66.2118 0.0 67.4463 62.2896 35.4683 33.541 15.2643 52.8015 89.8999 63.5059 63.6318 93.9628 79.1012 94.3663 87.0976 36.2215 70.2353 56.8595 36.1248 76.3806 75.1066 38.2099 47.4342 88.955 96.1301 49.4975 36.6879 101.1929 44.2945 93.4345 66.6483 58.2409 73.7835 39.2046 52.6118 49.7393 60.6712 21.8403 31.8277 31.257 54.8179 31.9061 52.4786 97.7446 50.1199 80.0625 35.3553 5.0 39.0512 29.0689 83.2947 75.0 48.6004 91.4822 40.8167 87.9318 75.452 42.4853 68.884 53.7587 63.3246 34.0147 44.7772 39.8121 80.1561 5.3852 48.4149 86.7295 79.0253 52.469 35.7351 50.1597 77.4661 55.4437 94.921 65.5134 91.351 80.4301 17.0294 104.2785 70.8025 10.4403 61.5873 60.208 25.2389 37.3363 99.7246 67.0075 55.1725 32.0156 79.0759 38.0789 40.8044 53.0094 95.4411 92.4392 34.9857 
7.0 38.6005 75.743 46.2709 67.4463 0.0 24.1868 72.8354 51.4198 52.9528 26.9258 59.203 26.0768 50.9902 51.4782 19.799 47.4342 42.0595 71.3092 51.0882 53.1413 32.6497 38.8973 17.2047 82.807 56.8243 23.5372 38.6005 60.9016 75.6637 58.8303 26.1725 38.8973 14.3178 9.2195 22.2036 43.0116 29.0689 72.9452 10.2956 45.607 43.2897 40.4969 68.4251 65.7951 21.9317 30.4138 48.5489 14.8661 40.6079 72.1249 79.196 52.6118 21.095 20.5913 41.6773 48.7647 47.1699 20.6155 25.1794 27.0185 50.1597 35.0 41.4367 70.7248 75.4321 72.2496 34.2345 62.0967 40.3113 20.6155 31.1448 28.178 42.45 76.0592 11.4018 14.8661 56.3649 4.1231 27.8568 32.0624 62.2656 39.0512 60.531 73.5391 52.6308 23.5372 54.4059 36.2353 54.6443 25.9422 61.327 35.4401 37.9473 59.1354 65.437 22.4722 39.2173 33.1059 50.2096 
24.3311 54.7083 57.6888 22.0907 62.2896 24.1868 0.0 55.9464 59.203 50.9608 42.9418 38.0789 2.2361 26.9258 35.0 19.7231 33.541 26.4197 78.2304 27.0 30.0167 27.5136 61.6604 16.4012 66.242 69.3542 32.2025 34.0147 39.6232 58.6686 42.8019 35.4683 31.1448 37.1214 22.8035 46.0 53.0377 10.198 52.3259 15.1327 42.72 49.4065 31.0644 46.4004 49.6588 37.1214 43.9318 62.8013 25.4951 48.2701 66.0681 61.9112 58.5235 24.6982 14.3178 55.8032 32.2025 57.9828 38.833 49.0 34.6554 26.0192 51.4782 17.2627 54.1202 56.2228 54.0833 58.0086 57.5587 54.4059 41.5933 55.0 10.0499 28.4429 86.5563 25.2389 14.7648 38.1838 20.0998 32.2025 56.0089 51.4782 59.0762 36.3456 65.123 28.7924 2.2361 41.7732 25.02 39.9625 47.8539 38.833 34.0147 19.2094 68.2495 46.6154 10.2956 63.0635 56.6127 34.176 
68.0147 76.922 5.099 47.2652 35.4683 72.8354 55.9464 0.0 63.0317 41.0 71.1758 68.2642 55.9017 42.0119 77.2334 75.6637 79.9062 73.3485 71.0634 49.0 34.0147 42.72 96.6644 72.2011 10.2956 78.0256 87.983 87.5957 22.0907 2.8284 83.006 59.9333 83.5225 78.8162 65.192 87.9204 64.9384 46.3249 15.6205 63.0317 39.8121 56.7186 34.1321 23.2594 7.2111 68.0 99.2975 77.7817 80.4487 59.2284 34.4819 6.4031 59.0 80.6226 70.2353 73.7564 75.4255 68.469 92.3147 90.4268 57.6975 48.0104 75.8947 47.0744 2.2361 9.434 5.0 97.6166 35.9026 73.0068 93.3809 95.5249 46.8722 30.4138 84.7231 79.2023 58.0 76.0 69.3542 88.1192 96.8969 20.0998 111.8034 44.911 28.0179 39.0 54.7083 20.6155 36.8782 83.2166 84.119 27.4591 44.7772 65.7343 70.1142 11.0 51.225 109.4029 104.4844 22.6716 
44.643 21.9545 68.0074 73.4098 33.541 51.4198 59.203 63.0317 0.0 22.0907 27.074 95.483 61.2209 73.7835 94.2019 69.0797 92.358 85.4459 19.9249 78.6003 69.7711 34.2053 45.4863 65.3911 68.884 15.0 74.9533 88.2383 68.0074 65.123 102.0049 25.632 87.2067 44.0114 43.3244 48.0521 9.0554 53.0377 73.6817 49.6588 24.7386 9.8995 37.5766 75.4321 57.0351 30.1496 80.3057 16.6433 66.2193 11.1803 38.0789 68.2642 4.4721 71.7844 67.082 16.6433 91.4002 7.8102 69.1158 48.7647 25.4951 77.201 23.7697 68.884 61.0082 71.0634 66.0303 50.9902 29.7321 17.0 66.0076 50.6952 52.3259 45.1885 27.5862 62.8172 46.1411 97.1854 51.5461 79.1202 52.0 43.1856 81.0494 83.3547 43.8634 73.0616 57.0088 44.4072 41.3401 99.0454 39.5601 72.45 27.2029 78.4092 9.2195 63.6396 49.0408 67.7791 66.4831 50.2892 
46.0977 39.1152 46.0109 59.203 15.2643 52.9528 50.9608 41.0 22.0907 0.0 37.6431 82.662 52.4976 58.0 84.5813 66.1211 84.1546 76.896 32.7567 63.8905 52.4976 23.5372 61.7171 62.1289 46.8722 37.054 75.1665 84.0119 48.3011 43.0465 92.1358 29.0689 81.7863 51.4296 43.7379 58.5235 25.4951 42.1545 52.3927 47.0106 8.2462 17.4929 21.6333 55.1543 35.2278 37.2156 83.3607 37.6431 66.1891 20.8087 20.2485 46.1736 18.0 70.0071 62.514 34.8855 81.939 28.1603 73.2462 60.2163 27.313 62.482 39.2046 55.4707 39.0128 49.2544 44.1814 65.1153 10.0 34.4819 71.7844 63.8905 41.7852 28.3196 45.31 63.3877 42.0119 86.3539 51.3517 78.0 65.2993 21.095 89.1572 66.6033 24.0832 56.5862 48.7647 23.4094 27.2947 90.0777 51.8556 53.3385 18.0 69.0797 29.2746 42.45 41.0 80.2122 77.1751 31.0644 
21.2603 12.0416 75.3923 62.6418 52.8015 26.9258 42.9418 71.1758 27.074 37.6431 0.0 81.0062 45.1774 65.307 76.0592 46.4004 72.8629 66.7083 46.1736 68.0074 64.195 29.6142 25.4951 43.2782 79.6492 29.9666 49.7695 65.4599 67.3647 73.8241 83.7377 11.4018 65.437 17.0294 21.2603 21.5407 18.0278 41.2311 76.9025 29.2062 33.4215 21.9317 37.6431 75.4255 64.0781 5.831 53.7587 21.6333 41.5933 18.3848 57.8014 77.3886 29.6142 48.0208 45.9674 14.7648 73.2462 21.2132 42.4264 22.8254 13.6015 66.7608 8.6023 57.5674 68.942 76.844 72.45 27.5862 47.634 13.4164 39.0128 26.2488 40.2616 43.7379 49.3964 38.0132 28.178 80.2122 28.4253 54.5619 27.6586 54.6443 54.1295 75.505 61.5549 65.7647 41.1461 50.5668 37.3363 79.9812 14.2127 70.0286 26.4008 61.0328 33.3766 67.4463 34.7851 42.72 40.3113 51.4198 
61.4654 92.7847 67.0075 23.7065 89.8999 59.203 38.0789 68.2642 95.483 82.662 81.0062 0.0 35.8469 26.9258 15.0 43.0465 21.095 20.3961 113.3578 19.9249 34.7131 61.5549 98.0816 43.4166 77.0065 106.827 52.469 37.1618 46.1736 70.1142 16.5529 73.2393 32.311 73.3757 60.4152 81.2527 90.2718 42.45 56.1427 52.3927 75.0 85.5862 61.0328 47.1699 65.1153 75.1798 63.561 100.6876 52.0384 85.0412 92.3093 72.0069 94.0691 46.0435 39.4588 93.7443 15.6525 95.268 65.0692 84.1724 72.2011 21.1896 89.5545 27.2029 67.4759 63.0317 64.0703 93.1719 86.3539 92.358 70.0 90.0278 43.1856 54.7083 123.0691 54.231 52.8394 10.0 55.6597 48.0521 90.802 74.6726 83.1865 24.1868 88.8651 29.6142 39.9625 65.0 55.6058 19.2094 84.7585 41.0122 68.6222 21.3776 104.69 57.3149 47.2017 94.0479 87.023 55.1543 
26.4764 56.9386 57.4543 20.2237 63.5059 26.0768 2.2361 55.9017 61.2209 52.4976 45.1774 35.8469 0.0 25.2982 33.0151 20.0 31.7805 24.5967 80.1561 25.02 28.8444 29.1548 63.7887 16.9706 66.1891 71.5052 32.6497 33.1361 38.8973 58.5918 40.8044 37.6431 30.0167 39.2046 25.0 48.0104 55.1543 11.0 51.6624 17.2627 44.2719 51.4004 32.249 45.4533 49.7695 39.3573 44.5533 65.0 26.4008 50.3289 67.1863 61.7738 60.4649 25.0 14.4222 58.0086 30.2324 60.1082 39.9625 51.0098 36.7967 24.0832 53.7122 15.5242 54.1295 55.8032 53.8516 60.0333 58.8558 56.6127 42.9535 57.0088 11.0454 29.1548 88.6172 26.4197 17.0 36.0694 22.0227 32.249 58.0 52.2398 60.208 34.5254 66.0303 27.313 4.2426 42.4264 26.1725 38.0789 50.01 37.8021 35.7771 17.2047 70.2922 46.3249 12.2066 64.7611 58.2409 34.4819 
50.0899 75.9605 41.4367 6.4031 63.6318 50.9902 26.9258 42.0119 73.7835 58.0 65.307 26.9258 25.2982 0.0 35.3553 43.2666 38.6005 32.6956 90.0278 7.0711 8.0 39.8246 87.023 41.1825 51.3517 86.7698 55.8032 49.0918 20.2237 44.1022 41.0 55.3624 44.4185 63.1269 48.0104 72.3395 70.214 24.1868 31.9531 41.3038 50.9902 64.1405 36.8782 23.7065 38.3275 59.8415 68.0074 82.0792 51.0 64.4127 65.7419 46.3897 71.6101 48.0104 37.7359 75.6108 33.7343 75.1332 64.846 75.326 53.7587 6.0 73.2462 9.8489 41.0122 38.0789 38.2099 84.214 60.4649 74.3303 68.1542 81.3019 25.1794 29.6985 101.0198 51.4782 39.0 34.0147 46.8722 53.8145 82.3893 47.927 85.0 10.198 62.0322 3.1623 27.4591 38.4708 32.45 41.3038 73.0274 16.1555 46.6476 26.0768 82.9277 31.0161 31.0644 89.9889 83.5225 28.6531 
55.2178 88.0909 76.7919 30.0167 93.9628 51.4782 35.0 77.2334 94.2019 84.5813 76.0592 15.0 33.0151 35.3553 0.0 32.8938 6.3246 9.434 113.1592 28.6356 43.2897 61.7738 89.9611 34.4384 86.7006 103.9663 40.05 22.8035 55.5788 79.404 7.8102 70.0357 18.2483 65.7647 54.8179 72.6154 87.8635 42.4853 66.9403 46.8615 76.4853 84.4038 63.3246 58.2409 73.0 70.2922 50.2494 96.9381 41.4849 83.2406 97.0155 81.7435 93.4773 34.7131 30.8869 89.8721 2.8284 92.7631 53.3385 75.3923 69.4262 29.4279 84.6463 31.257 76.1052 73.3485 73.5527 84.1546 89.8109 88.459 58.6941 80.9938 42.9418 58.2409 121.5113 44.2719 48.7955 6.0828 48.5489 35.0143 81.5966 80.2309 70.1783 36.2491 94.541 38.4708 37.2022 70.214 57.3847 6.0 77.4145 51.1957 68.6003 15.8114 103.2327 66.2722 45.2217 82.8734 75.8024 60.6712 
25.2389 58.258 77.3886 37.2156 79.1012 19.799 19.7231 75.6637 69.0797 66.1211 46.4004 43.0465 20.0 43.2666 32.8938 0.0 28.178 23.7697 88.955 40.7185 48.1664 43.0116 57.2451 4.0 85.9593 76.0066 12.7279 19.2354 58.7963 78.3901 39.8121 43.4626 19.105 33.6006 25.9422 39.8121 61.2699 29.5466 71.5891 19.6469 58.0345 60.0833 48.6621 65.0692 69.3181 41.0488 24.8395 68.0074 9.0 57.9396 83.2947 81.6333 69.5701 5.0 5.6569 61.0328 30.3645 65.7647 22.561 42.5441 43.6578 40.2492 54.6717 33.6006 73.8241 75.8024 73.7835 51.264 74.027 59.6406 27.074 48.1041 29.1548 47.4342 94.8947 11.4018 24.1868 38.3275 18.0278 12.6491 48.7032 70.0928 42.1545 50.9902 83.1865 45.8039 21.0238 60.7289 42.9535 35.3553 45.2217 57.3149 48.1664 22.0907 77.3886 66.2873 26.4764 51.0098 44.0 53.7122 
51.7397 84.8999 79.8311 32.7567 94.3663 47.4342 33.541 79.9062 92.358 84.1546 72.8629 21.095 31.7805 38.6005 6.3246 28.178 0.0 7.2801 111.6468 32.311 46.3249 60.9262 85.4225 30.2324 89.627 101.415 34.2345 16.4924 58.6941 82.201 11.7047 67.624 12.0416 61.5873 51.6236 67.9779 85.6037 42.0595 70.5195 43.8634 75.9605 82.6801 63.3246 62.0322 75.2396 67.1789 44.1022 94.0691 36.4005 81.2712 97.6729 84.7231 91.9239 29.4109 27.0185 87.0 5.6569 90.4268 47.676 70.6824 67.2012 32.8938 81.3941 33.0606 78.6384 76.6551 76.4853 79.3095 89.9889 85.5862 53.1507 76.1577 42.3792 58.8558 119.4027 39.3954 46.4004 12.3693 44.8219 29.0172 76.6942 81.3941 64.0703 40.8167 95.6347 41.7612 35.7771 71.3442 57.28 7.2111 73.2462 54.7083 67.5426 15.2971 101.2571 69.0507 43.8292 77.2787 70.214 62.0725 
45.8039 78.7464 73.4983 26.5707 87.0976 42.0595 26.4197 73.3485 85.4459 76.896 66.7083 20.3961 24.5967 32.6956 9.434 23.7697 7.2801 0.0 104.6231 26.9258 40.1622 53.7122 80.6226 25.0799 83.1986 94.8472 32.1403 17.8045 52.4976 75.71 17.0294 60.959 12.8062 56.356 45.4533 63.3246 78.8733 34.7851 64.622 37.5366 68.7095 75.7166 56.0446 56.3649 68.469 60.959 43.1741 87.6926 32.5576 74.4043 90.4268 78.339 84.9058 26.0768 21.4709 80.6226 6.7082 83.7377 45.0111 66.1287 60.4401 27.2947 75.2861 26.3059 72.0069 70.5195 70.0928 74.9466 82.7103 79.2086 50.1597 71.7844 35.1141 51.6236 112.6144 35.171 39.6989 14.5602 39.1152 27.6586 72.4224 74.2428 62.8013 36.2353 88.459 35.8469 28.6531 64.195 50.0 13.6015 68.0 48.8467 60.3738 8.0623 94.4034 62.5859 36.7151 74.3303 67.2681 55.0091 
64.56 38.3275 76.1577 90.5097 36.2215 71.3092 78.2304 71.0634 19.9249 32.7567 46.1736 113.3578 80.1561 90.0278 113.1592 88.955 111.6468 104.6231 0.0 95.483 85.0 51.8556 60.0833 85.235 74.4312 21.0238 94.8314 108.0787 81.0062 72.5672 120.9297 45.5412 106.9299 63.1981 63.2456 66.1211 28.4429 71.218 84.1546 69.4622 39.0512 29.0689 53.1507 87.6641 66.4078 49.8197 99.8499 29.1204 86.1278 31.0161 39.0 75.1332 19.7231 91.7061 86.8159 33.1361 110.3857 25.02 88.5664 66.3702 45.31 94.0691 41.1096 86.3134 69.3758 80.0812 75.0 66.9403 35.171 34.0588 85.1469 67.2681 70.6045 60.4401 14.0 82.7103 65.7419 115.8016 71.4703 99.0404 68.4471 51.2445 99.2472 99.0202 46.0109 88.8651 76.0066 55.9017 57.9828 118.1905 57.2189 86.093 44.8219 97.3499 13.0384 74.4648 67.9559 84.1724 83.863 63.8122 
51.1566 79.1202 48.2597 5.3852 70.2353 51.0882 27.0 49.0 78.6003 63.8905 68.0074 19.9249 25.02 7.0711 28.6356 40.7185 32.311 26.9258 95.483 0.0 15.0333 44.4072 88.459 39.2173 58.2151 91.0659 52.8394 44.0454 27.074 51.0392 34.0147 58.6941 39.2046 64.0703 49.366 73.0 74.4312 26.9258 38.3275 42.0476 56.5862 68.8186 42.45 29.7321 45.3982 62.3618 65.0 85.8662 49.0408 68.7968 72.4983 53.2353 76.6942 45.1774 35.4683 79.2023 27.2029 79.404 62.9682 76.0 57.2713 1.4142 76.2168 10.4403 48.0416 44.7214 45.0999 85.0059 66.888 77.8781 66.7608 82.0 27.8568 35.609 106.0424 50.0 40.6079 27.0 47.0425 50.2195 83.006 54.7814 82.8553 10.2956 68.9493 10.0 28.0713 45.1885 37.5366 34.5254 74.5453 22.561 51.4004 21.2132 87.8009 38.0 33.2415 89.4427 82.7647 35.3412 
51.1957 74.1485 33.541 13.6015 56.8595 53.1413 30.0167 34.0147 69.7711 52.4976 64.195 34.7131 28.8444 8.0 43.2897 48.1664 46.3249 40.1622 85.0 15.0333 0.0 36.6879 87.2067 45.607 43.4166 83.3847 60.8769 55.9464 12.3693 36.1248 49.0 53.6004 51.4296 64.1327 48.8365 73.5459 67.0671 24.5153 24.5967 43.0116 46.0435 60.4152 32.249 17.0294 30.4138 59.0339 73.0 79.404 55.2178 61.0983 58.6686 38.4708 67.2309 53.0754 42.5206 73.2462 41.5933 71.8679 68.7968 76.4853 51.788 14.0 71.7008 15.0 33.0151 30.3645 30.2655 85.1587 54.037 72.0347 71.5891 82.3772 25.4951 24.6982 96.566 55.2268 39.8121 42.0119 49.0408 59.4643 83.5464 40.7063 89.0449 14.1421 54.626 5.099 29.9666 31.6228 28.7924 49.2544 73.2462 9.2195 43.0813 33.1059 78.7718 23.0217 31.5753 92.358 86.1626 22.0227 
26.6271 38.0526 46.5296 39.2046 36.1248 32.6497 27.5136 42.72 34.2053 23.5372 29.6142 61.5549 29.1548 39.8246 61.7738 43.0116 60.9262 53.7122 51.8556 44.4072 36.6879 0.0 54.7083 39.0128 52.0096 46.9574 52.9528 60.531 38.0132 45.4863 69.4622 18.2483 58.2495 36.2353 23.8537 45.2217 30.4631 19.4165 47.2969 24.7386 15.2971 24.4131 8.6023 46.0435 35.5106 25.632 62.2977 42.72 44.1475 24.5967 40.4475 49.0918 32.5269 47.1699 39.1152 36.6742 59.0593 35.3412 53.2259 47.7074 16.1245 43.0116 36.0139 34.7131 40.4969 47.5395 43.382 55.0091 31.0161 35.5106 53.0 52.8394 18.868 14.1421 61.7171 41.7612 19.4165 64.0703 30.0832 55.2268 54.2033 29.6816 71.2811 49.6588 41.1096 39.3954 25.2982 22.6716 8.0623 67.082 41.6293 41.1947 7.0711 46.0652 43.4166 37.9473 17.4642 66.8431 62.2415 21.8403 
37.3363 23.6008 100.8464 83.2947 76.3806 38.8973 61.6604 96.6644 45.4863 61.7171 25.4951 98.0816 63.7887 87.023 89.9611 57.2451 85.4225 80.6226 60.0833 88.459 87.2067 54.7083 0.0 55.5428 105.119 39.2938 54.6717 73.8173 91.7824 99.3177 97.0464 36.7696 75.4718 24.7386 39.1152 17.4929 37.6431 63.0079 101.9215 46.5296 58.5235 44.5533 62.9682 99.8248 89.5545 29.1204 52.8015 31.0161 49.3964 41.0366 81.3204 102.8834 49.4065 56.6039 59.2368 28.8444 87.3212 37.7359 42.45 15.0 39.0 87.367 22.6274 78.2304 94.4299 102.1812 97.8621 8.544 71.5052 28.6007 36.8782 10.8167 62.0081 68.6804 57.2189 46.1411 48.0416 95.0789 42.45 60.4401 11.1803 79.925 43.6807 97.0824 85.7963 88.0057 60.407 76.0592 62.0967 92.5905 14.0 93.9042 51.8941 76.844 47.5395 92.6553 56.0 25.0 26.9258 76.5376 
22.0227 55.2268 74.0608 35.3412 75.1066 17.2047 16.4012 72.2011 65.3911 62.1289 43.2782 43.4166 16.9706 41.1825 34.4384 4.0 30.2324 25.0799 85.235 39.2173 45.607 39.0128 55.5428 0.0 82.4924 72.6705 15.8114 22.8473 55.8659 74.9466 41.6773 39.8121 22.2036 31.3847 22.4722 38.2753 57.7062 25.9422 68.6222 15.8114 54.037 56.3028 44.7214 62.3699 65.7647 37.8021 27.5862 64.8151 9.8489 54.231 79.3095 78.2304 65.7875 8.544 4.0 57.8014 31.7805 62.2656 23.7697 41.1096 39.9249 38.6264 51.6624 31.3847 70.3278 72.6223 70.4557 50.0 70.0286 56.4004 27.6586 46.8402 25.4951 43.6578 91.4166 11.0454 20.2237 39.5601 14.8661 16.4924 47.5395 66.2193 43.8292 49.3964 79.2465 43.566 17.4929 56.921 39.0512 37.4433 43.0465 54.6717 44.1814 22.0907 73.7902 63.0079 22.561 51.0882 44.1814 50.0899 
77.7946 84.5044 10.0 56.8859 38.2099 82.807 66.242 10.2956 68.884 46.8722 79.6492 77.0065 66.1891 51.3517 86.7006 85.9593 89.627 83.1986 74.4312 58.2151 43.4166 52.0096 105.119 82.4924 0.0 83.7257 98.27 97.7394 31.1448 7.6158 92.1954 68.6003 93.6056 88.2383 74.9667 97.2008 71.8401 56.6039 21.587 73.1095 47.1699 63.6003 43.4166 30.4138 17.0294 76.8505 109.5536 84.4038 90.6973 66.4078 35.9026 5.0 64.6297 90.9175 80.5295 80.9568 85.0 74.9533 102.45 99.6243 66.3702 57.3149 83.7735 57.0088 12.2066 14.3178 13.1529 106.5317 40.0125 80.3243 103.3925 104.561 57.1402 40.3609 88.3629 89.4036 68.0147 85.1469 79.3977 98.4124 105.9481 25.9615 121.8277 53.1507 28.8617 48.2597 65.0 29.4109 46.669 92.6553 92.9624 36.0 53.3385 75.6902 75.1665 20.6155 61.4003 118.8486 114.1096 32.8024 
50.774 19.4165 83.006 85.7555 47.4342 56.8243 69.3542 78.0256 15.0 37.054 29.9666 106.827 71.5052 86.7698 103.9663 76.0066 101.415 94.8472 21.0238 91.0659 83.3847 46.9574 39.2938 72.6705 83.7257 0.0 79.7057 95.1893 82.4621 80.0999 111.7587 33.9411 94.8683 46.1736 50.2195 47.2652 16.6433 64.6375 88.5664 57.6281 39.4588 23.0868 51.5461 90.0278 72.0278 34.9857 82.9699 9.0554 71.5542 22.3607 51.6236 83.2166 19.105 77.8974 75.0 15.2315 101.1385 11.6619 71.5681 47.0425 34.7131 89.6939 22.8035 80.9938 76.0066 86.0523 81.0247 46.5296 44.1475 16.5529 67.4685 47.1699 63.8201 59.1354 19.6469 67.9779 55.1725 107.5174 57.9828 84.5281 48.2597 58.1378 80.025 96.6075 57.8705 86.3308 67.2681 59.3043 54.626 108.3744 38.2099 86.6833 40.3113 88.3912 10.0 78.5175 59.6657 63.7887 64.0703 64.7611 
30.4138 60.8276 89.8721 49.6488 88.955 23.5372 32.2025 87.983 74.9533 75.1665 49.7695 52.469 32.6497 55.8032 40.05 12.7279 34.2345 32.1403 94.8314 52.8394 60.8769 52.9528 54.6717 15.8114 98.27 79.7057 0.0 19.6977 71.5052 90.7359 45.7056 49.6488 22.561 34.1321 32.1403 37.4833 66.4831 41.6773 84.2912 28.2843 67.3647 66.7533 59.4811 77.7946 81.4923 45.2217 12.2066 71.1126 9.0 64.1327 93.3809 94.0319 76.1183 7.8102 18.3848 64.4748 38.0 70.5195 13.6015 39.6989 50.3587 52.4786 57.2451 46.2277 86.093 88.4081 86.267 47.4342 83.7257 63.1585 19.3132 44.4072 41.1825 59.0931 99.1615 12.1655 33.541 46.0109 24.0208 5.831 44.6542 81.2712 30.8058 63.1348 93.8616 58.4123 33.2866 72.2357 54.0833 40.7922 44.8219 70.0357 57.2189 32.8938 82.5651 78.8162 37.6962 43.1741 36.1386 65.7647 
44.4185 77.201 88.3912 42.72 96.1301 38.6005 34.0147 87.5957 88.2383 84.0119 65.4599 37.1618 33.1361 49.0918 22.8035 19.2354 16.4924 17.8045 108.0787 44.0454 55.9464 60.531 73.8173 22.8473 97.7394 95.1893 19.6977 0.0 67.9779 90.1388 27.0 62.6498 5.0 51.6236 45.1774 56.4004 80.4984 44.1022 80.5295 38.6264 75.8024 79.1202 65.0077 72.7186 82.0061 60.208 28.0179 87.0919 24.7588 77.0779 100.02 93.0484 88.6002 17.6918 21.587 80.1561 21.5407 85.0 33.2415 58.8218 62.7694 44.2041 73.6003 41.1461 86.0233 85.9069 84.8646 66.888 91.2688 78.7718 39.0 63.8122 44.0454 62.2896 114.1271 28.2843 42.72 28.8617 37.2156 13.9284 64.1405 85.3756 48.0104 53.7587 99.1262 52.1536 36.0 75.5381 59.0 22.0 62.9682 65.0 66.2873 23.0217 96.6075 77.2528 43.1856 62.6418 55.6597 67.2681 
57.7754 76.0066 21.2132 25.9615 49.4975 60.9016 39.6232 22.0907 68.0074 48.3011 67.3647 46.1736 38.8973 20.2237 55.5788 58.7963 58.6941 52.4976 81.0062 27.074 12.3693 38.0132 91.7824 55.8659 31.1448 82.4621 71.5052 67.9779 0.0 24.0 61.0737 56.1427 63.561 70.2282 55.1543 79.712 66.9104 31.9061 12.8062 50.6063 43.3244 59.439 31.257 8.0623 19.6977 62.8013 83.4506 79.7621 65.1153 60.8276 50.448 26.1725 64.846 63.7809 53.1507 74.2428 53.9351 71.3863 78.2432 82.5409 54.0833 26.1725 74.027 26.8328 21.3776 18.0278 18.0278 90.802 47.634 73.171 80.4487 88.2326 32.7567 24.0208 93.5201 64.6607 46.5188 54.037 56.9386 70.6045 89.493 32.5576 98.4073 23.0868 45.4863 17.1172 39.0512 25.2389 30.0666 61.5224 78.1025 5.831 43.1856 45.31 76.5506 11.1803 38.4708 99.7447 93.9415 17.72 
70.8378 79.404 4.2426 49.4975 36.6879 75.6637 58.6686 2.8284 65.123 43.0465 73.8241 70.1142 58.5918 44.1022 79.404 78.3901 82.201 75.71 72.5672 51.0392 36.1248 45.4863 99.3177 74.9466 7.6158 80.0999 90.7359 90.1388 24.0 0.0 85.0529 62.6099 86.0233 81.6088 68.0147 90.6973 67.2681 49.0918 16.1245 65.8559 42.2019 59.0339 36.8917 24.3516 10.0 70.7107 102.0784 80.0625 83.2346 61.6117 35.3412 3.6056 61.0328 83.3547 72.9452 76.1577 77.6466 70.7107 95.1315 93.1933 60.3738 50.0899 78.4347 49.4773 5.0 9.2195 6.0828 100.3444 37.4833 75.4321 96.2081 98.27 49.6488 33.2415 86.3134 82.0061 60.8276 78.0256 72.1803 90.824 99.6444 22.0 114.6298 46.5296 28.6531 41.0488 57.4543 23.2594 39.6989 85.3756 86.8332 29.1548 47.4236 68.1542 72.0278 13.1529 54.037 112.2007 107.2986 25.4951 
62.8013 95.7758 82.2192 36.2215 101.1929 58.8303 42.8019 83.006 102.0049 92.1358 83.7377 16.5529 40.8044 41.0 7.8102 39.8121 11.7047 17.0294 120.9297 34.0147 49.0 69.4622 97.0464 41.6773 92.1954 111.7587 45.7056 27.0 61.0737 85.0529 0.0 77.8332 23.1948 73.0616 62.482 79.6241 95.6713 50.1199 71.8471 54.5619 84.0773 92.2009 70.7743 62.9682 79.1581 77.9872 55.0091 104.69 48.1041 91.0494 104.1201 87.2067 101.2571 41.1096 38.2753 97.6217 10.6301 100.5684 59.2284 82.3468 77.2334 35.0 92.3147 38.0789 82.0061 78.5175 79.1012 91.0 97.1442 96.2081 64.7611 87.8465 50.6063 65.4599 129.3213 51.0784 56.5862 7.0711 56.0357 40.3113 88.3912 87.0976 75.0067 40.2616 101.415 44.0114 45.0 77.1298 64.8845 5.0 84.7231 56.3205 76.3217 23.6008 111.0405 72.0069 53.0094 88.8426 81.7863 67.4685 
19.2354 20.6155 64.0781 53.3104 44.2945 26.1725 35.4683 59.9333 25.632 29.0689 11.4018 73.2393 37.6431 55.3624 70.0357 43.4626 67.624 60.959 45.5412 58.6941 53.6004 18.2483 36.7696 39.8121 68.6003 33.9411 49.6488 62.6498 56.1427 62.6099 77.8332 0.0 61.7738 22.3607 17.72 29.8329 18.0278 31.7805 65.5134 24.1868 23.4307 17.1172 26.2488 64.195 52.8015 8.4853 56.0357 27.4591 40.7922 14.5602 49.2443 66.1891 26.4764 46.1736 41.6773 20.5913 67.2086 22.8035 45.2769 31.8277 2.2361 57.3847 18.1108 48.3322 57.6975 65.4599 61.0983 38.0132 38.9487 19.2354 43.1741 36.2353 30.8707 32.3883 51.8652 37.4833 21.2603 73.5935 25.9615 53.6004 37.6431 44.0454 60.1664 65.521 52.2015 55.5428 33.4215 39.3573 26.0768 74.5185 24.4131 59.0085 15.2643 54.4518 34.0 56.0446 26.0768 51.7397 48.2597 40.025 
44.2041 77.3369 84.1546 38.0789 93.4345 38.8973 31.1448 83.5225 87.2067 81.7863 65.437 32.311 30.0167 44.4185 18.2483 19.105 12.0416 12.8062 106.9299 39.2046 51.4296 58.2495 75.4718 22.2036 93.6056 94.8683 22.561 5.0 63.561 86.0233 23.1948 61.7738 0.0 52.4976 44.6542 57.9828 79.7559 41.0122 76.0263 37.5899 73.5459 77.8781 62.2013 68.0955 78.1025 60.0 32.0624 87.0057 26.0768 76.0263 97.1854 88.8651 87.3212 18.868 20.1246 80.0 16.7631 84.3801 36.1386 60.5392 61.7171 39.4081 73.7564 36.7696 82.0061 81.5414 80.6536 68.884 88.6848 78.6003 41.7612 65.7647 41.0488 59.0339 113.5341 29.4109 41.2311 24.3311 37.0135 17.1172 66.1891 82.0975 52.0384 48.8365 96.0052 47.5079 33.2415 72.1734 56.1427 18.2483 64.0312 60.4152 64.2884 18.3576 95.7706 73.0548 40.7922 65.7343 58.6941 63.6396 
13.0384 26.9258 82.3772 59.0085 66.6483 14.3178 37.1214 78.8162 44.0114 51.4296 17.0294 73.3757 39.2046 63.1269 65.7647 33.6006 61.5873 56.356 63.1981 64.0703 64.1327 36.2353 24.7386 31.3847 88.2383 46.1736 34.1321 51.6236 70.2282 81.6088 73.0616 22.3607 52.4976 0.0 15.2971 9.4868 35.0 39.6232 81.4371 22.0227 45.4863 37.855 44.8219 78.1089 71.6101 14.5602 36.8782 37.3363 26.9072 34.5254 71.5891 85.2115 46.2709 33.9411 34.8855 31.0483 63.0635 38.2099 25.4951 12.3693 24.1868 63.0317 23.4094 54.0 76.6094 82.8553 79.0759 21.095 61.2944 29.8329 22.0 18.2483 38.6394 48.8774 65.8027 23.3452 24.3311 70.6824 17.72 39.4081 19.4165 65.1153 37.9473 73.0274 74.3303 64.3817 36.0139 58.8982 42.19 68.7968 11.6619 71.5681 36.2353 52.2015 50.3587 72.9452 32.5576 30.6105 26.2488 56.9386 
2.8284 33.3017 68.4105 44.1814 58.2409 9.2195 22.8035 65.192 43.3244 43.7379 21.2603 60.4152 25.0 48.0104 54.8179 25.9422 51.6236 45.4533 63.2456 49.366 48.8365 23.8537 39.1152 22.4722 74.9667 50.2195 32.1403 45.1774 55.1543 68.0147 62.482 17.72 44.6542 15.2971 0.0 24.7386 35.3412 24.3311 66.6483 8.0623 36.4005 34.7131 32.0156 62.9682 58.0517 15.5563 39.6232 42.5206 23.1948 32.28 62.9365 71.5891 44.1475 28.4605 24.8395 35.4683 52.0096 39.8246 29.7321 27.6586 18.2483 48.2597 29.8329 39.1152 63.0317 68.5055 65.0 36.3456 52.8867 34.0588 29.1548 33.541 23.3452 34.8281 68.9638 20.025 9.0554 59.0762 8.2462 35.9026 34.7131 53.535 47.4342 58.0086 64.4748 49.163 21.3776 46.0977 28.3196 58.7282 25.1794 56.3205 26.2488 39.9625 51.4782 58.5235 17.2627 44.7772 39.4081 42.8019 
22.3607 28.0179 91.586 68.0294 73.7835 22.2036 46.0 87.9204 48.0521 58.5235 21.5407 81.2527 48.0104 72.3395 72.6154 39.8121 67.9779 63.3246 66.1211 73.0 73.5459 45.2217 17.4929 38.2753 97.2008 47.2652 37.4833 56.4004 79.712 90.6973 79.6241 29.8329 57.9828 9.4868 24.7386 0.0 39.0512 49.0306 90.8735 31.0644 53.2635 43.4626 53.8238 87.5957 80.7094 21.4009 37.1214 38.2099 31.9061 39.9249 78.7718 94.3027 50.9608 39.1152 42.0595 33.0151 70.0071 41.3038 26.0768 3.0 31.8904 72.0069 25.02 63.0714 85.703 92.1792 88.3233 12.0416 68.5055 32.0624 21.0238 9.0 48.0521 58.1808 66.7533 28.6531 33.7343 77.8332 26.0768 43.1856 10.0499 73.5527 33.1361 82.1523 82.0061 73.6817 45.0444 67.8012 51.4782 75.1332 9.0554 81.0432 44.5533 59.9083 53.0848 82.2982 41.9762 21.9317 18.7883 66.242 
36.4005 14.1421 69.7209 69.1158 39.2046 43.0116 53.0377 64.9384 9.0554 25.4951 18.0278 90.2718 55.1543 70.214 87.8635 61.2699 85.6037 78.8733 28.4429 74.4312 67.0671 30.4631 37.6431 57.7062 71.8401 16.6433 66.4831 80.4984 66.9104 67.2681 95.6713 18.0278 79.7559 35.0 35.3412 39.0512 0.0 48.0104 74.0068 42.19 25.1794 8.2462 35.6931 74.6726 58.4209 21.3776 71.4493 13.0 57.8705 6.0828 44.0454 70.6116 12.083 63.6946 59.6825 9.434 85.0412 5.0 60.208 39.8497 18.4391 73.0616 15.2643 64.3506 62.8013 72.2496 67.3647 42.5441 34.6699 9.2195 57.0 42.0476 47.2017 43.1741 33.8378 54.4059 39.2046 91.2195 43.4626 70.8378 43.382 45.8803 72.0069 80.1124 49.0918 69.857 50.9117 45.0999 38.2753 92.4554 30.6757 70.8308 24.0416 72.1803 16.1555 64.0 43.1856 59.0931 57.5674 49.366 
26.6833 52.2015 48.4149 21.5407 52.6118 29.0689 10.198 46.3249 53.0377 42.1545 41.2311 42.45 11.0 24.1868 42.4853 29.5466 42.0595 34.7851 71.218 26.9258 24.5153 19.4165 63.0079 25.9422 56.6039 64.6375 41.6773 44.1022 31.9061 49.0918 50.1199 31.7805 41.0122 39.6232 24.3311 49.0306 48.0104 0.0 44.2041 18.7883 34.0147 43.1393 21.3776 39.3573 39.8246 35.6931 53.0094 59.0593 34.2053 42.638 56.2228 52.4309 51.7397 34.4384 24.3516 52.3259 39.8121 53.0094 46.6905 51.9711 30.4138 25.632 49.3356 16.5529 44.4185 47.3814 44.8219 60.6712 48.0521 50.9902 48.6004 57.8705 1.0 18.2483 80.6226 33.2415 15.2971 44.6542 25.0599 42.1545 59.0339 41.3038 66.7083 34.3657 55.0364 25.0 8.544 31.5753 15.2971 47.927 49.0102 32.311 26.4008 26.9258 62.2415 37.5366 7.0711 68.1542 62.1691 24.1661 
69.3542 84.4808 12.083 38.0789 49.7393 72.9452 52.3259 15.6205 73.6817 52.3927 76.9025 56.1427 51.6624 31.9531 66.9403 71.5891 70.5195 64.622 84.1546 38.3275 24.5967 47.2969 101.9215 68.6222 21.587 88.5664 84.2912 80.5295 12.8062 16.1245 71.8471 65.5134 76.0263 81.4371 66.6483 90.8735 74.0068 44.2041 0.0 62.6817 49.163 66.0681 39.4588 9.0 17.8885 72.8011 96.2081 87.0057 77.7946 68.0 49.4065 16.7631 70.0357 76.5768 65.9469 82.0975 65.521 78.1025 90.7855 93.6216 63.3482 37.6431 82.8734 39.4462 16.2788 7.2801 10.6301 101.5923 49.2443 81.1542 92.8009 99.1615 45.0 33.2415 97.4166 77.2334 58.3095 64.7765 69.0652 83.4086 100.4639 33.1059 110.8873 32.0156 43.2782 28.7924 51.6624 29.2746 39.8497 72.7805 88.5438 15.8114 51.3517 57.6975 81.5843 10.0499 50.4777 111.4136 105.8159 25.4951 
9.2195 41.2311 65.7647 37.0 60.6712 10.2956 15.1327 63.0317 49.6588 47.0106 29.2062 52.3927 17.2627 41.3038 46.8615 19.6469 43.8634 37.5366 69.4622 42.0476 43.0116 24.7386 46.5296 15.8114 73.1095 57.6281 28.2843 38.6264 50.6063 65.8559 54.5619 24.1868 37.5899 22.0227 8.0623 31.0644 42.19 18.7883 62.6817 0.0 39.1152 40.4969 31.7805 58.1378 56.0803 23.4307 37.6962 50.2096 19.4165 38.4838 65.1153 69.3542 49.98 23.0868 17.4929 43.1393 44.0454 46.8722 29.4109 34.0588 24.1661 41.0122 37.8021 32.0156 60.959 65.2993 62.2415 43.0116 55.4437 41.7253 30.4138 40.05 17.8885 32.8024 76.0066 17.088 5.3852 51.0392 6.4031 31.0161 41.1096 53.7122 48.7955 51.0882 65.8027 42.7551 14.0 45.2769 26.9258 50.9117 32.7567 51.0784 29.0172 31.9061 58.1808 55.3173 12.2066 49.3964 43.382 40.3609 
38.8973 37.3363 44.5533 51.7397 21.8403 45.607 42.72 39.8121 24.7386 8.2462 33.4215 75.0 44.2719 50.9902 76.4853 58.0345 75.9605 68.7095 39.0512 56.5862 46.0435 15.2971 58.5235 54.037 47.1699 39.4588 67.3647 75.8024 43.3244 42.2019 84.0773 23.4307 73.5459 45.4863 36.4005 53.2635 25.1794 34.0147 49.163 39.1152 0.0 17.0294 14.1421 50.6952 33.2415 31.8904 75.9276 38.1182 58.4209 19.4165 26.5707 45.607 21.5407 62.0081 54.3323 33.9559 73.8241 29.0 66.0984 55.2268 21.4009 55.1725 36.6742 47.8017 37.6563 47.0956 42.19 60.959 16.4924 33.2415 65.0 59.4138 33.6155 21.4009 50.6063 55.7315 34.0147 78.3901 43.7379 70.0286 60.8276 21.4709 82.7345 60.0 28.8444 49.8197 40.5216 20.0 19.4165 81.939 47.4236 47.927 10.198 60.9262 33.2415 39.1152 32.7567 75.1665 71.6101 25.632 
36.3456 21.6333 61.5224 63.6003 31.8277 43.2897 49.4065 56.7186 9.8995 17.4929 21.9317 85.5862 51.4004 64.1405 84.4038 60.0833 82.6801 75.7166 29.0689 68.8186 60.4152 24.4131 44.5533 56.3028 63.6003 23.0868 66.7533 79.1202 59.439 59.0339 92.2009 17.1172 77.8781 37.855 34.7131 43.4626 8.2462 43.1393 66.0681 40.4969 17.0294 0.0 28.4605 67.082 50.2494 23.3452 73.0 21.095 57.8705 3.6056 36.7696 62.3699 9.4868 63.0635 57.7754 17.4642 81.6088 12.0416 62.0725 44.7214 16.4924 67.424 21.9317 59.0339 54.5894 64.1249 59.2115 48.6004 27.0185 17.0 59.5399 47.7074 42.4264 36.0555 37.4833 54.5894 36.6742 87.3212 42.9535 70.6116 49.0918 37.6431 75.6902 73.8241 41.4005 63.5295 47.2017 37.0135 31.7648 89.3085 35.8469 63.6003 17.4929 68.6003 19.105 56.0357 39.2046 64.4981 62.2415 41.7732 
34.8281 45.0999 38.0132 37.6431 31.257 40.4969 31.0644 34.1321 37.5766 21.6333 37.6431 61.0328 32.249 36.8782 63.3246 48.6621 63.3246 56.0446 53.1507 42.45 32.249 8.6023 62.9682 44.7214 43.4166 51.5461 59.4811 65.0077 31.257 36.8917 70.7743 26.2488 62.2013 44.8219 32.0156 53.8238 35.6931 21.3776 39.4588 31.7805 14.1421 28.4605 0.0 39.1152 26.9258 34.0147 69.4622 48.5077 50.9215 29.6142 35.0143 40.4969 34.9857 53.1507 44.1814 43.0465 60.7454 40.2616 60.9016 56.3028 24.0416 41.0366 43.4166 33.8378 31.9061 39.2173 34.9285 63.5295 26.6833 42.0119 61.0328 61.4003 21.2132 7.6158 64.3506 48.8467 26.4008 64.846 37.5899 61.1882 62.7694 21.9317 79.404 46.0435 34.5254 35.805 29.0172 14.1421 6.0828 68.9493 50.0899 35.171 12.0 48.0833 46.5296 29.8329 22.2036 75.4321 70.7672 14.0357 
65.5515 84.0 20.6155 30.0167 54.8179 68.4251 46.4004 23.2594 75.4321 55.1543 75.4255 47.1699 45.4533 23.7065 58.2409 65.0692 62.0322 56.3649 87.6641 29.7321 17.0294 46.0435 99.8248 62.3699 30.4138 90.0278 77.7946 72.7186 8.0623 24.3516 62.9682 64.195 68.0955 78.1089 62.9682 87.5957 74.6726 39.3573 9.0 58.1378 50.6952 67.082 39.1152 0.0 23.3452 70.859 89.8721 87.5728 71.8401 68.593 55.1725 25.4951 72.1249 70.0071 59.4138 82.1523 56.921 79.0759 85.2115 90.4434 62.1289 29.1548 82.0549 32.0156 23.3238 16.1245 18.3848 98.7623 53.535 81.0987 87.6641 96.1665 40.2492 32.0 100.4639 71.6101 54.231 55.9017 64.4127 76.4853 97.4166 37.8021 105.4372 23.0217 49.5782 20.5913 46.0435 31.7805 38.1182 64.0312 86.122 7.8102 51.0882 49.7393 83.8153 14.1421 46.0977 107.4244 101.5185 25.318 
60.8769 70.0928 11.4018 43.0116 31.9061 65.7951 49.6588 7.2111 57.0351 35.2278 64.0781 65.1153 49.7695 38.3275 73.0 69.3181 75.2396 68.469 66.4078 45.3982 30.4138 35.5106 89.5545 65.7647 17.0294 72.0278 81.4923 82.0061 19.6977 10.0 79.1581 52.8015 78.1025 71.6101 58.0517 80.7094 58.4209 39.8246 17.8885 56.0803 33.2415 50.2494 26.9258 23.3452 0.0 60.8276 92.6499 71.3442 73.7835 52.6118 31.8904 13.6015 53.1507 74.2428 63.9766 67.082 71.0282 62.1289 85.4283 83.2166 50.5668 44.2832 68.9638 42.19 5.0 14.0357 9.0 90.4268 31.3847 66.2873 86.3713 88.3233 40.3113 23.3452 79.8123 72.4224 50.9902 72.2496 62.3699 81.8596 89.6939 15.2315 104.8046 42.72 26.2488 35.5106 48.3011 13.6015 29.7321 79.0 76.9415 25.4951 37.6962 60.6712 64.4981 9.2195 44.4072 102.2008 97.3088 15.8114 
15.8114 17.8045 72.0139 57.0088 52.4786 21.9317 37.1214 68.0 30.1496 37.2156 5.831 75.1798 39.3573 59.8415 70.2922 41.0488 67.1789 60.959 49.8197 62.3618 59.0339 25.632 29.1204 37.8021 76.8505 34.9857 45.2217 60.208 62.8013 70.7107 77.9872 8.4853 60.0 14.5602 15.5563 21.4009 21.3776 35.6931 72.8011 23.4307 31.8904 23.3452 34.0147 70.859 60.8276 0.0 50.1597 27.0185 36.7696 20.0998 57.4543 74.3034 32.0156 42.9418 40.3609 20.0 67.4759 25.2982 39.0128 23.3452 10.6301 61.131 14.4222 51.923 65.7647 73.1642 68.942 29.6816 47.1699 18.6011 36.2215 27.8029 34.7131 39.5601 54.1295 33.2415 22.3607 74.4043 23.0217 49.7695 29.2062 52.4976 52.4976 70.0357 60.6053 60.407 35.3412 47.5079 32.9848 74.2765 16.1245 65.192 23.6008 55.2178 37.3631 63.5689 29.1204 43.2782 39.9625 47.4342 
37.3363 63.6003 101.4002 61.8547 97.7446 30.4138 43.9318 99.2975 80.3057 83.3607 53.7587 63.561 44.5533 68.0074 50.2494 24.8395 44.1022 43.1741 99.8499 65.0 73.0 62.2977 52.8015 27.5862 109.5536 82.9699 12.2066 28.0179 83.4506 102.0784 55.0091 56.0357 32.0624 36.8782 39.6232 37.1214 71.4493 53.0094 96.2081 37.6962 75.9276 73.0 69.4622 89.8721 92.6499 50.1597 0.0 74.0405 18.868 70.0286 102.3572 105.4372 82.0549 20.0 30.4795 67.9117 48.5077 74.9667 11.4018 38.5876 57.1402 64.6607 60.1664 58.4123 97.3499 100.1249 97.8008 44.6878 92.4175 66.7083 16.1245 42.0119 52.4309 69.8355 102.6158 20.6155 43.0813 56.3205 32.28 15.5242 41.8688 91.3893 20.0 75.2928 103.407 70.6045 44.8219 82.7345 64.405 50.01 45.6946 82.134 65.7343 44.7772 87.1321 90.4268 48.3735 36.2353 29.6816 76.8505 
42.8019 10.4403 82.6075 80.4984 50.1199 48.5489 62.8013 77.7817 16.6433 37.6431 21.6333 100.6876 65.0 82.0792 96.9381 68.0074 94.0691 87.6926 29.1204 85.8662 79.404 42.72 31.0161 64.8151 84.4038 9.0554 71.1126 87.0919 79.7621 80.0625 104.69 27.4591 87.0057 37.3363 42.5206 38.2099 13.0 59.0593 87.0057 50.2096 38.1182 21.095 48.5077 87.5728 71.3442 27.0185 74.0405 0.0 63.1348 19.0263 54.7083 83.3607 21.095 69.6419 67.3573 7.0711 94.1116 9.4868 62.6418 38.0132 28.6531 84.5281 13.9284 75.591 75.6637 85.2115 80.3057 37.855 46.0977 8.4853 58.4637 38.3275 58.1808 55.9017 28.6356 59.5399 48.2701 100.7671 50.0 76.0592 39.4588 58.4637 71.007 92.1141 60.3738 81.9329 60.803 58.0775 50.6952 101.1187 29.1548 83.5464 36.6742 81.5659 16.5529 77.0 53.535 55.109 55.1453 62.2896 
21.587 53.0 82.6196 45.1885 80.0625 14.8661 25.4951 80.4487 66.2193 66.1891 41.5933 52.0384 26.4008 51.0 41.4849 9.0 36.4005 32.5576 86.1278 49.0408 55.2178 44.1475 49.3964 9.8489 90.6973 71.5542 9.0 24.7588 65.1153 83.2346 48.1041 40.7922 26.0768 26.9072 23.1948 31.9061 57.8705 34.2053 77.7946 19.4165 58.4209 57.8705 50.9215 71.8401 73.7835 36.7696 18.868 63.1348 0.0 55.3173 84.5281 86.6083 67.2681 7.2111 13.6015 56.356 39.0512 62.0322 13.9284 34.4819 41.4367 48.4665 49.3964 41.1825 78.492 81.4678 79.0253 42.9535 74.8131 55.0091 18.1108 39.8121 33.6006 51.0 90.8735 3.6056 24.7386 47.0744 15.0333 13.0 40.3113 72.8011 34.0 59.2368 85.1645 53.3385 26.1725 63.9766 45.6946 43.4626 38.2099 64.2028 48.2597 31.0644 74.0 71.7008 29.5296 42.0119 35.0 57.9828 
33.7343 18.3576 63.9531 63.5138 35.3553 40.6079 48.2701 59.2284 11.1803 20.8087 18.3848 85.0412 50.3289 64.4127 83.2406 57.9396 81.2712 74.4043 31.0161 68.7968 61.0983 24.5967 41.0366 54.231 66.4078 22.3607 64.1327 77.0779 60.8276 61.6117 91.0494 14.5602 76.0263 34.5254 32.28 39.9249 6.0828 42.638 68.0 38.4838 19.4165 3.6056 29.6142 68.593 52.6118 20.0998 70.0286 19.0263 55.3173 0.0 40.3113 65.0 12.0416 60.7289 55.9017 14.5602 80.4301 10.7703 59.0085 41.1461 14.3178 67.4166 18.4391 58.8218 57.0701 66.3702 61.5224 45.0 30.4795 13.9284 56.3205 44.1022 41.8688 37.108 38.2884 51.9711 34.9857 86.3713 40.5216 68.1542 45.4863 40.4969 72.2772 74.2496 44.8219 63.9766 46.0977 39.2046 32.311 88.0057 32.249 64.7611 18.0278 67.4759 20.0 58.0086 38.2099 60.9016 58.6941 43.2897 
65.4599 58.1378 39.3573 68.7095 5.0 72.1249 66.0681 34.4819 38.0789 20.2485 57.8014 92.3093 67.1863 65.7419 97.0155 83.2947 97.6729 90.4268 39.0 72.4983 58.6686 40.4475 81.3204 79.3095 35.9026 51.6236 93.3809 100.02 50.448 35.3412 104.1201 49.2443 97.1854 71.5891 62.9365 78.7718 44.0454 56.2228 49.4065 65.1153 26.5707 36.7696 35.0143 55.1725 31.8904 57.4543 102.3572 54.7083 84.5281 40.3113 0.0 37.3363 33.6155 87.5728 79.0569 53.4135 94.5939 45.4863 92.6553 80.4487 47.4131 71.1758 58.6941 66.0984 33.2866 43.909 39.1152 85.1469 10.2956 53.2635 91.5478 84.0238 56.1427 38.833 53.0 82.0 59.8415 97.719 70.0928 95.6347 85.4283 18.0278 109.165 72.4017 7.0711 63.5295 64.0312 27.313 41.0488 102.8397 72.0069 56.2228 36.6879 82.3772 42.0595 41.0366 57.0351 100.439 97.4166 37.1618 
