100
0.0 32.7567 28.8617 45.3982 54.037 72.1249 39.1152 39.2938 81.0247 50.4876 26.4008 39.6989 64.0078 71.0282 57.7062 40.1622 64.0703 30.8058 31.7805 26.0192 43.7379 55.7584 48.2701 61.3922 27.6586 46.4004 53.8516 52.1536 8.0 25.0 59.6406 33.541 36.1248 28.6007 68.9638 66.6408 9.434 13.3417 38.0526 68.3081 49.2443 60.803 65.0 6.3246 38.9102 58.6941 38.4708 25.1794 44.0 61.8466 8.2462 25.9422 8.6023 76.4003 65.521 55.7853 27.2029 41.7732 19.6977 17.6918 59.4811 36.6197 71.8471 16.4012 13.3417 33.2866 67.7422 61.6604 56.6127 27.7849 13.0 28.8444 28.6007 67.1193 8.544 69.3758 59.4138 37.0135 33.9559 22.0227 34.2053 52.2015 63.9766 55.0364 54.2033 53.4509 63.1348 71.7844 35.3553 41.6773 23.7697 50.8035 75.8024 13.3417 42.72 50.2494 54.231 54.5894 57.6975 80.7775 
32.7567 0.0 60.9262 73.8241 77.0779 104.1777 70.0071 66.8506 113.719 78.6384 12.6491 47.0425 96.7471 101.9117 87.4586 57.0088 96.7988 51.4782 59.8415 50.774 69.9714 64.0312 80.8022 78.4474 35.6931 77.7946 84.2912 76.0592 29.4109 53.9073 90.5539 60.4649 67.0522 5.0 95.8801 99.2975 33.9706 25.0 60.8358 95.5249 60.1332 93.4773 88.3629 38.9487 68.7677 85.0882 51.9711 48.8774 73.9797 85.2877 25.0 43.0813 40.8044 107.5174 91.0055 87.6641 40.8044 74.2024 52.3546 41.3038 92.1792 69.3397 102.6499 18.4391 31.257 56.0089 98.7623 80.2808 71.8471 43.3244 20.0 44.5533 12.53 78.0 35.3553 95.0053 91.4385 46.2709 65.9242 17.088 4.1231 78.0256 96.6023 85.1469 84.386 79.0063 95.8801 96.1873 53.6004 53.4603 23.5372 69.6419 108.5587 43.3244 53.2353 80.7217 67.3647 84.5044 69.0652 113.5341 
28.8617 60.9262 0.0 21.4009 53.7122 43.3244 26.9258 35.8469 55.1725 26.0768 52.1536 58.6941 36.8782 52.6308 44.0114 51.4004 38.2884 41.8808 14.3178 34.6699 41.1825 70.4557 25.632 67.0075 50.2195 30.0 39.0 51.0 31.7648 27.0185 42.4264 34.0588 8.9443 56.3649 59.5399 38.833 33.0151 41.1947 43.1393 58.4209 63.2456 35.805 45.2548 22.561 30.0832 51.923 53.3385 35.8469 17.4642 42.45 37.108 43.0813 23.0 56.921 43.0116 26.9258 46.4866 21.2132 10.0499 24.2074 32.0156 14.1421 53.6004 42.9418 32.0156 25.0 39.1152 65.4599 65.0692 45.31 41.7612 33.2415 54.0833 77.7946 31.0161 46.3249 38.2753 55.5428 5.099 50.636 61.7171 31.1127 36.0555 27.4591 40.0125 32.5269 36.1248 50.0 32.1403 56.9386 51.0098 56.7274 48.9183 18.0278 58.6686 36.0555 65.192 41.0488 69.527 53.9073 
45.3982 73.8241 21.4009 0.0 73.8173 36.1248 45.793 56.2228 57.0088 5.099 62.8172 79.6053 38.6005 64.1249 59.7746 72.8011 42.7551 63.2456 14.0357 56.0357 61.4003 91.8368 37.855 87.8635 70.2282 46.2385 54.7083 71.0282 45.0444 48.4149 56.0892 55.1543 12.7279 68.884 76.2168 38.0789 51.923 58.6941 64.3817 74.9466 84.6286 42.19 24.2074 39.8121 49.6488 70.214 74.6257 57.1402 6.0828 21.6333 53.1507 63.9531 42.0595 67.0075 21.6333 21.9317 67.1193 36.7696 30.4138 32.5576 33.9559 30.8869 65.123 55.4437 42.5793 20.8087 27.2029 86.0523 86.2786 66.1891 57.0088 34.1321 64.2884 99.0858 50.0 25.0599 49.163 76.4788 18.4391 67.1863 73.5459 10.2956 35.4683 12.8062 55.9732 11.6619 38.3275 28.6007 27.5862 78.2304 69.0507 77.7946 49.2443 32.1403 79.925 52.5547 86.5563 57.2451 90.9065 53.6656 
54.037 77.0779 53.7122 73.8173 0.0 74.686 28.3196 17.8885 64.3817 77.6209 77.1298 36.8782 58.6941 39.2046 25.1794 21.9317 54.0833 25.632 67.5426 28.1603 12.53 32.7567 41.8808 16.1555 42.72 31.0644 27.2029 2.8284 62.0322 30.4138 32.3883 21.3776 61.2944 75.2728 21.6333 63.1585 46.5296 53.1601 16.4924 21.9545 28.2312 50.3289 98.0051 52.1536 24.2074 12.3693 28.2843 29.4279 68.4105 95.4411 56.8859 34.0147 47.0956 44.5533 94.3663 65.6049 36.7151 38.9487 48.7032 66.9104 57.7062 43.2782 39.3192 68.0661 67.0075 76.5506 78.492 13.0384 19.0 34.0 60.6383 79.2465 79.3095 30.8058 46.2709 97.0 40.5216 35.3553 55.4707 60.0083 80.4114 84.0536 62.1691 74.2496 25.9615 85.4459 57.7754 101.415 82.28 29.2062 54.1202 11.7047 64.7611 58.0517 30.8058 26.4008 23.3452 24.7386 27.074 68.0661 
72.1249 104.1777 43.3244 36.1248 74.686 0.0 49.4773 61.4003 26.1725 33.8378 94.8103 95.4254 16.4012 46.4004 51.614 83.7437 21.9317 76.531 47.2017 70.1783 64.846 102.3572 33.5261 90.802 90.05 44.0114 48.0208 72.0139 74.8465 62.0725 44.8219 64.1327 37.5899 99.5389 66.5282 12.0416 75.1332 83.9524 73.0068 65.1153 95.5667 25.0 46.8722 65.8027 53.8516 65.7343 87.9659 72.111 32.6497 46.5725 80.3617 81.0247 65.5134 46.1411 39.4588 16.5529 85.0059 38.6394 52.6308 65.0 17.088 39.0 47.2017 86.0058 74.2428 56.5862 11.1803 87.6584 92.1141 83.0542 85.0706 69.527 96.6023 104.9238 73.1642 39.0512 35.609 92.3472 38.2753 93.6216 104.7855 40.7063 12.53 23.6008 49.3964 41.1461 17.2047 44.0114 63.6553 91.2414 93.2148 83.2166 18.4391 60.9262 93.2148 48.3011 94.5569 50.774 98.9798 21.0 
39.1152 70.0071 26.9258 45.793 28.3196 49.4773 0.0 12.083 47.1275 49.4065 65.4599 47.0956 35.0571 32.0156 18.9737 34.3657 32.1403 28.1603 41.2311 23.0868 16.4012 52.8867 16.1245 43.4166 44.5982 8.0623 14.7648 25.4951 46.0652 16.6433 20.6155 15.0 33.541 66.6033 33.0151 39.2046 36.0694 45.3431 23.5372 32.0 46.0977 28.1603 69.8928 34.4384 4.4721 25.0 39.0128 25.2982 40.2244 67.4166 45.4533 34.4819 30.5287 37.5366 66.0681 38.0789 38.6005 11.1803 25.1794 45.7056 32.5576 15.0 32.8024 55.4707 49.3964 51.4782 51.4296 41.0366 43.4166 36.1386 50.3289 57.2189 67.6757 56.4358 34.6554 68.6804 22.3607 44.1814 27.7308 54.8179 72.2496 56.0803 37.4833 46.0109 15.2315 57.4543 34.0588 73.1095 58.1378 42.107 51.6236 34.4819 44.4072 36.8782 44.1022 11.1803 45.31 15.8114 49.7695 48.8365 
39.2938 66.8506 35.8469 56.2228 17.8885 61.4003 12.083 0.0 56.7186 60.208 64.4748 36.8782 46.5296 36.8917 21.4009 23.0 43.0465 18.7883 49.6588 16.2788 5.3852 41.0 27.8927 31.8277 36.8917 18.0278 19.6977 15.2315 47.0744 14.3178 26.4008 6.4031 43.6005 64.1405 29.7321 50.8035 33.541 41.8808 12.0 29.1548 34.3657 39.0512 80.4301 36.2215 7.6158 19.4165 28.2843 18.3848 50.9902 77.801 43.8634 26.6271 31.4006 42.72 77.1038 50.1199 30.5287 23.2594 31.0483 50.0899 44.3847 26.2488 37.4433 54.7814 51.4782 58.8218 63.5059 29.8329 31.3847 27.7849 48.3011 62.2896 66.7083 44.4185 32.6956 79.9062 31.4006 34.2053 37.8021 50.448 69.6419 66.4003 49.2443 57.6281 19.2354 67.8012 45.5412 84.1724 64.7611 31.0644 45.9674 22.4722 55.0091 41.1096 33.0606 16.7631 33.2415 18.868 37.6962 59.1354 
81.0247 113.719 55.1725 57.0088 64.3817 26.1725 47.1275 56.7186 0.0 56.3205 106.527 93.5575 18.868 27.313 39.2046 79.511 17.0294 74.9533 64.3506 70.214 58.1378 96.0 33.121 80.0625 91.7061 39.2938 38.0132 62.2013 85.9127 63.3246 32.0624 61.6117 53.2541 109.6221 49.7695 18.9737 81.0062 90.4268 68.593 48.4665 90.0888 20.2485 72.2496 75.0 50.448 52.9528 85.0 72.4224 51.8941 71.5681 88.7525 81.6088 72.9452 24.4131 65.0692 35.1141 85.7263 39.8246 61.8466 79.3095 23.8537 44.4072 27.7308 96.8297 87.0 75.2928 37.0135 76.2955 83.2947 83.2406 93.7443 86.8389 108.5772 95.0368 79.2591 65.0077 25.318 90.802 51.0882 100.2397 115.2085 64.0312 21.5407 46.3249 39.0 64.7611 19.4165 70.0286 82.8553 87.6926 97.9898 75.06 8.0623 72.8629 89.6772 40.1995 87.0517 40.0125 91.1373 5.831 
50.4876 78.6384 26.0768 5.099 77.6209 33.8378 49.4065 60.208 56.3205 0.0 67.4685 84.5281 38.4708 65.6201 62.3939 77.4209 43.1045 67.9559 19.0 60.7454 65.2993 96.5194 40.1622 91.9674 75.2728 49.1935 57.3847 74.8131 50.01 53.0094 58.2409 59.4643 17.2047 73.6817 78.924 37.3631 57.0088 63.7887 68.7677 77.6209 89.3085 43.0116 20.5913 44.911 53.4135 73.4302 79.404 61.9112 9.2195 18.3848 58.2151 68.8767 47.1275 68.1175 17.0294 21.3776 72.0902 39.8246 35.3412 37.3363 34.1321 34.4093 66.6108 60.2993 47.3814 24.5967 24.0416 90.0278 90.6091 71.1126 62.0322 38.0132 68.884 103.4795 55.0818 20.2485 50.8035 81.3941 22.6716 72.2496 78.2624 8.0 34.9285 10.2956 58.6941 9.0554 38.3275 24.0832 30.8058 83.006 74.1485 82.0366 48.3839 37.2156 84.7231 55.4617 91.0494 60.0083 95.4254 52.5547 
26.4008 12.6491 52.1536 62.8172 77.1298 94.8103 65.4599 64.4748 106.527 67.4685 0.0 51.9711 88.8144 97.4166 83.863 59.0762 89.4986 51.788 49.0408 49.3356 68.352 69.4262 74.2496 81.0555 39.3192 72.8011 80.1561 75.6902 20.6155 50.5371 86.0233 58.3095 57.2713 8.0623 94.1541 90.9725 31.0161 24.1868 60.6383 93.6216 64.4981 86.4523 76.1052 31.8277 65.0 83.5703 55.0364 47.8017 63.5689 73.0616 20.6155 44.1814 35.0 102.8008 79.0569 78.2624 43.0 67.897 44.6878 30.3645 84.0536 62.2896 98.2293 10.0 20.6155 44.1022 88.6002 82.2982 75.0067 45.0444 16.4924 32.1403 2.2361 82.8734 31.7805 83.0542 85.703 50.4876 56.9386 20.8806 11.0 66.2722 88.2043 74.6324 80.455 67.1863 88.0057 84.0238 41.1947 57.2189 27.8927 71.3442 100.8018 34.1321 57.4282 76.5506 71.1758 80.7775 73.5527 105.8017 
39.6989 47.0425 58.6941 79.6053 36.8782 95.4254 47.0956 36.8782 93.5575 84.5281 51.9711 0.0 82.0061 72.6154 57.0088 15.2643 79.2275 19.0 67.9559 25.318 36.4005 17.4642 63.0079 32.6956 13.0 54.4518 56.3205 37.2022 46.0435 33.541 62.9365 32.1403 67.624 47.0956 58.4123 86.0058 30.4138 29.9666 25.2982 58.6003 13.1529 75.2396 102.0833 42.5206 43.2897 48.2597 8.9443 23.5372 76.1577 99.0202 36.7151 15.6525 38.6005 78.3901 101.1187 81.5843 12.8062 57.0351 49.1935 57.3149 79.0569 56.7186 73.0068 45.8803 51.8652 72.2496 95.1262 35.3553 25.632 13.4164 37.6962 68.4105 53.7587 31.0644 31.8277 104.6566 68.2495 3.1623 62.9682 31.257 51.0098 88.3233 84.0536 85.703 55.6597 89.6939 81.0062 107.912 75.0067 7.8102 24.1868 26.2488 91.444 51.0882 6.7082 53.6004 20.6155 55.0273 22.0227 95.7549 
64.0078 96.7471 36.8782 38.6005 58.6941 16.4012 35.0571 46.5296 18.868 38.4708 88.8144 82.0061 0.0 30.8869 35.2278 69.3542 5.831 63.0079 45.4863 57.2189 49.4773 87.4757 19.0 74.8465 78.0897 28.6356 31.7648 56.0803 68.2422 49.4975 28.4253 50.04 34.4093 92.4392 50.2096 4.4721 65.192 74.4648 58.4209 48.7955 80.895 8.6023 56.1427 57.8014 39.2046 49.3964 74.0608 59.3043 33.2415 55.0091 72.0069 68.469 56.3649 31.6228 49.4975 17.1172 72.5603 25.1794 44.4185 60.8112 5.0 27.8568 31.7648 79.3221 68.884 56.4358 23.7065 71.5891 76.5376 70.3491 76.9415 68.0074 90.802 89.1964 63.3246 50.2195 19.2094 79.0253 32.5269 84.309 97.9439 46.3897 4.4721 29.0172 33.121 47.2652 1.0 55.3173 64.0078 77.1622 82.8613 67.72 12.0416 54.8179 79.1581 32.311 79.3095 34.4819 83.678 17.0294 
71.0282 101.9117 52.6308 64.1249 39.2046 46.4004 32.0156 36.8917 27.313 65.6201 97.4166 72.6154 30.8869 0.0 15.6525 57.5847 25.0599 55.5698 65.7647 52.8015 36.2491 71.8471 27.2947 54.037 73.7835 24.6982 17.6918 37.4833 77.6981 48.0833 11.4018 43.0116 55.2268 98.5951 22.4722 34.6699 67.9412 77.0779 47.4236 21.1896 66.7083 23.4094 85.1469 66.0379 33.2415 27.0185 63.6946 55.0 58.0775 83.5464 77.4661 63.5138 62.426 5.831 79.1202 45.8803 67.4166 31.6228 55.0364 75.3923 33.2415 38.6005 1.0 87.4185 80.5295 77.1038 54.5894 50.0899 58.1378 64.6607 82.3286 85.7263 99.6243 69.0652 66.6033 80.3243 15.0 70.2638 50.636 86.3134 104.2353 73.5527 35.3553 57.7235 17.8045 74.6726 30.4138 85.3815 84.5281 65.7875 82.4621 50.636 30.6105 67.1193 67.6757 21.2132 62.514 18.0278 66.2722 32.249 
57.7062 87.4586 44.0114 59.7746 25.1794 51.614 18.9737 21.4009 39.2046 62.3939 83.863 57.0088 35.2278 15.6525 0.0 42.0595 30.0167 39.9625 58.1378 37.5366 20.6155 57.1402 22.3607 41.0 58.2495 14.0357 5.099 23.0217 64.8845 33.6006 7.2801 27.6586 48.8365 84.4038 16.5529 39.6611 53.6004 62.482 31.7805 15.2315 51.6236 26.6271 82.8553 53.3104 18.868 14.3178 48.1041 39.6989 53.7587 80.7775 63.5138 48.0104 49.1935 21.4709 77.8267 45.8039 51.8652 23.3452 43.9318 64.5368 35.3836 30.1496 16.1245 73.9256 68.352 69.0072 57.28 37.3631 44.1022 49.0918 68.2422 75.8024 86.093 55.9017 52.4309 79.7559 16.1245 54.626 43.4166 71.4493 90.0 69.8928 39.2046 56.4358 4.0 71.1688 34.4093 84.5991 76.0263 50.2892 67.2681 36.0139 39.8497 55.7853 52.2015 8.0623 48.0104 3.1623 52.0096 42.9535 
40.1622 57.0088 51.4004 72.8011 21.9317 83.7437 34.3657 23.0 79.511 77.4209 59.0762 15.2643 69.3542 57.5847 42.0595 0.0 66.0303 10.0 62.9365 16.9706 21.587 19.2354 50.4876 22.0 21.5407 41.0122 41.7732 22.0227 47.8017 24.4131 48.2701 19.6469 60.2163 55.9017 43.2782 73.5527 31.0483 35.0 11.0 43.4166 12.083 62.0322 96.4261 40.7063 30.1496 33.0151 6.4031 16.4012 68.5055 93.5094 40.3113 15.0333 35.8469 63.3246 94.4034 71.1688 16.2788 45.1221 43.1393 56.356 66.9104 46.2385 57.9396 51.0882 53.4509 69.4046 84.7585 23.3452 16.4924 14.0357 43.0116 68.4471 61.131 27.4591 31.6228 97.6524 54.231 13.4536 54.9181 40.025 60.6383 82.3286 71.8471 76.9415 41.0 83.7377 68.3593 101.4002 73.5731 8.2462 33.5261 12.6491 78.0064 48.5489 10.198 39.3192 14.4222 40.2616 18.4391 82.0975 
64.0703 96.7988 38.2884 42.7551 54.0833 21.9317 32.1403 43.0465 17.0294 43.1045 89.4986 79.2275 5.831 25.0599 30.0167 66.0303 0.0 60.2993 48.3011 54.9181 45.5412 83.7257 16.7631 70.2282 76.1577 25.02 26.9258 51.5461 68.884 47.5395 23.0217 47.0956 37.1214 92.6553 44.5982 9.8995 64.405 73.7902 55.0364 43.1856 77.3175 4.0 61.4003 58.0086 36.0139 44.2945 71.0282 57.0701 37.108 60.1332 71.8679 66.2873 56.0803 25.9615 54.9181 22.0227 70.406 23.4094 44.8219 62.482 9.0 27.4591 25.9422 79.8123 70.0071 59.5063 29.5296 66.8506 72.2772 68.0661 76.8505 70.4911 91.5478 84.7703 62.6099 55.7853 13.8924 76.3217 34.4093 83.6301 98.2293 51.0882 10.2956 34.0588 28.2312 52.0384 5.3852 60.8769 67.1193 74.0 81.7068 63.561 12.3693 55.8659 76.0 27.8927 75.3127 29.5466 79.6241 17.088 
30.8058 51.4782 41.8808 63.2456 25.632 76.531 28.1603 18.7883 74.9533 67.9559 51.788 19.0 63.0079 55.5698 39.9625 10.0 60.2993 0.0 53.0377 7.2111 19.8494 28.6007 44.0114 30.5941 18.4391 35.6931 38.4838 24.5967 38.6394 15.2315 45.1885 13.3417 50.774 49.6488 45.0 67.0075 22.0907 27.6586 9.434 44.8219 21.4009 56.3205 86.6833 30.8707 24.5153 34.2053 11.7047 6.4031 59.1692 83.7377 32.0156 8.6023 25.9422 61.4003 84.8764 63.0635 12.0416 38.0526 33.3017 46.5188 60.075 38.0789 56.0803 43.1045 44.1475 59.4054 76.6551 31.0644 26.0 9.2195 35.3553 58.6941 53.9351 37.4433 22.3607 88.2043 49.7293 16.0312 45.6508 34.4384 54.7814 72.6223 65.0692 68.0294 38.0132 74.027 62.0081 91.8368 63.6318 15.2315 28.8444 20.0998 72.5603 38.5876 17.088 35.4683 24.4131 37.5899 28.4253 76.9415 
31.7805 59.8415 14.3178 14.0357 67.5426 47.2017 41.2311 49.6588 64.3506 19.0 49.0408 67.9559 45.4863 65.7647 58.1378 62.9365 48.3011 53.0377 0.0 45.9674 55.0364 81.4678 38.4708 80.1561 57.6975 44.1022 53.0848 64.8845 31.0161 39.2046 56.0803 47.1699 11.1803 54.9181 73.8241 46.2277 39.0 45.1221 55.8032 72.6911 74.3303 46.6154 34.1321 26.5707 44.2719 66.2193 63.8905 46.6905 14.7648 31.0644 39.3192 52.4309 29.5296 69.6348 33.8378 31.1448 55.2268 35.0 19.8494 18.6815 40.4969 28.0179 66.7533 41.4367 28.6356 11.4018 39.8121 78.8923 77.6209 54.6443 43.0465 22.6716 50.5964 90.0278 37.1618 37.6431 50.9902 64.8999 15.1327 53.3385 59.6657 20.6155 43.4166 25.632 54.1479 21.9317 44.9444 40.3113 18.9737 67.4759 55.5428 69.6348 57.2014 18.4391 69.029 50.2494 77.1557 55.2268 81.3449 62.0081 
26.0192 50.774 34.6699 56.0357 28.1603 70.1783 23.0868 16.2788 70.214 60.7454 49.3356 25.318 57.2189 52.8015 37.5366 16.9706 54.9181 7.2111 45.9674 0.0 19.2354 35.805 38.3275 36.0555 21.5407 31.0161 35.2278 26.4764 34.0147 8.2462 41.8808 9.8995 43.566 48.3011 45.1774 61.0737 18.4391 25.9422 12.0416 44.7772 28.6007 50.9902 79.511 25.0 20.1246 34.4384 18.7883 2.2361 51.9711 76.5768 28.8617 11.4018 19.9249 58.6003 77.666 56.2939 15.5242 32.0624 26.1725 40.4969 54.0093 31.4006 53.4135 40.025 39.2046 52.6972 69.857 35.9026 32.249 13.1529 32.8938 52.811 51.5461 44.2041 18.1108 80.9938 45.31 22.2036 38.4708 34.2053 53.7122 65.437 59.0085 60.9262 35.0 66.8431 56.2228 84.6286 57.2451 22.3607 29.7321 25.2982 67.2681 32.2025 24.1661 31.9061 31.241 34.8281 35.3836 71.8053 
43.7379 69.9714 41.1825 61.4003 12.53 64.846 16.4012 5.3852 58.1378 65.2993 68.352 36.4005 49.4773 36.2491 20.6155 21.587 45.5412 19.8494 55.0364 19.2354 0.0 38.2099 31.3847 27.0185 38.2884 20.8806 20.2237 9.8489 51.6236 19.0263 26.6833 10.198 48.8262 67.5352 25.9422 53.8516 37.3363 45.1774 11.1803 25.5539 32.0 41.5933 85.6037 41.0488 12.0416 15.2315 27.5136 21.095 56.0803 83.006 47.7598 28.2843 36.1248 42.0476 82.134 54.3783 31.8904 27.4591 36.4005 55.2268 47.7598 31.1127 36.6742 58.8218 56.2228 64.195 67.6018 24.7588 27.313 29.0689 52.0 67.4759 70.5762 40.2492 36.6879 84.8646 33.0 34.0147 43.0116 53.2541 72.9452 71.6101 52.4976 62.3699 19.4165 73.0068 48.5077 89.1964 70.0928 29.8329 48.2701 18.3848 57.1402 46.2709 31.7805 18.0 29.8329 18.6815 34.2053 61.0082 
55.7584 64.0312 70.4557 91.8368 32.7567 102.3572 52.8867 41.0 96.0 96.5194 69.4262 17.4642 87.4757 71.8471 57.1402 19.2354 83.7257 28.6007 81.4678 35.805 38.2099 0.0 68.884 21.4009 30.3645 58.8558 58.0086 34.3657 62.6498 43.566 64.0312 38.6264 79.3221 64.3817 53.4883 91.7824 46.3249 47.1699 29.4109 54.0833 7.2111 79.7621 115.2562 57.6281 48.5077 45.1221 17.6918 34.8281 87.6641 112.2943 53.7122 30.0 53.1507 77.2787 113.4637 90.2497 28.6531 63.8905 61.8466 73.0068 85.3756 65.3911 72.0069 63.2456 68.4763 87.1149 103.8171 25.2389 14.7648 28.0179 55.0273 84.5991 71.1969 14.1421 47.4342 116.7647 71.1126 19.3132 74.0945 48.6621 68.0661 101.2126 90.2441 96.1769 57.0 102.6158 86.4928 120.4326 90.6035 14.2127 41.5933 21.2132 95.3362 65.9469 13.0384 56.1427 9.4868 56.0089 7.0711 99.1262 
48.2701 80.8022 25.632 37.855 41.8808 33.5261 16.1245 27.8927 33.121 40.1622 74.2496 63.0079 19.0 27.2947 22.3607 50.4876 16.7631 44.0114 38.4708 38.3275 31.3847 68.884 0.0 57.8014 59.439 10.8167 17.4929 39.1152 53.7587 30.8058 18.2483 31.0644 28.0179 76.8375 38.9102 23.0868 47.8853 57.3062 39.6232 37.5766 62.1691 13.0 60.5392 42.45 20.3961 34.7131 55.0818 40.4475 31.7805 58.5235 55.8032 49.6488 40.0 31.3209 55.4707 24.0416 53.7587 6.7082 29.8329 49.2443 16.4924 12.2066 28.2843 64.3817 55.6058 49.8197 36.6197 54.9181 58.6941 51.4782 60.803 58.8727 76.3675 71.5891 46.1411 57.4543 12.6491 60.0333 23.3452 67.1193 82.4621 47.8017 21.3776 34.1321 18.868 49.0408 18.0 62.2656 57.2713 58.2151 65.0 49.7695 29.1204 41.6173 60.208 16.2788 61.0328 20.2485 65.4599 33.8378 
61.3922 78.4474 67.0075 87.8635 16.1555 90.802 43.4166 31.8277 80.0625 91.9674 81.0555 32.6956 74.8465 54.037 41.0 22.0 70.2282 30.5941 80.1561 36.0555 27.0185 21.4009 57.8014 0.0 42.7551 47.0106 43.3244 18.7883 69.2315 41.1825 48.2701 33.0151 75.1665 77.6466 33.541 79.3095 52.6118 57.0 24.5967 34.3657 20.2485 66.4831 112.0446 61.0328 39.0512 27.1662 26.4764 36.4005 82.7587 109.3435 62.2013 37.0135 55.9732 59.0085 108.9036 81.2712 38.1182 54.4059 60.5392 76.5506 73.7902 58.0517 54.0093 73.0616 74.7329 88.1192 94.3398 4.1231 7.2111 36.0139 65.0077 88.8651 83.0963 15.0333 52.9528 111.7318 56.6127 32.573 69.4262 61.6604 82.201 97.949 78.2943 89.3756 42.0595 99.3579 73.9256 115.9741 93.1075 25.2982 54.9181 10.7703 80.7775 68.1542 26.0 42.5441 12.8062 40.8044 14.4222 83.9524 
27.6586 35.6931 50.2195 70.2282 42.72 90.05 44.5982 36.8917 91.7061 75.2728 39.3192 13.0 78.0897 73.7835 58.2495 21.5407 76.1577 18.4391 57.6975 21.5407 38.2884 30.3645 59.439 42.7551 0.0 52.5547 56.4358 42.2019 33.4215 28.6356 63.1348 30.8869 58.9406 35.0571 63.1269 81.7435 18.868 17.0 27.5862 63.0317 25.1794 72.2772 91.7061 31.3847 41.6293 52.4023 16.2788 19.3132 67.4463 88.5889 23.8537 10.2956 28.2312 79.6116 91.3893 75.1066 6.4031 52.9528 40.2616 45.3431 74.5453 51.0882 74.3303 32.8938 39.2046 60.803 88.3629 44.643 36.2215 9.2195 24.6982 55.9732 41.1947 43.566 20.5913 95.0789 66.8506 11.1803 54.9181 19.0263 39.4588 78.2943 79.511 77.666 56.0803 79.6241 77.1038 97.9898 62.9682 18.0 12.1655 34.176 88.5268 39.9625 18.1108 53.2353 32.0 55.7584 34.2345 93.145 
46.4004 77.7946 30.0 46.2385 31.0644 44.0114 8.0623 18.0278 39.2938 49.1935 72.8011 54.4518 28.6356 24.6982 14.0357 41.0122 25.02 35.6931 44.1022 31.0161 20.8806 58.8558 10.8167 47.0106 52.5547 0.0 9.0 28.3019 53.0 24.6982 13.4164 22.3607 34.9285 74.2765 30.0832 32.9848 43.9318 53.2635 30.0167 28.8617 52.345 21.0238 69.7711 41.3401 11.1803 24.4131 46.0977 33.2415 40.3113 67.5426 53.0754 42.3792 37.8021 30.0 65.192 34.7131 46.4866 9.4868 30.6757 51.2445 26.9258 16.1245 25.5539 62.8013 55.9017 55.0 47.4342 44.1022 48.1041 43.9659 58.0 62.1691 75.0 60.9262 42.45 67.424 14.3178 51.6236 29.4279 62.8013 79.9312 56.4624 31.6228 44.2041 10.0499 57.7754 27.6586 72.111 62.0725 49.0102 59.6825 39.2173 37.054 42.72 51.0098 6.3246 50.6952 11.1803 55.0818 41.3038 
53.8516 84.2912 39.0 54.7083 27.2029 48.0208 14.7648 19.6977 38.0132 57.3847 80.1561 56.3205 31.7648 17.6918 5.099 41.7732 26.9258 38.4838 53.0848 35.2278 20.2237 58.0086 17.4929 43.3244 56.4358 9.0 0.0 24.7386 60.8276 30.4138 6.7082 25.5539 43.7379 81.0555 21.5407 36.2353 50.3289 59.4138 31.0483 20.2485 52.0865 23.2594 77.8781 49.1935 15.5563 17.8045 47.5395 37.4433 48.7032 75.7694 60.0 46.1411 45.2769 23.4307 72.9452 41.2311 50.1199 18.2483 39.2938 59.9083 31.4006 25.0799 18.3848 70.1783 64.0781 64.0 53.0754 39.9249 45.7056 47.4131 64.8151 71.0211 82.3772 57.9741 49.0408 74.9466 13.3417 53.7587 38.3275 68.6222 86.6833 64.846 35.5106 51.6236 1.4142 66.1287 30.8869 79.7559 71.0634 50.01 64.8151 37.2156 37.6563 51.2445 51.9711 3.6056 49.163 2.8284 53.3385 41.1947 
52.1536 76.0592 51.0 71.0282 2.8284 72.0139 25.4951 15.2315 62.2013 74.8131 75.6902 37.2022 56.0803 37.4833 23.0217 22.0227 51.5461 24.5967 64.8845 26.4764 9.8489 34.3657 39.1152 18.7883 42.2019 28.3019 24.7386 0.0 60.1332 28.1603 30.1496 19.105 58.5235 74.0945 21.2603 60.5392 44.911 51.8652 15.2315 21.4009 29.4109 47.7598 95.2103 50.04 21.4009 11.1803 28.4253 27.8927 65.6049 92.6553 55.3173 33.121 45.0111 42.9535 91.5478 62.8013 36.0555 36.1248 46.1736 64.6297 55.0091 40.4599 37.6563 66.4906 65.0077 74.0 75.7166 15.8114 21.095 33.2866 59.203 76.9415 77.8845 33.2415 44.5533 94.1754 38.0789 35.4683 52.6972 59.0339 79.3095 81.2712 59.5063 71.4213 23.5372 82.662 55.1543 98.5951 79.8123 29.6816 53.3385 13.1529 62.3699 55.7315 31.3847 23.7697 25.0799 22.3607 29.0 65.7647 
8.0 29.4109 31.7648 45.0444 62.0322 74.8465 46.0652 47.0744 85.9127 50.01 20.6155 46.0435 68.2422 77.6981 64.8845 47.8017 68.884 38.6394 31.0161 34.0147 51.6236 62.6498 53.7587 69.2315 33.4215 53.0 60.8276 60.1332 0.0 32.7567 66.3702 41.4367 37.6431 24.6982 76.6551 70.4911 16.7631 17.0294 46.0435 75.9605 56.3649 65.8559 62.3618 11.6619 46.2385 66.4906 45.6946 33.1361 44.7214 59.203 10.0 33.2415 15.8114 82.9277 63.7887 58.3095 34.0 47.5079 24.0832 13.6015 63.5138 41.7253 78.5493 11.1803 5.831 29.7321 69.3758 69.5845 64.2884 34.9285 12.3693 22.6274 22.6716 74.4648 16.2788 67.7422 65.437 43.566 36.6742 23.0868 29.9666 50.4876 67.7422 55.9017 61.2699 51.6236 67.424 69.6348 30.2324 48.7545 26.9258 58.6941 80.2122 13.9284 49.6488 57.2451 61.6847 61.7414 65.0 85.2115 
25.0 53.9073 27.0185 48.4149 30.4138 62.0725 16.6433 14.3178 63.3246 53.0094 50.5371 33.541 49.4975 48.0833 33.6006 24.4131 47.5395 15.2315 39.2046 8.2462 19.0263 43.566 30.8058 41.1825 28.6356 24.6982 30.4138 28.1603 32.7567 0.0 36.7967 9.0554 35.805 50.8035 43.9659 53.2353 20.0 29.0 16.6433 43.3244 36.3593 43.6807 72.1803 22.0227 14.8661 33.7343 26.9258 10.0499 44.1022 69.3109 30.0167 19.0263 17.1172 53.7587 70.0 48.0521 23.0868 24.3311 19.4165 36.4966 46.0977 23.1948 48.7955 40.7185 37.2156 46.9574 61.6117 40.3113 38.4187 21.0 34.6699 48.8365 52.7731 50.9313 18.868 73.2393 38.9487 30.4138 30.5287 38.2884 56.4004 58.0517 51.0882 52.8015 30.4795 59.4643 48.5077 77.0065 52.2015 30.4631 34.9857 30.5287 59.9083 27.6586 32.311 26.8701 38.2099 30.6105 42.5206 64.56 
59.6406 90.5539 42.4264 56.0892 32.3883 44.8219 20.6155 26.4008 32.0624 58.2409 86.0233 62.9365 28.4253 11.4018 7.2801 48.2701 23.0217 45.1885 56.0803 41.8808 26.6833 64.0312 18.2483 48.2701 63.1348 13.4164 6.7082 30.1496 66.3702 36.7967 0.0 32.249 46.0435 87.2067 22.0227 32.8024 56.5862 65.7647 37.6431 20.6155 58.3095 19.8494 78.4347 54.7083 22.0227 21.5407 54.1202 44.1022 50.01 76.5376 66.0681 52.8394 51.0392 16.9706 73.0068 40.3113 56.8243 21.2132 44.0114 64.5136 29.0689 28.2843 12.2066 76.0263 69.3181 67.2681 51.0882 44.643 51.2445 54.1202 70.9366 75.1864 88.2326 63.1506 55.2268 74.686 9.2195 60.407 41.0122 75.0733 92.8493 65.9697 32.5576 51.4782 7.2801 67.1863 27.6586 79.6241 74.5453 56.5155 71.4003 43.0116 32.573 56.0803 58.4637 10.0 55.0091 8.0623 59.0762 35.6931 
33.541 60.4649 34.0588 55.1543 21.3776 64.1327 15.0 6.4031 61.6117 59.4643 58.3095 32.1403 50.04 43.0116 27.6586 19.6469 47.0956 13.3417 47.1699 9.8995 10.198 38.6264 31.0644 33.0151 30.8869 22.3607 25.5539 19.105 41.4367 9.0554 32.249 0.0 42.4264 57.8014 35.8469 54.1479 27.313 35.5106 9.434 35.3412 31.6228 43.1045 79.2465 31.0 11.1803 25.2982 24.0208 12.0416 50.3289 76.4853 37.6962 20.5913 26.0192 48.8262 76.4853 51.6236 24.5967 25.4951 27.7308 45.5412 47.3814 26.8328 43.6005 48.7032 46.0977 55.5428 65.192 31.7648 31.1448 21.9317 42.0476 57.8705 60.5392 44.0454 26.5707 79.511 36.4005 29.2746 36.7967 44.0454 63.2851 65.1153 52.345 57.9828 25.2389 66.5282 49.0408 83.5464 61.0328 27.1662 39.6232 22.6716 59.3043 36.6742 29.1548 22.3607 31.9061 25.0 36.3593 63.6396 
36.1248 67.0522 8.9443 12.7279 61.2944 37.5899 33.541 43.6005 53.2541 17.2047 57.2713 67.624 34.4093 55.2268 48.8365 60.2163 37.1214 50.774 11.1803 43.566 48.8262 79.3221 28.0179 75.1665 58.9406 34.9285 43.7379 58.5235 37.6431 35.805 46.0435 42.4264 0.0 62.2977 65.0 35.3836 41.3038 49.0 51.6624 63.7887 72.111 35.4683 36.8782 30.0167 37.2156 58.3095 62.2656 44.7772 8.544 34.2053 44.2832 52.0 31.257 58.8558 34.2053 21.095 55.3624 25.4951 18.6815 27.4591 29.4109 18.9737 56.2228 48.7032 36.6742 22.4722 31.7805 73.4098 73.5527 54.231 48.6621 33.6006 59.0339 86.3713 39.3192 37.4433 40.3113 64.4748 5.831 58.1378 67.4166 22.8035 32.5576 19.0263 44.911 24.2074 33.8378 41.2311 30.0832 65.8635 59.0762 65.0692 46.2277 23.7697 67.6018 41.2311 73.8783 46.0977 78.2432 51.0882 
28.6007 5.0 56.3649 68.884 75.2728 99.5389 66.6033 64.1405 109.6221 73.6817 8.0623 47.0956 92.4392 98.5951 84.4038 55.9017 92.6553 49.6488 54.9181 48.3011 67.5352 64.3817 76.8375 77.6466 35.0571 74.2765 81.0555 74.0945 24.6982 50.8035 87.2067 57.8014 62.2977 0.0 93.4773 94.8947 30.8058 22.3607 58.8727 93.0591 60.0083 89.4036 83.3847 34.6699 65.6049 82.7345 51.2445 46.5188 69.1231 80.3057 21.2132 41.4849 36.8782 104.1393 86.0058 83.006 39.6232 70.2922 48.0208 36.3456 87.818 65.215 99.3579 13.6015 26.3059 51.0098 93.9628 79.2465 71.2531 41.9762 16.2788 39.6232 8.4853 78.1601 32.0156 90.0056 87.7268 46.0 61.327 16.0312 5.6569 73.0274 92.1792 80.2808 81.2158 74.0068 91.586 91.1976 48.6621 53.0377 23.0 68.4471 104.3072 38.6264 53.0 77.4661 67.0298 81.4002 69.029 109.2932 
68.9638 95.8801 59.5399 76.2168 21.6333 66.5282 33.0151 29.7321 49.7695 78.924 94.1541 58.4123 50.2096 22.4722 16.5529 43.2782 44.5982 45.0 73.8241 45.1774 25.9422 53.4883 38.9102 33.541 63.1269 30.0832 21.5407 21.2603 76.6551 43.9659 22.0227 35.8469 65.0 93.4773 0.0 54.4885 63.1585 71.1196 35.609 1.4142 49.6488 41.7253 99.4032 65.5134 31.1448 10.8167 49.679 47.0106 70.2282 97.3088 73.5391 53.6004 60.8769 26.4764 94.3663 62.1289 56.8507 39.5601 58.0345 78.3135 51.0882 46.0977 22.1359 84.5044 80.8084 84.3801 73.1095 29.4279 38.8973 54.037 77.8781 90.0888 96.3846 48.2597 62.3939 96.2549 31.1448 56.7274 59.439 79.0759 98.8838 86.3771 54.4518 72.9452 20.2485 87.6641 49.4975 101.1187 91.1373 50.8035 73.8173 33.121 52.4786 69.3542 52.4309 23.7697 44.0114 18.9737 47.1275 54.5619 
66.6408 99.2975 38.833 38.0789 63.1585 12.0416 39.2046 50.8035 18.9737 37.3631 90.9725 86.0058 4.4721 34.6699 39.6611 73.5527 9.8995 67.0075 46.2277 61.0737 53.8516 91.7824 23.0868 79.3095 81.7435 32.9848 36.2353 60.5392 70.4911 53.2353 32.8024 54.1479 35.3836 94.8947 54.4885 0.0 68.3081 77.4919 62.6498 53.0754 85.1587 13.0384 54.0 60.3738 43.4166 53.8516 78.1601 63.1269 33.121 53.0848 74.7329 72.2496 59.2368 34.9285 47.0956 16.1555 76.3217 29.0172 46.9574 62.3699 7.2801 31.0483 35.5106 81.6333 70.8025 56.8595 20.2485 76.0592 80.9568 74.1687 79.6241 68.884 92.9139 93.6376 66.4078 47.5184 23.6008 83.0 34.2053 87.3155 100.3444 45.1221 2.8284 27.4591 37.5899 45.8912 5.3852 52.6118 64.3506 81.3019 86.1278 72.1249 11.1803 56.8595 83.2947 36.7696 83.678 38.9487 88.0568 15.8114 
9.434 33.9706 33.0151 51.923 46.5296 75.1332 36.0694 33.541 81.0062 57.0088 31.0161 30.4138 65.192 67.9412 53.6004 31.0483 64.405 22.0907 39.0 18.4391 37.3363 46.3249 47.8853 52.6118 18.868 43.9318 50.3289 44.911 16.7631 20.0 56.5862 27.313 41.3038 30.8058 63.1585 68.3081 0.0 9.434 30.1496 62.6498 39.8246 60.8276 72.8972 12.53 34.8281 52.5547 29.0689 17.1172 49.6488 69.7711 10.4403 16.5529 10.0499 73.5527 72.8011 59.3043 17.8045 41.1825 23.0 26.9072 61.0328 37.3363 68.6804 21.587 22.4722 42.0119 72.0278 53.1507 47.5395 18.3576 14.7648 38.2753 33.2415 57.7754 2.0 76.5506 57.8014 27.6586 38.0 19.2354 36.4005 59.6154 65.8027 60.2993 50.448 60.9262 64.2573 79.3095 44.5982 32.249 18.1108 42.19 76.5572 21.095 33.2866 46.7547 44.9444 50.6063 48.3322 81.4371 
13.3417 25.0 41.1947 58.6941 53.1601 83.9524 45.3431 41.8808 90.4268 63.7887 24.1868 29.9666 74.4648 77.0779 62.482 35.0 73.7902 27.6586 45.1221 25.9422 45.1774 47.1699 57.3062 57.0 17.0 53.2635 59.4138 51.8652 17.0294 29.0 65.7647 35.5106 49.0 22.3607 71.1196 77.4919 9.434 0.0 36.6879 70.7107 41.4849 70.2353 78.1857 19.0263 43.8634 60.3738 31.4006 24.1661 57.0789 75.0267 7.0711 20.025 18.4391 82.7345 78.848 67.897 19.2354 50.6063 31.4006 30.0167 70.2282 46.6154 77.7946 16.2788 22.6274 46.0652 80.3057 58.1378 51.1566 21.0238 8.0623 39.6232 26.3059 59.9083 11.1803 82.7103 67.2012 27.8568 46.2709 9.8489 27.7849 65.521 74.9466 68.0074 59.4643 66.7608 73.5391 85.0706 47.2017 33.9559 10.4403 47.1699 85.9069 26.6833 34.4819 55.8659 47.676 59.5483 50.448 90.802 
38.0526 60.8358 43.1393 64.3817 16.4924 73.0068 23.5372 12.0 68.593 68.7677 60.6383 25.2982 58.4209 47.4236 31.7805 11.0 55.0364 9.434 55.8032 12.0416 11.1803 29.4109 39.6232 24.5967 27.5862 30.0167 31.0483 15.2315 46.0435 16.6433 37.6431 9.434 51.6624 58.8727 35.609 62.6498 30.1496 36.6879 0.0 35.4683 22.561 51.0392 88.3912 36.8782 19.2354 24.8395 16.4924 13.0384 59.6657 85.5862 40.4475 18.0278 31.7805 53.2259 85.7963 60.9262 21.2603 34.4819 36.0555 52.2015 56.0892 36.2353 47.8539 51.6236 51.2445 63.5295 74.4648 24.0416 21.9317 18.4391 44.1475 64.56 62.8172 34.7131 30.0167 88.8651 43.2897 22.8473 46.0977 43.8292 64.0781 74.2496 61.0 67.4166 30.3645 75.6637 57.4282 92.8493 68.542 19.105 38.2753 13.8924 67.0075 43.6578 21.095 28.4429 22.4722 29.7321 26.9258 71.1126 
68.3081 95.5249 58.4209 74.9466 21.9545 65.1153 32.0 29.1548 48.4665 77.6209 93.6216 58.6003 48.7955 21.1896 15.2315 43.4166 43.1856 44.8219 72.6911 44.7772 25.5539 54.0833 37.5766 34.3657 63.0317 28.8617 20.2485 21.4009 75.9605 43.3244 20.6155 35.3412 63.7887 93.0591 1.4142 53.0754 62.6498 70.7107 35.4683 0.0 50.0899 40.3113 98.0867 64.7611 30.2655 10.6301 49.8197 46.6476 68.9493 96.0052 73.0068 53.4135 60.1664 25.318 93.0215 60.7454 56.7274 38.3275 57.0789 77.4145 49.679 44.911 20.8806 83.9345 80.05 83.2947 71.7008 30.2655 39.5601 53.9073 77.3886 89.1403 95.8541 49.163 61.8466 94.8947 29.7321 56.8507 58.2495 78.7718 98.4886 85.0941 53.0377 71.5891 18.9737 86.3771 48.0833 99.7647 90.0888 51.0392 73.6003 33.541 51.1077 68.469 52.6972 22.561 44.5982 17.72 47.8017 53.2259 
49.2443 60.1332 63.2456 84.6286 28.2312 95.5667 46.0977 34.3657 90.0888 89.3085 64.4981 13.1529 80.895 66.7083 51.6236 12.083 77.3175 21.4009 74.3303 28.6007 32.0 7.2111 62.1691 20.2485 25.1794 52.345 52.0865 29.4109 56.3649 36.3593 58.3095 31.6228 72.111 60.0083 49.6488 85.1587 39.8246 41.4849 22.561 50.0899 0.0 73.3348 108.074 50.8035 41.7732 40.4969 10.8167 27.6586 80.455 105.119 47.7598 23.3238 46.2277 72.2772 106.2544 83.2166 22.4722 57.0088 54.6717 66.2873 78.6448 58.3095 66.9403 57.7235 62.1691 80.1561 96.7988 23.4307 13.0384 21.4709 49.4773 78.032 66.3702 18.4391 40.8167 109.5536 65.0 14.0357 66.888 44.0454 64.0703 94.0213 83.5464 89.0056 51.1566 95.4254 79.9062 113.2254 83.8153 7.6158 37.0135 16.5529 89.0898 59.0339 7.0711 50.0 7.6158 50.2494 9.0554 93.0054 
60.803 93.4773 35.805 42.19 50.3289 25.0 28.1603 39.0512 20.2485 43.0116 86.4523 75.2396 8.6023 23.4094 26.6271 62.0322 4.0 56.3205 46.6154 50.9902 41.5933 79.7621 13.0 66.4831 72.2772 21.0238 23.2594 47.7598 65.8559 43.6807 19.8494 43.1045 35.4683 89.4036 41.7253 13.0384 60.8276 70.2353 51.0392 40.3113 73.3348 0.0 61.9839 54.8179 32.0156 40.8167 67.0298 53.1507 36.3456 60.531 68.5055 62.3699 52.6972 25.1794 55.7853 22.561 66.4906 19.6977 41.7732 60.0 9.8489 24.2074 24.3516 76.6942 67.2086 57.9396 31.6228 63.1585 68.4105 64.1327 73.4983 68.4763 88.5268 80.9568 59.0593 56.921 10.6301 72.3395 32.249 80.0625 95.0 51.0098 12.7279 34.5254 24.5967 52.0384 7.8102 61.9839 65.5515 70.0 78.0 59.6657 16.2788 53.0754 72.0 24.0416 71.3863 25.9422 75.71 20.8806 
65.0 88.3629 45.2548 24.2074 98.0051 46.8722 69.8928 80.4301 72.2496 20.5913 76.1052 102.0833 56.1427 85.1469 82.8553 96.4261 61.4003 86.6833 34.1321 79.511 85.6037 115.2562 60.5392 112.0446 91.7061 69.7711 77.8781 95.2103 62.3618 72.1803 78.4347 79.2465 36.8782 83.3847 99.4032 54.0 72.8972 78.1857 88.3912 98.0867 108.074 61.9839 0.0 60.3738 73.8173 94.0213 97.8008 80.4301 29.6816 3.1623 71.7844 86.5332 63.6318 87.1321 7.6158 39.4588 89.3588 60.4152 53.4135 48.7647 52.469 54.9181 86.122 71.0211 58.2495 32.7567 35.6931 110.2588 110.3177 88.7525 74.7262 44.0114 77.026 123.0447 71.1196 9.8995 70.6045 99.0202 42.638 85.44 87.0919 14.1421 52.0384 27.4591 79.2023 12.7279 56.2228 8.2462 35.0 101.4002 88.6002 101.9117 64.195 51.8941 103.0049 76.0263 110.3902 80.5295 114.6909 67.6018 
6.3246 38.9487 22.561 39.8121 52.1536 65.8027 34.4384 36.2215 75.0 44.911 31.8277 42.5206 57.8014 66.0379 53.3104 40.7063 58.0086 30.8707 26.5707 25.0 41.0488 57.6281 42.45 61.0328 31.3847 41.3401 49.1935 50.04 11.6619 22.0227 54.7083 31.0 30.0167 34.6699 65.5134 60.3738 12.53 19.0263 36.8782 64.7611 50.8035 54.8179 60.3738 0.0 34.7851 55.5788 40.0 24.6982 38.0526 57.2451 14.5602 27.6586 5.099 71.2811 60.407 49.4773 29.7321 36.0694 13.4164 15.6525 53.2353 30.6105 66.888 21.9317 15.2971 29.7321 61.5224 60.8769 56.8595 29.7321 19.3132 27.8568 33.9706 68.0955 10.8167 64.195 53.9073 39.6232 27.6586 28.1603 40.2244 47.1699 57.6975 49.0 49.6588 48.4665 56.9386 66.8506 33.0151 43.4166 29.2746 50.2892 69.6419 8.6023 44.6878 45.618 55.0727 50.1597 58.8303 74.6257 
38.9102 68.7677 30.0832 49.6488 24.2074 53.8516 4.4721 7.6158 50.448 53.4135 65.0 43.2897 39.2046 33.2415 18.868 30.1496 36.0139 24.5153 44.2719 20.1246 12.0416 48.5077 20.3961 39.0512 41.6293 11.1803 15.5563 21.4009 46.2385 14.8661 22.0227 11.1803 37.2156 65.6049 31.1448 43.4166 34.8281 43.8634 19.2354 30.2655 41.7732 32.0156 73.8173 34.7851 0.0 22.2036 35.0143 22.3607 44.2041 71.2811 44.6542 31.3847 30.4631 38.9487 70.1783 42.5441 35.4683 15.6525 27.0185 47.1699 36.8782 19.105 33.9411 55.0727 50.0 54.1295 55.9017 36.7696 38.9487 32.8938 49.4065 59.0085 67.2309 51.9711 33.6006 72.8629 25.2982 40.4475 31.3847 53.0754 71.218 59.9083 41.7732 50.3289 15.6205 61.2944 38.2099 77.2334 60.531 38.0132 49.4065 30.0167 48.1664 38.2099 40.0125 12.0416 40.8534 15.8114 45.31 52.469 
58.6941 85.0882 51.923 70.214 12.3693 65.7343 25.0 19.4165 52.9528 73.4302 83.5703 48.2597 49.3964 27.0185 14.3178 33.0151 44.2945 34.2053 66.2193 34.4384 15.2315 45.1221 34.7131 27.1662 52.4023 24.4131 17.8045 11.1803 66.4906 33.7343 21.5407 25.2982 58.3095 82.7345 10.8167 53.8516 52.5547 60.3738 24.8395 10.6301 40.4969 40.8167 94.0213 55.5788 22.2036 0.0 39.4081 36.2353 64.4127 91.7061 62.9682 42.8019 50.8035 32.249 89.5879 58.7282 46.0977 33.6155 49.163 69.0072 49.2037 39.3954 27.074 74.0 70.859 76.2955 70.8378 23.3452 31.1448 43.2782 67.2309 81.0247 85.7963 42.19 51.8652 91.8368 30.4138 46.4004 52.5547 68.2642 88.1192 80.4984 53.2541 68.6003 16.4012 81.8413 48.5489 96.5194 82.7345 40.8167 63.0079 24.0416 54.0833 60.0083 42.5441 18.4391 35.6931 15.0 39.3192 57.0088 
38.4708 51.9711 53.3385 74.6257 28.2843 87.9659 39.0128 28.2843 85.0 79.404 55.0364 8.9443 74.0608 63.6946 48.1041 6.4031 71.0282 11.7047 63.8905 18.7883 27.5136 17.6918 55.0818 26.4764 16.2788 46.0977 47.5395 28.4253 45.6946 26.9258 54.1202 24.0208 62.2656 51.2445 49.679 78.1601 29.0689 31.4006 16.4924 49.8197 10.8167 67.0298 97.8008 40.0 35.0143 39.4081 0.0 17.4929 70.7107 94.8103 37.3631 12.53 35.4683 69.4622 96.2549 74.7262 12.1655 49.366 44.4072 55.4707 71.3442 49.7293 64.0781 47.676 51.4782 69.4262 88.3233 28.4605 20.025 10.7703 39.4588 67.2309 57.0088 28.7924 30.0167 99.6444 59.6825 7.0711 57.2451 35.2278 55.7315 83.8153 76.3217 79.7057 46.8402 85.2115 73.0616 103.1746 73.0068 3.6056 28.4429 18.3576 83.1505 48.2701 5.3852 44.911 16.2788 46.1736 19.3132 87.367 
25.1794 48.8774 35.8469 57.1402 29.4279 72.111 25.2982 18.3848 72.4224 61.9112 47.8017 23.5372 59.3043 55.0 39.6989 16.4012 57.0701 6.4031 46.6905 2.2361 21.095 34.8281 40.4475 36.4005 19.3132 33.2415 37.4433 27.8927 33.1361 10.0499 44.1022 12.0416 44.7772 46.5188 47.0106 63.1269 17.1172 24.1661 13.0384 46.6476 27.6586 53.1507 80.4301 24.6982 22.3607 36.2353 17.4929 0.0 53.2353 77.4661 27.4591 9.2195 19.6977 60.803 78.7718 58.0517 13.3417 34.1321 27.0185 40.3113 56.0357 33.2415 55.6058 38.6394 38.4708 53.0094 71.5891 36.4966 32.2025 11.0454 31.3209 52.5547 50.0 43.8292 17.0 82.1523 47.5395 20.3961 39.8121 32.2025 51.8845 66.4003 61.0328 62.3939 37.2022 67.8012 58.3095 85.703 57.3062 21.095 27.5862 25.7099 69.4262 32.249 22.8254 34.1321 30.8058 37.0135 34.8281 73.9797 
44.0 73.9797 17.4642 6.0828 68.4105 32.6497 40.2244 50.9902 51.8941 9.2195 63.5689 76.1577 33.2415 58.0775 53.7587 68.5055 37.108 59.1692 14.7648 51.9711 56.0803 87.6641 31.7805 82.7587 67.4463 40.3113 48.7032 65.6049 44.7214 44.1022 50.01 50.3289 8.544 69.1231 70.2282 33.121 49.6488 57.0789 59.6657 68.9493 80.455 36.3456 29.6816 38.0526 44.2041 64.4127 70.7107 53.2353 0.0 27.2947 52.0384 60.5392 39.6232 61.0328 26.1725 17.2047 63.9062 30.8707 27.2029 33.2415 28.4605 25.2389 59.0762 55.5428 43.0116 24.0832 25.0799 80.8084 81.4678 62.7694 56.2228 36.8782 65.192 94.3663 47.676 29.2062 43.1045 73.0068 13.6015 66.0076 74.0405 16.1555 30.4138 11.1803 49.98 17.4642 32.8938 33.2415 31.4006 74.3034 67.2681 72.8629 44.2945 31.1448 76.0592 46.6154 82.0061 51.264 86.4002 48.8774 
61.8466 85.2877 42.45 21.6333 95.4411 46.5725 67.4166 77.801 71.5681 18.3848 73.0616 99.0202 55.0091 83.5464 80.7775 93.5094 60.1332 83.7377 31.0644 76.5768 83.006 112.2943 58.5235 109.3435 88.5889 67.5426 75.7694 92.6553 59.203 69.3109 76.5376 76.4853 34.2053 80.3057 97.3088 53.0848 69.7711 75.0267 85.5862 96.0052 105.119 60.531 3.1623 57.2451 71.2811 91.7061 94.8103 77.4661 27.2947 0.0 68.6222 83.4865 60.5392 85.7088 8.4853 38.1182 86.2844 58.1378 50.448 45.607 51.1566 52.4786 84.5281 67.897 55.109 29.6142 35.4401 107.6151 107.5174 85.703 71.5681 41.0 74.0068 120.2082 68.0 11.6619 68.884 95.9635 40.0 82.28 84.0536 11.4018 51.0098 26.0768 77.0779 10.0 55.0364 11.0454 32.0156 98.4073 85.44 99.1564 63.5059 48.7545 100.0 73.8241 107.5174 78.3901 111.8034 67.082 
8.2462 25.0 37.108 53.1507 56.8859 80.3617 45.4533 43.8634 88.7525 58.2151 20.6155 36.7151 72.0069 77.4661 63.5138 40.3113 71.8679 32.0156 39.3192 28.8617 47.7598 53.7122 55.8032 62.2013 23.8537 53.0754 60.0 55.3173 10.0 30.0167 66.0681 37.6962 44.2832 21.2132 73.5391 74.7329 10.4403 7.0711 40.4475 73.0068 47.7598 68.5055 71.7844 14.5602 44.6542 62.9682 37.3631 27.4591 52.0384 68.6222 0.0 25.318 15.8114 82.9759 72.7805 64.0312 25.2982 49.2037 27.8568 23.2594 67.5426 44.4185 78.2432 11.1803 15.5563 39.3954 75.9539 63.0079 56.7186 26.6833 5.0 32.5576 22.8473 66.0984 11.1803 76.6877 66.5282 34.4384 42.2019 14.0357 26.8701 59.439 72.0902 63.1269 60.2163 60.6383 71.1196 78.848 40.2244 40.1622 17.0 52.0096 83.7257 21.0238 40.8534 56.4004 53.6004 60.4649 56.6127 88.6848 
