40
0.0 4.1231 34.0147 25.5539 28.6007 11.3137 19.6977 11.4018 9.4868 21.095 4.1231 23.6008 25.9422 6.4031 9.0 10.198 11.1803 7.2111 18.2483 13.8924 28.8617 17.1172 32.0624 27.7308 31.0161 31.7805 19.9249 24.0832 20.8087 16.2788 19.2094 14.3178 8.0 5.0 23.4094 16.1555 26.2488 14.0 5.099 25.2389 
4.1231 0.0 31.6228 28.6356 31.3847 8.0623 20.8087 15.2643 8.0623 25.02 5.831 20.5913 29.1548 3.1623 5.099 14.0357 8.4853 5.0 17.0294 15.5563 27.1662 21.2132 31.0644 25.2982 30.1496 31.9531 24.0416 26.2488 23.7065 12.8062 21.9545 17.72 8.0623 5.6569 26.9258 13.0384 28.3196 13.6015 9.2195 26.9072 
34.0147 31.6228 0.0 40.2492 39.5601 23.7697 25.5539 44.4185 24.5967 45.4533 30.8869 12.0 41.5933 28.4605 31.4006 37.6431 36.2215 26.9258 17.0294 28.3196 7.6158 45.2769 12.0416 6.3246 13.0 21.0 49.5782 32.6956 36.3593 20.0998 34.6699 36.7967 26.9258 29.5296 42.72 37.0135 32.8938 22.0227 37.2156 29.7321 
25.5539 28.6356 40.2492 0.0 4.1231 30.4138 14.8661 23.8537 25.318 11.0454 22.8473 36.4966 1.4142 28.4605 33.6155 16.2788 36.7151 26.9258 25.4951 15.0333 32.6497 15.8114 30.6105 36.0555 29.2062 23.4307 19.2354 7.8102 5.099 34.0588 7.0711 11.4018 22.561 23.4094 5.0 41.5933 8.6023 22.0227 22.0227 11.3137 
28.6007 31.3847 39.5601 4.1231 0.0 32.28 15.0333 27.7849 27.2029 15.1327 25.5539 37.054 5.0 30.8707 36.2353 19.8494 39.6611 29.1548 26.0192 16.7631 31.9531 19.9249 29.1548 35.9026 27.7849 21.2603 23.3452 7.0711 7.8102 35.5106 9.434 14.8661 24.6982 25.9422 9.0554 44.4185 6.7082 23.1948 25.4558 9.8489 
11.3137 8.0623 23.7697 30.4138 32.28 0.0 18.868 22.6716 5.099 29.6142 9.8489 12.53 31.257 5.0 8.0623 18.9737 13.1529 4.4721 11.1803 15.5242 20.025 26.9258 24.7386 17.4642 24.0416 27.4591 30.4138 26.0 25.318 5.0 23.3452 21.095 8.0 8.544 30.0 15.6525 27.7308 10.0 15.8114 25.5539 
19.6977 20.8087 25.5539 14.8661 15.0333 18.868 0.0 25.02 14.2127 20.6155 15.6525 22.0227 16.1555 19.105 24.7588 16.1245 29.2062 16.9706 11.0 6.0828 18.0278 21.9317 17.2047 21.1896 15.8114 13.0384 26.4008 8.0 10.8167 21.1896 9.2195 13.0 12.8062 15.2643 17.2047 33.2415 9.2195 8.9443 19.2354 6.7082 
11.4018 15.2643 44.4185 23.8537 27.7849 22.6716 25.02 0.0 20.0 15.0 13.6015 34.7131 23.6008 17.8045 19.3132 9.0554 19.105 18.3848 27.7308 19.105 38.4838 9.434 40.5216 38.2753 39.2938 38.0526 10.0499 25.9615 20.6155 27.6586 19.9249 13.6015 17.4929 15.0 19.8494 24.0208 28.1603 22.8473 7.2111 28.4429 
9.4868 8.0623 24.5967 25.318 27.2029 5.099 14.2127 20.0 0.0 25.0 6.4031 14.8661 26.1725 5.3852 10.8167 14.7648 15.6525 3.1623 9.0 10.4403 19.4165 22.8254 23.0217 18.3576 22.0907 24.1661 26.6271 21.0238 20.2237 9.2195 18.2483 16.2788 3.1623 5.0 25.02 19.2094 22.8254 5.831 12.8062 20.8087 
21.095 25.02 45.4533 11.0454 15.1327 29.6142 20.6155 15.0 25.0 0.0 20.0998 38.9102 10.198 26.0768 30.0666 11.0 31.7805 25.318 28.8444 17.2047 38.2099 5.6569 37.8021 40.2244 36.4005 32.2025 8.2462 16.7631 10.7703 34.2053 11.6619 8.9443 21.8403 21.2132 6.0828 36.8782 18.4391 24.1868 16.2788 20.2485 
4.1231 5.831 30.8869 22.8473 25.5539 9.8489 15.6525 13.6015 6.4031 20.0998 0.0 21.2132 23.4094 6.0 10.7703 9.2195 14.2127 5.3852 14.5602 10.0 25.2982 17.088 28.1603 24.6982 27.074 27.6586 20.5913 20.5183 17.8885 14.7648 16.1245 12.1655 4.1231 1.4142 21.3776 18.868 22.6274 10.0499 6.4031 21.4009 
23.6008 20.5913 12.0 36.4966 37.054 12.53 22.0227 34.7131 14.8661 38.9102 21.2132 0.0 37.6563 17.4929 19.6469 29.4109 24.3311 16.4012 11.0454 22.1359 11.4018 37.4433 17.6918 6.3246 17.6918 24.1868 41.4005 30.0167 31.7805 8.2462 29.8329 29.9666 17.8045 19.799 37.6431 25.02 31.0161 14.8661 27.5862 28.0713 
25.9422 29.1548 41.5933 1.4142 5.0 31.257 16.1555 23.6008 26.1725 10.198 23.4094 37.6563 0.0 29.1204 34.176 16.4012 37.1214 27.6586 26.6833 16.0 34.0 15.2315 32.0156 37.3363 30.6105 24.8395 18.4391 9.2195 6.0 35.0143 8.0 11.6619 23.3452 24.0416 4.1231 42.0476 10.0 23.0868 22.2036 12.7279 
6.4031 3.1623 28.4605 28.4605 30.8707 5.0 19.105 17.8045 5.3852 26.0768 6.0 17.4929 29.1204 0.0 5.6569 15.1327 10.2956 2.2361 14.1421 14.4222 24.0832 22.8035 28.1603 22.1359 27.2947 29.5466 26.0 25.2389 23.4094 9.8995 21.5407 18.1108 6.4031 5.099 27.2947 14.1421 27.2029 11.1803 11.1803 25.4951 
9.0 5.099 31.4006 33.6155 36.2353 8.0623 24.7588 19.3132 10.8167 30.0666 10.7703 19.6469 34.176 5.6569 0.0 19.105 5.099 7.8102 18.9737 20.0 28.0713 26.0768 32.7567 25.1794 32.0156 34.8855 28.6356 30.8058 28.6356 11.4018 26.8328 22.8035 12.0416 10.2956 32.0156 8.4853 32.8024 16.6433 14.0357 31.1448 
10.198 14.0357 37.6431 16.2788 19.8494 18.9737 16.1245 9.0554 14.7648 11.0 9.2195 29.4109 16.4012 15.1327 19.105 0.0 21.1896 14.5602 20.6155 10.4403 31.0644 8.0623 32.311 31.8277 31.0161 29.1548 12.0416 17.088 12.2066 23.7697 11.1803 5.0 11.6619 10.4403 13.4164 26.2488 19.3132 15.6205 5.831 19.4165 
11.1803 8.4853 36.2215 36.7151 39.6611 13.1529 29.2062 19.105 15.6525 31.7805 14.2127 24.3311 37.1214 10.2956 5.099 21.1896 0.0 12.53 24.0416 24.0416 33.1361 27.1662 37.855 30.0666 37.108 39.8121 29.0172 34.7131 31.9061 16.1245 30.2324 25.4951 16.4012 14.1421 34.5398 5.099 36.7967 21.4709 15.5242 35.3836 
7.2111 5.0 26.9258 26.9258 29.1548 4.4721 16.9706 18.3848 3.1623 25.318 5.3852 16.4012 27.6586 2.2361 7.8102 14.5602 12.53 0.0 12.0416 12.53 22.2036 22.4722 26.0768 20.6155 25.1794 27.313 25.9422 23.3238 21.8403 9.434 19.9249 17.0 4.4721 4.1231 26.0768 16.2788 25.2389 8.9443 11.4018 23.4307 
18.2483 17.0294 17.0294 25.4951 26.0192 11.1803 11.0 27.7308 9.0 28.8444 14.5602 11.0454 26.6833 14.1421 18.9737 20.6155 24.0416 12.0416 0.0 11.6619 10.7703 28.2843 14.0357 11.4018 13.1529 16.4012 32.5576 19.0 20.8806 11.4018 18.9737 20.0 10.4403 13.3417 26.9258 26.8328 20.0998 5.0 20.6155 17.2627 
13.8924 15.5563 28.3196 15.0333 16.7631 15.5242 6.0828 19.105 10.4403 17.2047 10.0 22.1359 16.0 14.4222 20.0 10.4403 24.0416 12.53 11.6619 0.0 21.2603 17.2047 21.9317 23.0217 20.6155 19.0 21.6333 10.8167 10.0 19.0263 8.0 8.4853 8.0623 9.8995 15.5242 28.4253 12.8062 7.2801 13.1529 11.4018 
28.8617 27.1662 7.6158 32.6497 31.9531 20.025 18.0278 38.4838 19.4165 38.2099 25.2982 11.4018 34.0 24.0832 28.0713 31.0644 33.1361 22.2036 10.7703 21.2603 0.0 38.4187 6.4031 5.831 6.7082 14.3178 42.8019 25.0799 28.8444 17.72 27.2029 29.7321 21.1896 24.0416 35.2278 34.9285 25.2982 15.6525 31.3847 22.1359 
17.1172 21.2132 45.2769 15.8114 19.9249 26.9258 21.9317 9.434 22.8254 5.6569 17.088 37.4433 15.2315 22.8035 26.0768 8.0623 27.1662 22.4722 28.2843 17.2047 38.4187 0.0 38.9487 39.6232 37.5899 34.4819 4.4721 20.025 14.0 31.7805 14.1421 8.9443 19.7231 18.3848 11.1803 32.249 22.0 23.3452 12.0416 23.1948 
32.0624 31.0644 12.0416 30.6105 29.1548 24.7386 17.2047 40.5216 23.0217 37.8021 28.1603 17.6918 32.0156 28.1603 32.7567 32.311 37.855 26.0768 14.0357 21.9317 6.4031 38.9487 0.0 12.2066 1.4142 9.0554 43.4166 22.8035 27.5862 23.2594 26.2488 30.0167 24.0832 27.074 33.9411 40.1622 22.4722 18.1108 33.7343 19.4165 
27.7308 25.2982 6.3246 36.0555 35.9026 17.4642 21.1896 38.2753 18.3576 40.2244 24.6982 6.3246 37.3363 22.1359 25.1794 31.8277 30.0666 20.6155 11.4018 23.0217 5.831 39.6232 12.2066 0.0 12.53 19.9249 43.8406 28.8617 31.7805 14.0 29.9666 31.4006 20.8087 23.3238 38.0132 31.1448 29.4279 16.2788 31.0644 26.3059 
31.0161 30.1496 13.0 29.2062 27.7849 24.0416 15.8114 39.2938 22.0907 36.4005 27.074 17.6918 30.6105 27.2947 32.0156 31.0161 37.108 25.1794 13.1529 20.6155 6.7082 37.5899 1.4142 12.53 0.0 8.0 42.0595 21.4009 26.1725 22.8254 24.8395 28.6531 23.0217 26.0192 32.5269 39.5601 21.095 17.0294 32.5576 18.0278 
31.7805 31.9531 21.0 23.4307 21.2603 27.4591 13.0384 38.0526 24.1661 32.2025 27.6586 24.1868 24.8395 29.5466 34.8855 29.1548 39.8121 27.313 16.4012 19.0 14.3178 34.4819 9.0554 19.9249 8.0 0.0 38.8973 15.8114 21.4709 27.5862 20.6155 25.7099 24.0416 26.9258 27.4591 43.0465 14.8661 18.3848 32.0624 12.2066 
19.9249 24.0416 49.5782 19.2354 23.3452 30.4138 26.4008 10.0499 26.6271 8.2462 20.5913 41.4005 18.4391 26.0 28.6356 12.0416 29.0172 25.9422 32.5576 21.6333 42.8019 4.4721 43.4166 43.8406 42.0595 38.8973 0.0 24.1868 18.1108 35.3553 18.4391 13.4164 23.6008 21.9545 14.3178 34.0 26.0768 27.5862 14.8661 27.4591 
24.0832 26.2488 32.6956 7.8102 7.0711 26.0 8.0 25.9615 21.0238 16.7631 20.5183 30.0167 9.2195 25.2389 30.8058 17.088 34.7131 23.3238 19.0 10.8167 25.0799 20.025 22.8035 28.8617 21.4009 15.8114 24.1868 0.0 6.0828 28.8617 6.0828 12.3693 18.868 20.6155 11.6619 39.2046 2.2361 16.4924 21.9545 3.6056 
20.8087 23.7065 36.3593 5.099 7.8102 25.318 10.8167 20.6155 20.2237 10.7703 17.8885 31.7805 6.0 23.4094 28.6356 12.2066 31.9061 21.8403 20.8806 10.0 28.8444 14.0 27.5862 31.7805 26.1725 21.4709 18.1108 6.0828 0.0 29.0172 2.0 7.2111 17.4642 18.3848 6.4031 36.7151 8.0 17.1172 17.6918 9.4868 
16.2788 12.8062 20.0998 34.0588 35.5106 5.0 21.1896 27.6586 9.2195 34.2053 14.7648 8.2462 35.0143 9.8995 11.4018 23.7697 16.1245 9.434 11.4018 19.0263 17.72 31.7805 23.2594 14.0 22.8254 27.5862 35.3553 28.8617 29.0172 0.0 27.0185 25.4951 12.3693 13.4164 34.1321 17.2627 30.3645 12.3693 20.8087 27.8568 
19.2094 21.9545 34.6699 7.0711 9.434 23.3452 9.2195 19.9249 18.2483 11.6619 16.1245 29.8329 8.0 21.5407 26.8328 11.1803 30.2324 19.9249 18.9737 8.0 27.2029 14.1421 26.2488 29.9666 24.8395 20.6155 18.4391 6.0828 2.0 27.0185 0.0 6.3246 15.5242 16.5529 8.0623 34.9857 8.2462 15.1327 16.4012 9.0554 
14.3178 17.72 36.7967 11.4018 14.8661 21.095 13.0 13.6015 16.2788 8.9443 12.1655 29.9666 11.6619 18.1108 22.8035 5.0 25.4951 17.0 20.0 8.4853 29.7321 8.9443 30.0167 31.4006 28.6531 25.7099 13.4164 12.3693 7.2111 25.4951 6.3246 0.0 13.1529 13.0384 9.2195 30.4631 14.5602 15.2643 10.6301 15.0333 
8.0 8.0623 26.9258 22.561 24.6982 8.0 12.8062 17.4929 3.1623 21.8403 4.1231 17.8045 23.3452 6.4031 12.0416 11.6619 16.4012 4.4721 10.4403 8.0623 21.1896 19.7231 24.0832 20.8087 23.0217 24.0416 23.6008 18.868 17.4642 12.3693 15.5242 13.1529 0.0 3.0 22.0 20.5183 20.8087 6.0 10.2956 19.105 
5.0 5.6569 29.5296 23.4094 25.9422 8.544 15.2643 15.0 5.0 21.2132 1.4142 19.799 24.0416 5.099 10.2956 10.4403 14.1421 4.1231 13.3417 9.8995 24.0416 18.3848 27.074 23.3238 26.0192 26.9258 21.9545 20.6155 18.3848 13.4164 16.5529 13.0384 3.0 0.0 22.2036 18.6011 22.6716 9.0 7.8102 21.2603 
23.4094 26.9258 42.72 5.0 9.0554 30.0 17.2047 19.8494 25.02 6.0828 21.3776 37.6431 4.1231 27.2947 32.0156 13.4164 34.5398 26.0768 26.9258 15.5242 35.2278 11.1803 33.9411 38.0132 32.5269 27.4591 14.3178 11.6619 6.4031 34.1321 8.0623 9.2195 22.0 22.2036 0.0 39.5601 13.0 22.8035 19.2354 15.2643 
16.1555 13.0384 37.0135 41.5933 44.4185 15.6525 33.2415 24.0208 19.2094 36.8782 18.868 25.02 42.0476 14.1421 8.4853 26.2488 5.099 16.2788 26.8328 28.4253 34.9285 32.249 40.1622 31.1448 39.5601 43.0465 34.0 39.2046 36.7151 17.2627 34.9857 30.4631 20.5183 18.6011 39.5601 0.0 41.2311 25.0 20.6155 39.6232 
26.2488 28.3196 32.8938 8.6023 6.7082 27.7308 9.2195 28.1603 22.8254 18.4391 22.6274 31.0161 10.0 27.2029 32.8024 19.3132 36.7967 25.2389 20.0998 12.8062 25.2982 22.0 22.4722 29.4279 21.095 14.8661 26.0768 2.2361 8.0 30.3645 8.2462 14.5602 20.8087 22.6716 13.0 41.2311 0.0 18.0278 24.1868 3.1623 
14.0 13.6015 22.0227 22.0227 23.1948 10.0 8.9443 22.8473 5.831 24.1868 10.0499 14.8661 23.0868 11.1803 16.6433 15.6205 21.4709 8.9443 5.0 7.2801 15.6525 23.3452 18.1108 16.2788 17.0294 18.3848 27.5862 16.4924 17.1172 12.3693 15.1327 15.2643 6.0 9.0 22.8035 25.0 18.0278 0.0 15.8114 15.6525 
5.099 9.2195 37.2156 22.0227 25.4558 15.8114 19.2354 7.2111 12.8062 16.2788 6.4031 27.5862 22.2036 11.1803 14.0357 5.831 15.5242 11.4018 20.6155 13.1529 31.3847 12.0416 33.7343 31.0644 32.5576 32.0624 14.8661 21.9545 17.6918 20.8087 16.4012 10.6301 10.2956 7.8102 19.2354 20.6155 24.1868 15.8114 0.0 23.7697 
25.2389 26.9072 29.7321 11.3137 9.8489 25.5539 6.7082 28.4429 20.8087 20.2485 21.4009 28.0713 12.7279 25.4951 31.1448 19.4165 35.3836 23.4307 17.2627 11.4018 22.1359 23.1948 19.4165 26.3059 18.0278 12.2066 27.4591 3.6056 9.4868 27.8568 9.0554 15.0333 19.105 21.2603 15.2643 39.6232 3.1623 15.6525 23.7697 0.0 
